0 0.457031 0.160156 0.031250 0.031250
0 0.472656 0.923828 0.023438 0.023438
0 0.951172 0.041016 0.035156 0.035156
0 0.197266 0.724609 0.035156 0.035156
0 0.753906 0.382812 0.031250 0.031250
0 0.660156 0.099609 0.035156 0.035156
0 0.794922 0.457031 0.023438 0.023438
0 0.427734 0.355469 0.023438 0.023438
0 0.767578 0.666016 0.027344 0.027344
0 0.513672 0.462891 0.035156 0.035156
0 0.919922 0.462891 0.035156 0.035156
0 0.666016 0.791016 0.031250 0.031250
0 0.808594 0.216797 0.031250 0.031250
0 0.791016 0.052734 0.035156 0.035156
0 0.576172 0.828125 0.027344 0.027344
0 0.031250 0.974609 0.027344 0.027344
0 0.070312 0.699219 0.027344 0.027344
0 0.529297 0.115234 0.031250 0.031250
0 0.216797 0.230469 0.031250 0.031250
0 0.185547 0.439453 0.035156 0.035156
0 0.546875 0.201172 0.031250 0.031250
0 0.865234 0.933594 0.027344 0.027344
0 0.867188 0.695312 0.023438 0.023438
0 0.296875 0.410156 0.031250 0.031250
0 0.425781 0.033203 0.035156 0.035156
0 0.455078 0.806641 0.027344 0.027344
0 0.322266 0.544922 0.023438 0.023438
0 0.207031 0.548828 0.031250 0.031250
0 0.654297 0.742188 0.035156 0.035156
0 0.253906 0.132812 0.031250 0.031250
1 0.265625 0.689453 0.052288 0.043446
1 0.146484 0.347656 0.012410 0.051223
1 0.955078 0.126953 0.027814 0.033828
1 0.388672 0.500000 0.033430 0.032851
1 0.285156 0.597656 0.043983 0.041526
1 0.388672 0.417969 0.049206 0.031256
1 0.767578 0.308594 0.026855 0.054476
1 0.242188 0.720703 0.053287 0.013420
1 0.175781 0.039062 0.045973 0.030629
1 0.294922 0.636719 0.043133 0.010514
1 0.292969 0.906250 0.019543 0.040259
1 0.611328 0.671875 0.039234 0.021669
1 0.263672 0.437500 0.053613 0.017895
1 0.462891 0.443359 0.030383 0.030383
1 0.705078 0.621094 0.056363 0.027360
1 0.351562 0.041016 0.032179 0.031311
1 0.830078 0.132812 0.016227 0.037973
1 0.855469 0.025391 0.041065 0.046839
1 0.279297 0.484375 0.025074 0.041375
1 0.402344 0.542969 0.053287 0.013420