0 0.191406 0.458984 0.031250 0.031250
0 0.330078 0.824219 0.027344 0.027344
0 0.369141 0.833984 0.023438 0.023438
0 0.826172 0.490234 0.027344 0.027344
0 0.632812 0.611328 0.035156 0.035156
0 0.357422 0.201172 0.027344 0.027344
0 0.308594 0.271484 0.023438 0.023438
0 0.429688 0.666016 0.027344 0.027344
0 0.394531 0.927734 0.035156 0.035156
0 0.837891 0.937500 0.035156 0.035156
0 0.728516 0.550781 0.035156 0.035156
0 0.662109 0.980469 0.027344 0.027344
0 0.761719 0.681641 0.027344 0.027344
0 0.763672 0.400391 0.027344 0.027344
0 0.179688 0.253906 0.027344 0.027344
0 0.363281 0.240234 0.023438 0.023438
0 0.546875 0.902344 0.035156 0.035156
0 0.554688 0.361328 0.023438 0.023438
0 0.388672 0.605469 0.031250 0.031250
0 0.921875 0.439453 0.031250 0.031250
0 0.449219 0.599609 0.035156 0.035156
0 0.376953 0.574219 0.035156 0.035156
0 0.601562 0.925781 0.027344 0.027344
0 0.849609 0.736328 0.035156 0.035156
0 0.666016 0.703125 0.035156 0.035156
0 0.595703 0.232422 0.031250 0.031250
0 0.876953 0.371094 0.035156 0.035156
0 0.046875 0.621094 0.035156 0.035156
0 0.703125 0.142578 0.023438 0.023438
0 0.919922 0.087891 0.031250 0.031250
1 0.398438 0.703125 0.041573 0.013849
1 0.556641 0.224609 0.025645 0.041385
1 0.728516 0.466797 0.023647 0.046412
1 0.447266 0.093750 0.047295 0.043634
1 0.181641 0.541016 0.049755 0.017284
1 0.509766 0.945312 0.032803 0.033478
1 0.679688 0.189453 0.022139 0.033374
1 0.425781 0.281250 0.029889 0.024146
1 0.806641 0.201172 0.030020 0.023807
1 0.412109 0.279297 0.035897 0.024663
1 0.406250 0.490234 0.053670 0.017167
1 0.867188 0.849609 0.044194 0.044194
1 0.609375 0.166016 0.030467 0.037318
1 0.771484 0.281250 0.037845 0.029940
1 0.511719 0.205078 0.025583 0.053171
1 0.732422 0.330078 0.030370 0.052147
1 0.871094 0.140625 0.020922 0.055523
1 0.337891 0.251953 0.034327 0.037216
1 0.261719 0.222656 0.042125 0.017412
1 0.416016 0.509766 0.020075 0.046333