0 0.853516 0.654297 0.023438 0.023438
0 0.376953 0.521484 0.031250 0.031250
0 0.855469 0.294922 0.027344 0.027344
0 0.859375 0.386719 0.035156 0.035156
0 0.105469 0.607422 0.035156 0.035156
0 0.435547 0.589844 0.023438 0.023438
0 0.857422 0.441406 0.027344 0.027344
0 0.162109 0.455078 0.031250 0.031250
0 0.357422 0.351562 0.035156 0.035156
0 0.250000 0.923828 0.023438 0.023438
0 0.093750 0.781250 0.031250 0.031250
0 0.328125 0.818359 0.023438 0.023438
0 0.347656 0.363281 0.023438 0.023438
0 0.460938 0.685547 0.023438 0.023438
0 0.074219 0.328125 0.031250 0.031250
0 0.451172 0.933594 0.031250 0.031250
0 0.859375 0.660156 0.035156 0.035156
0 0.318359 0.537109 0.023438 0.023438
0 0.308594 0.599609 0.027344 0.027344
0 0.685547 0.275391 0.023438 0.023438
0 0.482422 0.791016 0.035156 0.035156
0 0.371094 0.242188 0.027344 0.027344
0 0.324219 0.316406 0.023438 0.023438
0 0.644531 0.632812 0.035156 0.035156
0 0.943359 0.562500 0.035156 0.035156
0 0.548828 0.656250 0.035156 0.035156
0 0.337891 0.562500 0.031250 0.031250
0 0.373047 0.886719 0.031250 0.031250
0 0.941406 0.642578 0.031250 0.031250
0 0.306641 0.392578 0.027344 0.027344
1 0.939453 0.162109 0.055189 0.033607
1 0.371094 0.041016 0.034182 0.028565
1 0.179688 0.625000 0.046463 0.044632
1 0.871094 0.689453 0.039958 0.030017
1 0.875000 0.289062 0.044539 0.040878
1 0.222656 0.281250 0.049984 0.018400
1 0.708984 0.941406 0.015202 0.030507
1 0.695312 0.544922 0.041432 0.041432
1 0.082031 0.539062 0.037308 0.012365
1 0.826172 0.861328 0.033490 0.025472
1 0.863281 0.167969 0.033953 0.055682
1 0.763672 0.781250 0.018160 0.034783
1 0.076172 0.484375 0.035860 0.041057
1 0.107422 0.548828 0.032066 0.023692
1 0.929688 0.021484 0.045960 0.018158
1 0.123047 0.474609 0.041908 0.040944
1 0.753906 0.896484 0.016463 0.032698
1 0.322266 0.625000 0.034041 0.023535
1 0.646484 0.460938 0.036024 0.028568
1 0.408203 0.611328 0.014959 0.037564