0 0.166016 0.603516 0.035156 0.035156
0 0.033203 0.966797 0.035156 0.035156
0 0.501953 0.675781 0.027344 0.027344
0 0.451172 0.107422 0.027344 0.027344
0 0.355469 0.380859 0.035156 0.035156
0 0.683594 0.625000 0.031250 0.031250
0 0.619141 0.683594 0.027344 0.027344
0 0.728516 0.623047 0.023438 0.023438
0 0.613281 0.820312 0.023438 0.023438
0 0.400391 0.074219 0.035156 0.035156
0 0.375000 0.951172 0.035156 0.035156
0 0.845703 0.205078 0.023438 0.023438
0 0.794922 0.373047 0.031250 0.031250
0 0.615234 0.962891 0.031250 0.031250
0 0.052734 0.236328 0.031250 0.031250
0 0.687500 0.875000 0.027344 0.027344
0 0.210938 0.662109 0.023438 0.023438
0 0.365234 0.212891 0.023438 0.023438
0 0.884766 0.589844 0.027344 0.027344
0 0.511719 0.882812 0.035156 0.035156
0 0.814453 0.873047 0.031250 0.031250
0 0.880859 0.429688 0.035156 0.035156
0 0.689453 0.935547 0.031250 0.031250
0 0.324219 0.470703 0.035156 0.035156
0 0.662109 0.189453 0.035156 0.035156
0 0.818359 0.763672 0.023438 0.023438
0 0.892578 0.599609 0.035156 0.035156
0 0.978516 0.714844 0.023438 0.023438
0 0.544922 0.023438 0.031250 0.031250
0 0.142578 0.429688 0.023438 0.023438
1 0.244141 0.761719 0.030643 0.015682
1 0.572266 0.097656 0.037585 0.049180
1 0.693359 0.535156 0.037342 0.014317
1 0.369141 0.744141 0.044722 0.048961
1 0.197266 0.351562 0.018400 0.049984
1 0.949219 0.214844 0.035803 0.023263
1 0.708984 0.156250 0.035721 0.013543
1 0.556641 0.384766 0.048253 0.024912
1 0.960938 0.367188 0.028565 0.034182
1 0.888672 0.591797 0.014667 0.057176
1 0.138672 0.369141 0.021769 0.045873
1 0.882812 0.390625 0.047826 0.016978
1 0.638672 0.250000 0.032088 0.034112
1 0.535156 0.185547 0.034308 0.044322
1 0.199219 0.972656 0.053220 0.037492
1 0.929688 0.478516 0.045053 0.027544
1 0.654297 0.730469 0.035531 0.050232
1 0.074219 0.494141 0.034995 0.049531
1 0.669922 0.960938 0.037342 0.014317
1 0.310547 0.542969 0.015451 0.038180