0 0.542969 0.115234 0.031250 0.031250
0 0.621094 0.294922 0.027344 0.027344
0 0.878906 0.591797 0.031250 0.031250
0 0.542969 0.113281 0.023438 0.023438
0 0.458984 0.513672 0.031250 0.031250
0 0.373047 0.552734 0.023438 0.023438
0 0.039062 0.494141 0.035156 0.035156
0 0.783203 0.562500 0.023438 0.023438
0 0.849609 0.386719 0.035156 0.035156
0 0.408203 0.880859 0.027344 0.027344
0 0.574219 0.669922 0.027344 0.027344
0 0.054688 0.285156 0.031250 0.031250
0 0.388672 0.578125 0.027344 0.027344
0 0.796875 0.804688 0.031250 0.031250
0 0.130859 0.593750 0.031250 0.031250
0 0.212891 0.060547 0.023438 0.023438
0 0.181641 0.839844 0.031250 0.031250
0 0.554688 0.730469 0.027344 0.027344
0 0.390625 0.773438 0.023438 0.023438
0 0.044922 0.271484 0.035156 0.035156
0 0.521484 0.630859 0.031250 0.031250
0 0.171875 0.185547 0.027344 0.027344
0 0.906250 0.607422 0.023438 0.023438
0 0.835938 0.511719 0.035156 0.035156
0 0.242188 0.580078 0.031250 0.031250
0 0.082031 0.632812 0.035156 0.035156
0 0.414062 0.318359 0.031250 0.031250
0 0.099609 0.701172 0.023438 0.023438
0 0.884766 0.347656 0.035156 0.035156
0 0.689453 0.074219 0.035156 0.035156
1 0.427734 0.169922 0.027739 0.047961
1 0.607422 0.750000 0.048654 0.037469
1 0.179688 0.646484 0.047954 0.017344
1 0.068359 0.035156 0.033638 0.025059
1 0.791016 0.335938 0.031308 0.037074
1 0.853516 0.367188 0.023371 0.039440
1 0.595703 0.882812 0.035362 0.056045
1 0.210938 0.046875 0.017521 0.032713
1 0.507812 0.779297 0.028568 0.036024
1 0.363281 0.453125 0.040124 0.045033
1 0.052734 0.632812 0.044489 0.037757
1 0.638672 0.164062 0.046269 0.034784
1 0.335938 0.753906 0.017380 0.038486
1 0.179688 0.673828 0.049663 0.017045
1 0.851562 0.501953 0.025005 0.036883
1 0.857422 0.130859 0.037592 0.027700
1 0.138672 0.740234 0.043313 0.042300
1 0.376953 0.326172 0.023923 0.053383
1 0.828125 0.089844 0.012433 0.041214
1 0.078125 0.628906 0.022377 0.030452