0 0.466797 0.134766 0.035156 0.035156
0 0.199219 0.851562 0.031250 0.031250
0 0.191406 0.511719 0.031250 0.031250
0 0.132812 0.708984 0.023438 0.023438
0 0.058594 0.542969 0.031250 0.031250
0 0.769531 0.119141 0.027344 0.027344
0 0.218750 0.675781 0.023438 0.023438
0 0.404297 0.791016 0.031250 0.031250
0 0.966797 0.962891 0.035156 0.035156
0 0.746094 0.708984 0.031250 0.031250
0 0.318359 0.960938 0.023438 0.023438
0 0.386719 0.357422 0.031250 0.031250
0 0.236328 0.175781 0.027344 0.027344
0 0.208984 0.011719 0.023438 0.023438
0 0.453125 0.693359 0.031250 0.031250
0 0.738281 0.509766 0.035156 0.035156
0 0.820312 0.349609 0.031250 0.031250
0 0.550781 0.298828 0.031250 0.031250
0 0.287109 0.107422 0.035156 0.035156
0 0.503906 0.816406 0.035156 0.035156
0 0.730469 0.291016 0.031250 0.031250
0 0.976562 0.759766 0.027344 0.027344
0 0.730469 0.921875 0.035156 0.035156
0 0.128906 0.859375 0.023438 0.023438
0 0.021484 0.875000 0.031250 0.031250
0 0.464844 0.921875 0.031250 0.031250
0 0.585938 0.271484 0.023438 0.023438
0 0.103516 0.962891 0.027344 0.027344
0 0.201172 0.580078 0.027344 0.027344
0 0.980469 0.808594 0.023438 0.023438
1 0.845703 0.517578 0.037852 0.041945
1 0.580078 0.470703 0.056065 0.031552
1 0.441406 0.171875 0.055508 0.017453
1 0.269531 0.044922 0.053852 0.018944
1 0.335938 0.033203 0.041687 0.024419
1 0.597656 0.644531 0.022032 0.040779
1 0.546875 0.349609 0.036156 0.055787
1 0.359375 0.753906 0.039143 0.031103
1 0.199219 0.830078 0.034683 0.047626
1 0.191406 0.015625 0.040047 0.022537
1 0.136719 0.595703 0.033364 0.022572
1 0.158203 0.435547 0.041040 0.041811
1 0.695312 0.957031 0.041997 0.037666
1 0.787109 0.804688 0.032912 0.017466
1 0.439453 0.705078 0.033122 0.044927
1 0.187500 0.503906 0.031215 0.032275
1 0.101562 0.490234 0.055397 0.029716
1 0.634766 0.109375 0.025708 0.044385
1 0.160156 0.923828 0.041442 0.025604
1 0.453125 0.345703 0.036726 0.034991