0 0.759766 0.738281 0.027344 0.027344
0 0.757812 0.816406 0.027344 0.027344
0 0.365234 0.828125 0.031250 0.031250
0 0.218750 0.396484 0.027344 0.027344
0 0.134766 0.171875 0.023438 0.023438
0 0.484375 0.380859 0.035156 0.035156
0 0.419922 0.494141 0.035156 0.035156
0 0.562500 0.951172 0.027344 0.027344
0 0.783203 0.791016 0.023438 0.023438
0 0.382812 0.568359 0.023438 0.023438
0 0.875000 0.406250 0.023438 0.023438
0 0.732422 0.085938 0.035156 0.035156
0 0.324219 0.875000 0.023438 0.023438
0 0.402344 0.724609 0.031250 0.031250
0 0.164062 0.062500 0.023438 0.023438
0 0.978516 0.869141 0.035156 0.035156
0 0.888672 0.757812 0.023438 0.023438
0 0.921875 0.681641 0.035156 0.035156
0 0.861328 0.587891 0.031250 0.031250
0 0.574219 0.228516 0.027344 0.027344
0 0.609375 0.916016 0.035156 0.035156
0 0.542969 0.068359 0.027344 0.027344
0 0.955078 0.142578 0.031250 0.031250
0 0.070312 0.492188 0.027344 0.027344
0 0.460938 0.595703 0.035156 0.035156
0 0.820312 0.853516 0.023438 0.023438
0 0.158203 0.226562 0.027344 0.027344
0 0.214844 0.687500 0.035156 0.035156
0 0.017578 0.283203 0.027344 0.027344
0 0.945312 0.533203 0.035156 0.035156
1 0.826172 0.275391 0.022738 0.050540
1 0.554688 0.541016 0.031525 0.039199
1 0.250000 0.244141 0.045697 0.014408
1 0.425781 0.294922 0.056045 0.035362
1 0.921875 0.498047 0.015534 0.038131
1 0.152344 0.015625 0.016498 0.036445
1 0.789062 0.160156 0.014228 0.030207
1 0.861328 0.457031 0.052746 0.032907
1 0.210938 0.451172 0.020698 0.053968
1 0.681641 0.583984 0.024470 0.039518
1 0.322266 0.208984 0.035214 0.054595
1 0.142578 0.269531 0.055470 0.016358
1 0.921875 0.220703 0.012963 0.037819
1 0.119141 0.476562 0.031551 0.021439
1 0.830078 0.050781 0.024341 0.046385
1 0.617188 0.220703 0.034297 0.052871
1 0.531250 0.599609 0.044489 0.037569
1 0.390625 0.917969 0.030629 0.051323
1 0.177734 0.445312 0.047697 0.031546
1 0.191406 0.810547 0.028493 0.054427