0 0.191406 0.560547 0.031250 0.031250
0 0.033203 0.652344 0.031250 0.031250
0 0.906250 0.433594 0.023438 0.023438
0 0.328125 0.490234 0.035156 0.035156
0 0.511719 0.421875 0.035156 0.035156
0 0.595703 0.070312 0.023438 0.023438
0 0.542969 0.240234 0.031250 0.031250
0 0.931641 0.267578 0.035156 0.035156
0 0.269531 0.687500 0.031250 0.031250
0 0.839844 0.980469 0.031250 0.031250
0 0.166016 0.214844 0.023438 0.023438
0 0.746094 0.187500 0.027344 0.027344
0 0.695312 0.115234 0.035156 0.035156
0 0.373047 0.757812 0.027344 0.027344
0 0.310547 0.300781 0.035156 0.035156
0 0.376953 0.417969 0.035156 0.035156
0 0.857422 0.380859 0.031250 0.031250
0 0.248047 0.615234 0.023438 0.023438
0 0.333984 0.724609 0.023438 0.023438
0 0.232422 0.800781 0.023438 0.023438
0 0.511719 0.195312 0.027344 0.027344
0 0.958984 0.466797 0.023438 0.023438
0 0.654297 0.335938 0.031250 0.031250
0 0.529297 0.873047 0.023438 0.023438
0 0.091797 0.166016 0.023438 0.023438
0 0.480469 0.316406 0.023438 0.023438
0 0.261719 0.035156 0.023438 0.023438
0 0.224609 0.273438 0.035156 0.035156
0 0.939453 0.150391 0.027344 0.027344
0 0.548828 0.423828 0.023438 0.023438
1 0.533203 0.115234 0.034914 0.018366
1 0.955078 0.691406 0.034182 0.028565
1 0.279297 0.248047 0.032642 0.051420
1 0.652344 0.345703 0.041214 0.012433
1 0.441406 0.589844 0.030881 0.018341
1 0.708984 0.310547 0.045010 0.027193
1 0.408203 0.296875 0.035926 0.032750
1 0.453125 0.699219 0.023452 0.048311
1 0.757812 0.972656 0.032368 0.022476
1 0.712891 0.689453 0.032750 0.035926
1 0.345703 0.783203 0.053465 0.023082
1 0.568359 0.390625 0.052931 0.012637
1 0.214844 0.582031 0.017521 0.032713
1 0.781250 0.974609 0.035208 0.038961
1 0.458984 0.658203 0.031446 0.032073
1 0.267578 0.466797 0.054688 0.009766
1 0.679688 0.332031 0.019398 0.042160
1 0.373047 0.566406 0.022257 0.057386
1 0.421875 0.683594 0.036318 0.015722
1 0.265625 0.503906 0.026532 0.037191