0 0.810547 0.273438 0.027344 0.027344
0 0.042969 0.511719 0.027344 0.027344
0 0.072266 0.322266 0.035156 0.035156
0 0.394531 0.849609 0.023438 0.023438
0 0.742188 0.941406 0.023438 0.023438
0 0.609375 0.707031 0.023438 0.023438
0 0.898438 0.576172 0.031250 0.031250
0 0.406250 0.888672 0.035156 0.035156
0 0.259766 0.197266 0.035156 0.035156
0 0.953125 0.667969 0.035156 0.035156
0 0.261719 0.781250 0.027344 0.027344
0 0.044922 0.255859 0.031250 0.031250
0 0.277344 0.906250 0.031250 0.031250
0 0.382812 0.093750 0.027344 0.027344
0 0.898438 0.703125 0.031250 0.031250
0 0.457031 0.638672 0.031250 0.031250
0 0.210938 0.412109 0.031250 0.031250
0 0.798828 0.208984 0.027344 0.027344
0 0.380859 0.595703 0.027344 0.027344
0 0.648438 0.585938 0.035156 0.035156
0 0.255859 0.220703 0.023438 0.023438
0 0.083984 0.230469 0.031250 0.031250
0 0.234375 0.832031 0.035156 0.035156
0 0.636719 0.046875 0.035156 0.035156
0 0.207031 0.056641 0.027344 0.027344
0 0.439453 0.949219 0.035156 0.035156
0 0.941406 0.046875 0.031250 0.031250
0 0.216797 0.835938 0.035156 0.035156
0 0.972656 0.851562 0.023438 0.023438
0 0.400391 0.703125 0.027344 0.027344
1 0.406250 0.089844 0.029521 0.057370
1 0.830078 0.658203 0.056236 0.029902
1 0.722656 0.455078 0.031392 0.053121
1 0.257812 0.951172 0.046391 0.038181
1 0.623047 0.912109 0.036561 0.035211
1 0.349609 0.474609 0.040503 0.033157
1 0.523438 0.712891 0.050151 0.030312
1 0.650391 0.886719 0.034579 0.017508
1 0.388672 0.367188 0.032066 0.023692
1 0.787109 0.554688 0.028175 0.040125
1 0.363281 0.912109 0.015633 0.057351
1 0.271484 0.029297 0.045626 0.050681
1 0.546875 0.869141 0.028780 0.043895
1 0.660156 0.441406 0.017378 0.032683
1 0.896484 0.126953 0.024448 0.043195
1 0.357422 0.310547 0.030268 0.042858
1 0.083984 0.935547 0.045346 0.030836
1 0.421875 0.720703 0.034160 0.034883
1 0.072266 0.273438 0.038278 0.039050
1 0.894531 0.125000 0.014556 0.051012