0 0.753906 0.087891 0.035156 0.035156
0 0.556641 0.513672 0.027344 0.027344
0 0.800781 0.175781 0.035156 0.035156
0 0.144531 0.519531 0.023438 0.023438
0 0.582031 0.246094 0.023438 0.023438
0 0.683594 0.070312 0.027344 0.027344
0 0.082031 0.730469 0.023438 0.023438
0 0.425781 0.388672 0.023438 0.023438
0 0.603516 0.271484 0.031250 0.031250
0 0.414062 0.511719 0.023438 0.023438
0 0.837891 0.462891 0.023438 0.023438
0 0.630859 0.845703 0.023438 0.023438
0 0.554688 0.972656 0.031250 0.031250
0 0.351562 0.892578 0.027344 0.027344
0 0.949219 0.275391 0.027344 0.027344
0 0.486328 0.185547 0.031250 0.031250
0 0.210938 0.324219 0.027344 0.027344
0 0.843750 0.337891 0.027344 0.027344
0 0.640625 0.242188 0.027344 0.027344
0 0.353516 0.812500 0.023438 0.023438
0 0.640625 0.105469 0.027344 0.027344
0 0.695312 0.619141 0.031250 0.031250
0 0.775391 0.066406 0.023438 0.023438
0 0.917969 0.533203 0.023438 0.023438
0 0.048828 0.214844 0.023438 0.023438
0 0.640625 0.412109 0.035156 0.035156
0 0.554688 0.660156 0.031250 0.031250
0 0.625000 0.119141 0.031250 0.031250
0 0.052734 0.441406 0.027344 0.027344
0 0.136719 0.666016 0.023438 0.023438
1 0.625000 0.093750 0.013557 0.055235
1 0.570312 0.900391 0.054516 0.033733
1 0.333984 0.216797 0.022002 0.030537
1 0.824219 0.541016 0.011719 0.052734
1 0.109375 0.958984 0.055029 0.026187
1 0.162109 0.318359 0.048661 0.029562
1 0.509766 0.878906 0.025623 0.056361
1 0.699219 0.232422 0.012001 0.043421
1 0.558594 0.722656 0.042038 0.048433
1 0.054688 0.193359 0.031038 0.049923
1 0.785156 0.044922 0.041364 0.049107
1 0.150391 0.917969 0.027921 0.052560
1 0.955078 0.322266 0.034112 0.032088
1 0.853516 0.628906 0.050799 0.038677
1 0.228516 0.062500 0.044370 0.049185
1 0.660156 0.738281 0.024939 0.040668
1 0.314453 0.537109 0.020247 0.040843
1 0.724609 0.408203 0.040372 0.032294
1 0.292969 0.933594 0.051609 0.016100
1 0.535156 0.328125 0.031755 0.049680