0 0.916016 0.478516 0.035156 0.035156
0 0.603516 0.652344 0.035156 0.035156
0 0.363281 0.037109 0.023438 0.023438
0 0.029297 0.603516 0.027344 0.027344
0 0.597656 0.531250 0.031250 0.031250
0 0.521484 0.847656 0.027344 0.027344
0 0.355469 0.060547 0.031250 0.031250
0 0.382812 0.773438 0.027344 0.027344
0 0.525391 0.720703 0.023438 0.023438
0 0.488281 0.083984 0.031250 0.031250
0 0.160156 0.066406 0.031250 0.031250
0 0.425781 0.802734 0.023438 0.023438
0 0.689453 0.117188 0.031250 0.031250
0 0.074219 0.818359 0.035156 0.035156
0 0.363281 0.742188 0.035156 0.035156
0 0.929688 0.755859 0.027344 0.027344
0 0.742188 0.365234 0.027344 0.027344
0 0.714844 0.019531 0.031250 0.031250
0 0.958984 0.039062 0.023438 0.023438
0 0.197266 0.515625 0.027344 0.027344
0 0.964844 0.779297 0.035156 0.035156
0 0.599609 0.777344 0.027344 0.027344
0 0.365234 0.228516 0.035156 0.035156
0 0.697266 0.253906 0.027344 0.027344
0 0.634766 0.431641 0.031250 0.031250
0 0.714844 0.214844 0.023438 0.023438
0 0.589844 0.798828 0.027344 0.027344
0 0.628906 0.132812 0.023438 0.023438
0 0.523438 0.251953 0.027344 0.027344
0 0.630859 0.966797 0.023438 0.023438
1 0.880859 0.441406 0.028809 0.033553
1 0.419922 0.654297 0.031231 0.029305
1 0.814453 0.312500 0.033275 0.023828
1 0.482422 0.316406 0.036543 0.037989
1 0.306641 0.365234 0.034108 0.024795
1 0.939453 0.908203 0.051159 0.013484
1 0.412109 0.294922 0.053736 0.033939
1 0.345703 0.271484 0.013416 0.049207
1 0.886719 0.949219 0.030179 0.015682
1 0.031250 0.119141 0.033410 0.019870
1 0.722656 0.472656 0.019213 0.050060
1 0.453125 0.189453 0.013984 0.049493
1 0.855469 0.416016 0.039234 0.021669
1 0.494141 0.419922 0.023692 0.032066
1 0.630859 0.013672 0.023199 0.042650
1 0.382812 0.871094 0.055146 0.036262
1 0.152344 0.712891 0.034011 0.026743
1 0.884766 0.367188 0.053530 0.022233
1 0.927734 0.890625 0.024797 0.031231
1 0.078125 0.039062 0.035699 0.029374