0 0.039062 0.732422 0.031250 0.031250
0 0.021484 0.455078 0.031250 0.031250
0 0.027344 0.617188 0.023438 0.023438
0 0.025391 0.203125 0.023438 0.023438
0 0.593750 0.054688 0.035156 0.035156
0 0.576172 0.205078 0.027344 0.027344
0 0.015625 0.318359 0.031250 0.031250
0 0.978516 0.691406 0.027344 0.027344
0 0.128906 0.873047 0.035156 0.035156
0 0.796875 0.869141 0.035156 0.035156
0 0.160156 0.626953 0.023438 0.023438
0 0.726562 0.832031 0.031250 0.031250
0 0.619141 0.050781 0.023438 0.023438
0 0.587891 0.970703 0.027344 0.027344
0 0.888672 0.601562 0.023438 0.023438
0 0.871094 0.441406 0.035156 0.035156
0 0.017578 0.126953 0.035156 0.035156
0 0.281250 0.919922 0.023438 0.023438
0 0.031250 0.205078 0.027344 0.027344
0 0.222656 0.447266 0.027344 0.027344
0 0.642578 0.603516 0.031250 0.031250
0 0.693359 0.537109 0.023438 0.023438
0 0.654297 0.017578 0.035156 0.035156
0 0.533203 0.933594 0.031250 0.031250
0 0.613281 0.103516 0.035156 0.035156
0 0.062500 0.382812 0.027344 0.027344
0 0.447266 0.894531 0.027344 0.027344
0 0.210938 0.986328 0.023438 0.023438
0 0.683594 0.419922 0.035156 0.035156
0 0.132812 0.105469 0.023438 0.023438
1 0.912109 0.275391 0.037496 0.013007
1 0.933594 0.482422 0.050435 0.046004
1 0.205078 0.150391 0.035199 0.021406
1 0.386719 0.884766 0.032393 0.014534
1 0.681641 0.375000 0.028824 0.050619
1 0.892578 0.140625 0.040645 0.019584
1 0.615234 0.921875 0.017884 0.042220
1 0.503906 0.361328 0.031593 0.041355
1 0.134766 0.324219 0.013007 0.037496
1 0.113281 0.537109 0.055261 0.024461
1 0.824219 0.902344 0.035502 0.028820
1 0.347656 0.832031 0.036009 0.043313
1 0.736328 0.626953 0.026322 0.037704
1 0.580078 0.623047 0.029285 0.036000
1 0.388672 0.714844 0.027533 0.034368
1 0.501953 0.023438 0.014408 0.045697
1 0.210938 0.181641 0.051059 0.026545
1 0.044922 0.675781 0.032577 0.015954
1 0.794922 0.228516 0.039649 0.012467
1 0.330078 0.263672 0.039790 0.042873