0 0.314453 0.119141 0.023438 0.023438
0 0.712891 0.607422 0.023438 0.023438
0 0.728516 0.623047 0.035156 0.035156
0 0.666016 0.869141 0.031250 0.031250
0 0.591797 0.931641 0.027344 0.027344
0 0.884766 0.544922 0.031250 0.031250
0 0.384766 0.980469 0.031250 0.031250
0 0.802734 0.548828 0.027344 0.027344
0 0.443359 0.642578 0.035156 0.035156
0 0.082031 0.318359 0.027344 0.027344
0 0.449219 0.980469 0.031250 0.031250
0 0.886719 0.894531 0.031250 0.031250
0 0.357422 0.679688 0.027344 0.027344
0 0.835938 0.751953 0.027344 0.027344
0 0.373047 0.757812 0.031250 0.031250
0 0.216797 0.863281 0.031250 0.031250
0 0.191406 0.183594 0.023438 0.023438
0 0.738281 0.822266 0.027344 0.027344
0 0.232422 0.927734 0.035156 0.035156
0 0.740234 0.949219 0.027344 0.027344
0 0.150391 0.292969 0.035156 0.035156
0 0.421875 0.226562 0.027344 0.027344
0 0.298828 0.261719 0.035156 0.035156
0 0.353516 0.292969 0.035156 0.035156
0 0.826172 0.041016 0.023438 0.023438
0 0.019531 0.671875 0.031250 0.031250
0 0.345703 0.164062 0.031250 0.031250
0 0.501953 0.585938 0.023438 0.023438
0 0.771484 0.830078 0.023438 0.023438
0 0.542969 0.808594 0.035156 0.035156
1 0.216797 0.199219 0.015383 0.034394
1 0.806641 0.091797 0.035926 0.032750
1 0.666016 0.316406 0.035366 0.043519
1 0.708984 0.593750 0.015167 0.045777
1 0.791016 0.458984 0.033771 0.013440
1 0.300781 0.494141 0.057777 0.020435
1 0.226562 0.826172 0.028795 0.042524
1 0.517578 0.832031 0.010719 0.054850
1 0.427734 0.951172 0.021288 0.049740
1 0.605469 0.708984 0.038720 0.032005
1 0.175781 0.916016 0.031712 0.028823
1 0.667969 0.546875 0.019398 0.042160
1 0.283203 0.341797 0.038316 0.041591
1 0.751953 0.451172 0.015902 0.043625
1 0.363281 0.451172 0.026230 0.042419
1 0.582031 0.056641 0.050857 0.034107
1 0.912109 0.076172 0.034995 0.049531
1 0.335938 0.533203 0.056295 0.029064
1 0.802734 0.500000 0.020698 0.053968
1 0.498047 0.291016 0.054705 0.037746