0 0.369141 0.601562 0.027344 0.027344
0 0.951172 0.535156 0.023438 0.023438
0 0.451172 0.777344 0.035156 0.035156
0 0.214844 0.355469 0.023438 0.023438
0 0.570312 0.796875 0.031250 0.031250
0 0.660156 0.095703 0.023438 0.023438
0 0.976562 0.541016 0.027344 0.027344
0 0.398438 0.919922 0.031250 0.031250
0 0.742188 0.818359 0.027344 0.027344
0 0.421875 0.982422 0.027344 0.027344
0 0.425781 0.041016 0.027344 0.027344
0 0.660156 0.318359 0.035156 0.035156
0 0.248047 0.386719 0.031250 0.031250
0 0.777344 0.285156 0.027344 0.027344
0 0.099609 0.677734 0.027344 0.027344
0 0.548828 0.529297 0.027344 0.027344
0 0.816406 0.582031 0.023438 0.023438
0 0.560547 0.476562 0.031250 0.031250
0 0.429688 0.515625 0.035156 0.035156
0 0.451172 0.878906 0.023438 0.023438
0 0.816406 0.244141 0.023438 0.023438
0 0.341797 0.974609 0.027344 0.027344
0 0.832031 0.134766 0.031250 0.031250
0 0.388672 0.041016 0.027344 0.027344
0 0.652344 0.607422 0.035156 0.035156
0 0.820312 0.035156 0.035156 0.035156
0 0.642578 0.160156 0.035156 0.035156
0 0.152344 0.878906 0.035156 0.035156
0 0.740234 0.083984 0.027344 0.027344
0 0.421875 0.320312 0.023438 0.023438
1 0.335938 0.697266 0.034297 0.052871
1 0.765625 0.980469 0.034803 0.027338
1 0.589844 0.373047 0.034297 0.052871
1 0.533203 0.587891 0.028809 0.033553
1 0.587891 0.462891 0.031722 0.047086
1 0.421875 0.541016 0.026035 0.035329
1 0.718750 0.730469 0.030542 0.035255
1 0.771484 0.603516 0.053629 0.019648
1 0.158203 0.687500 0.050779 0.032794
1 0.925781 0.796875 0.034208 0.034835
1 0.517578 0.113281 0.038670 0.038670
1 0.066406 0.962891 0.047487 0.043441
1 0.242188 0.599609 0.054425 0.024337
1 0.775391 0.970703 0.037757 0.044489
1 0.570312 0.595703 0.032170 0.027849
1 0.191406 0.689453 0.046584 0.034157
1 0.296875 0.457031 0.053859 0.044353
1 0.568359 0.242188 0.029764 0.035520
1 0.337891 0.037109 0.047224 0.040304
1 0.796875 0.388672 0.034327 0.037216