0 0.736328 0.785156 0.023438 0.023438
0 0.113281 0.779297 0.027344 0.027344
0 0.333984 0.398438 0.035156 0.035156
0 0.832031 0.654297 0.031250 0.031250
0 0.095703 0.966797 0.023438 0.023438
0 0.343750 0.789062 0.035156 0.035156
0 0.507812 0.537109 0.035156 0.035156
0 0.900391 0.306641 0.027344 0.027344
0 0.119141 0.253906 0.027344 0.027344
0 0.525391 0.042969 0.027344 0.027344
0 0.144531 0.044922 0.035156 0.035156
0 0.425781 0.152344 0.023438 0.023438
0 0.031250 0.162109 0.023438 0.023438
0 0.236328 0.324219 0.023438 0.023438
0 0.933594 0.097656 0.035156 0.035156
0 0.509766 0.367188 0.027344 0.027344
0 0.658203 0.787109 0.023438 0.023438
0 0.906250 0.060547 0.031250 0.031250
0 0.841797 0.298828 0.023438 0.023438
0 0.152344 0.769531 0.035156 0.035156
0 0.958984 0.542969 0.027344 0.027344
0 0.650391 0.232422 0.035156 0.035156
0 0.978516 0.888672 0.035156 0.035156
0 0.623047 0.167969 0.027344 0.027344
0 0.544922 0.363281 0.023438 0.023438
0 0.058594 0.066406 0.023438 0.023438
0 0.417969 0.662109 0.027344 0.027344
0 0.136719 0.853516 0.035156 0.035156
0 0.675781 0.824219 0.027344 0.027344
0 0.265625 0.453125 0.027344 0.027344
1 0.644531 0.724609 0.050978 0.012603
1 0.886719 0.597656 0.056734 0.027674
1 0.207031 0.166016 0.017839 0.034829
1 0.162109 0.193359 0.027441 0.053775
1 0.345703 0.658203 0.036986 0.024035
1 0.490234 0.015625 0.039921 0.016363
1 0.367188 0.199219 0.033570 0.029341
1 0.458984 0.294922 0.057839 0.023239
1 0.095703 0.757812 0.036940 0.024524
1 0.339844 0.257812 0.025598 0.034100
1 0.207031 0.683594 0.033364 0.022572
1 0.308594 0.632812 0.046884 0.033519
1 0.128906 0.353516 0.024986 0.045073
1 0.261719 0.578125 0.025200 0.034109
1 0.119141 0.318359 0.053775 0.027441
1 0.730469 0.027344 0.017272 0.036393
1 0.408203 0.083984 0.018392 0.033004
1 0.187500 0.437500 0.032177 0.028137
1 0.326172 0.982422 0.039410 0.028074
1 0.326172 0.816406 0.025474 0.055857