0 0.564453 0.984375 0.023438 0.023438
0 0.136719 0.273438 0.035156 0.035156
0 0.539062 0.927734 0.027344 0.027344
0 0.255859 0.927734 0.023438 0.023438
0 0.845703 0.318359 0.023438 0.023438
0 0.427734 0.138672 0.023438 0.023438
0 0.068359 0.345703 0.031250 0.031250
0 0.763672 0.253906 0.027344 0.027344
0 0.408203 0.738281 0.031250 0.031250
0 0.353516 0.734375 0.023438 0.023438
0 0.373047 0.025391 0.035156 0.035156
0 0.599609 0.542969 0.035156 0.035156
0 0.900391 0.617188 0.027344 0.027344
0 0.304688 0.117188 0.031250 0.031250
0 0.095703 0.791016 0.023438 0.023438
0 0.519531 0.484375 0.035156 0.035156
0 0.324219 0.056641 0.035156 0.035156
0 0.048828 0.644531 0.023438 0.023438
0 0.701172 0.955078 0.027344 0.027344
0 0.560547 0.083984 0.035156 0.035156
0 0.292969 0.394531 0.035156 0.035156
0 0.818359 0.324219 0.031250 0.031250
0 0.410156 0.386719 0.035156 0.035156
0 0.250000 0.853516 0.031250 0.031250
0 0.730469 0.685547 0.031250 0.031250
0 0.843750 0.656250 0.031250 0.031250
0 0.412109 0.248047 0.031250 0.031250
0 0.509766 0.060547 0.027344 0.027344
0 0.367188 0.841797 0.035156 0.035156
0 0.226562 0.685547 0.035156 0.035156
1 0.166016 0.162109 0.025184 0.054458
1 0.281250 0.500000 0.037749 0.046823
1 0.494141 0.412109 0.015163 0.043420
1 0.494141 0.449219 0.051989 0.026054
1 0.474609 0.654297 0.037989 0.036543
1 0.455078 0.945312 0.053775 0.027441
1 0.953125 0.601562 0.036437 0.040479
1 0.615234 0.042969 0.049206 0.031256
1 0.511719 0.138672 0.030370 0.052147
1 0.550781 0.251953 0.041591 0.038316
1 0.589844 0.324219 0.038491 0.026800
1 0.625000 0.162109 0.055922 0.023720
1 0.277344 0.144531 0.036024 0.016091
1 0.589844 0.027344 0.032674 0.020316
1 0.236328 0.783203 0.027848 0.041299
1 0.251953 0.599609 0.044055 0.019871
1 0.718750 0.296875 0.027568 0.030216
1 0.935547 0.167969 0.039847 0.049919
1 0.380859 0.570312 0.046412 0.029326
1 0.357422 0.919922 0.033125 0.040320