0 0.796875 0.625000 0.027344 0.027344
0 0.947266 0.021484 0.031250 0.031250
0 0.177734 0.269531 0.023438 0.023438
0 0.955078 0.441406 0.031250 0.031250
0 0.697266 0.451172 0.023438 0.023438
0 0.330078 0.908203 0.027344 0.027344
0 0.908203 0.142578 0.027344 0.027344
0 0.162109 0.191406 0.023438 0.023438
0 0.138672 0.892578 0.031250 0.031250
0 0.375000 0.291016 0.027344 0.027344
0 0.373047 0.066406 0.023438 0.023438
0 0.320312 0.386719 0.027344 0.027344
0 0.490234 0.269531 0.031250 0.031250
0 0.734375 0.078125 0.035156 0.035156
0 0.818359 0.662109 0.027344 0.027344
0 0.492188 0.785156 0.023438 0.023438
0 0.972656 0.466797 0.031250 0.031250
0 0.683594 0.332031 0.023438 0.023438
0 0.642578 0.095703 0.035156 0.035156
0 0.250000 0.429688 0.031250 0.031250
0 0.666016 0.205078 0.027344 0.027344
0 0.769531 0.291016 0.023438 0.023438
0 0.341797 0.976562 0.023438 0.023438
0 0.396484 0.525391 0.027344 0.027344
0 0.570312 0.626953 0.031250 0.031250
0 0.519531 0.802734 0.035156 0.035156
0 0.460938 0.123047 0.027344 0.027344
0 0.828125 0.052734 0.035156 0.035156
0 0.666016 0.357422 0.027344 0.027344
0 0.074219 0.855469 0.027344 0.027344
1 0.507812 0.757812 0.041480 0.048784
1 0.054688 0.031250 0.051453 0.035236
1 0.580078 0.189453 0.035236 0.051453
1 0.748047 0.810547 0.049718 0.049718
1 0.662109 0.585938 0.048961 0.044722
1 0.128906 0.300781 0.030841 0.026098
1 0.875000 0.304688 0.050310 0.038504
1 0.783203 0.492188 0.030565 0.016659
1 0.900391 0.390625 0.049493 0.013984
1 0.787109 0.076172 0.036393 0.017272
1 0.648438 0.109375 0.043685 0.034364
1 0.574219 0.134766 0.038329 0.017268
1 0.339844 0.927734 0.022745 0.030358
1 0.300781 0.285156 0.023775 0.034018
1 0.308594 0.515625 0.057777 0.020435
1 0.472656 0.812500 0.012262 0.031450
1 0.777344 0.244141 0.023178 0.057321
1 0.570312 0.312500 0.049107 0.041364
1 0.304688 0.623047 0.028041 0.043151
1 0.425781 0.853516 0.014258 0.049375