0 0.562500 0.833984 0.035156 0.035156
0 0.078125 0.259766 0.023438 0.023438
0 0.287109 0.500000 0.023438 0.023438
0 0.050781 0.787109 0.023438 0.023438
0 0.269531 0.513672 0.031250 0.031250
0 0.861328 0.474609 0.035156 0.035156
0 0.626953 0.726562 0.031250 0.031250
0 0.335938 0.685547 0.023438 0.023438
0 0.853516 0.554688 0.031250 0.031250
0 0.880859 0.882812 0.023438 0.023438
0 0.746094 0.089844 0.027344 0.027344
0 0.822266 0.541016 0.031250 0.031250
0 0.271484 0.476562 0.031250 0.031250
0 0.306641 0.558594 0.023438 0.023438
0 0.042969 0.287109 0.027344 0.027344
0 0.044922 0.830078 0.027344 0.027344
0 0.212891 0.095703 0.031250 0.031250
0 0.250000 0.255859 0.035156 0.035156
0 0.261719 0.181641 0.027344 0.027344
0 0.548828 0.488281 0.023438 0.023438
0 0.853516 0.560547 0.027344 0.027344
0 0.710938 0.281250 0.027344 0.027344
0 0.937500 0.652344 0.031250 0.031250
0 0.140625 0.908203 0.023438 0.023438
0 0.056641 0.787109 0.031250 0.031250
0 0.541016 0.814453 0.023438 0.023438
0 0.921875 0.976562 0.031250 0.031250
0 0.208984 0.283203 0.035156 0.035156
0 0.183594 0.292969 0.035156 0.035156
0 0.492188 0.318359 0.031250 0.031250
1 0.621094 0.115234 0.055682 0.033953
1 0.314453 0.460938 0.022307 0.044872
1 0.425781 0.220703 0.042002 0.028513
1 0.406250 0.605469 0.041432 0.041432
1 0.617188 0.199219 0.031250 0.011719
1 0.046875 0.798828 0.036726 0.034991
1 0.339844 0.119141 0.052912 0.038211
1 0.820312 0.919922 0.027921 0.052560
1 0.148438 0.556641 0.045079 0.026916
1 0.748047 0.267578 0.024203 0.035877
1 0.263672 0.576172 0.012875 0.045494
1 0.169922 0.349609 0.015145 0.036251
1 0.837891 0.539062 0.034408 0.031520
1 0.496094 0.935547 0.022716 0.041210
1 0.818359 0.701172 0.029465 0.038079
1 0.689453 0.453125 0.014556 0.051012
1 0.605469 0.287109 0.017904 0.030872
1 0.650391 0.644531 0.038918 0.052588
1 0.769531 0.451172 0.015163 0.043420
1 0.634766 0.371094 0.031392 0.019340