0 0.462891 0.937500 0.031250 0.031250
0 0.238281 0.462891 0.031250 0.031250
0 0.656250 0.056641 0.023438 0.023438
0 0.451172 0.216797 0.023438 0.023438
0 0.539062 0.818359 0.031250 0.031250
0 0.875000 0.408203 0.031250 0.031250
0 0.066406 0.822266 0.023438 0.023438
0 0.712891 0.308594 0.035156 0.035156
0 0.107422 0.519531 0.027344 0.027344
0 0.919922 0.539062 0.027344 0.027344
0 0.234375 0.257812 0.031250 0.031250
0 0.154297 0.792969 0.023438 0.023438
0 0.898438 0.691406 0.031250 0.031250
0 0.740234 0.740234 0.035156 0.035156
0 0.701172 0.529297 0.031250 0.031250
0 0.617188 0.292969 0.035156 0.035156
0 0.390625 0.623047 0.023438 0.023438
0 0.228516 0.638672 0.027344 0.027344
0 0.820312 0.533203 0.035156 0.035156
0 0.232422 0.886719 0.031250 0.031250
0 0.236328 0.541016 0.031250 0.031250
0 0.751953 0.871094 0.035156 0.035156
0 0.816406 0.669922 0.031250 0.031250
0 0.597656 0.482422 0.023438 0.023438
0 0.765625 0.960938 0.035156 0.035156
0 0.099609 0.208984 0.035156 0.035156
0 0.896484 0.439453 0.035156 0.035156
0 0.263672 0.900391 0.031250 0.031250
0 0.527344 0.271484 0.031250 0.031250
0 0.566406 0.621094 0.023438 0.023438
1 0.396484 0.078125 0.015451 0.038180
1 0.734375 0.460938 0.038021 0.033401
1 0.509766 0.773438 0.033382 0.032900
1 0.220703 0.730469 0.036778 0.053935
1 0.687500 0.437500 0.039193 0.035101
1 0.816406 0.019531 0.013620 0.055063
1 0.199219 0.203125 0.047295 0.043634
1 0.267578 0.878906 0.030920 0.029764
1 0.513672 0.328125 0.036189 0.015329
1 0.738281 0.900391 0.045771 0.048084
1 0.183594 0.484375 0.042371 0.040443
1 0.447266 0.490234 0.040525 0.031838
1 0.564453 0.724609 0.028340 0.045930
1 0.734375 0.865234 0.047175 0.043850
1 0.492188 0.132812 0.055708 0.018296
1 0.716797 0.839844 0.034778 0.045962
1 0.726562 0.302734 0.026916 0.045079
1 0.039062 0.582031 0.028455 0.029515
1 0.449219 0.253906 0.017705 0.047888
1 0.802734 0.250000 0.023737 0.035845