0 0.730469 0.142578 0.023438 0.023438
0 0.220703 0.318359 0.027344 0.027344
0 0.039062 0.871094 0.023438 0.023438
0 0.707031 0.445312 0.023438 0.023438
0 0.025391 0.435547 0.035156 0.035156
0 0.253906 0.625000 0.035156 0.035156
0 0.031250 0.263672 0.023438 0.023438
0 0.363281 0.033203 0.023438 0.023438
0 0.890625 0.265625 0.035156 0.035156
0 0.501953 0.730469 0.035156 0.035156
0 0.804688 0.757812 0.023438 0.023438
0 0.035156 0.699219 0.027344 0.027344
0 0.126953 0.583984 0.023438 0.023438
0 0.277344 0.894531 0.027344 0.027344
0 0.867188 0.357422 0.035156 0.035156
0 0.460938 0.697266 0.035156 0.035156
0 0.341797 0.138672 0.027344 0.027344
0 0.193359 0.740234 0.023438 0.023438
0 0.458984 0.460938 0.035156 0.035156
0 0.351562 0.378906 0.023438 0.023438
0 0.941406 0.234375 0.035156 0.035156
0 0.388672 0.603516 0.035156 0.035156
0 0.783203 0.146484 0.027344 0.027344
0 0.662109 0.283203 0.031250 0.031250
0 0.068359 0.464844 0.035156 0.035156
0 0.121094 0.394531 0.031250 0.031250
0 0.330078 0.234375 0.035156 0.035156
0 0.644531 0.578125 0.035156 0.035156
0 0.291016 0.617188 0.023438 0.023438
0 0.654297 0.642578 0.023438 0.023438
1 0.234375 0.191406 0.037231 0.020683
1 0.197266 0.941406 0.053580 0.017010
1 0.531250 0.582031 0.056286 0.034558
1 0.621094 0.529297 0.048836 0.047824
1 0.830078 0.986328 0.029263 0.028733
1 0.566406 0.369141 0.040207 0.032741
1 0.585938 0.396484 0.050060 0.026234
1 0.763672 0.671875 0.050130 0.019521
1 0.078125 0.078125 0.033146 0.033146
1 0.634766 0.958984 0.042125 0.017412
1 0.785156 0.857422 0.011464 0.049139
1 0.707031 0.250000 0.054003 0.024128
1 0.900391 0.126953 0.036891 0.019327
1 0.642578 0.822266 0.048124 0.032837
1 0.242188 0.515625 0.033270 0.048614
1 0.585938 0.558594 0.028549 0.056565
1 0.074219 0.101562 0.030517 0.035130
1 0.656250 0.751953 0.021800 0.035610
1 0.226562 0.898438 0.034028 0.032102
1 0.130859 0.162109 0.033873 0.015391