0 0.298828 0.318359 0.035156 0.035156
0 0.669922 0.167969 0.023438 0.023438
0 0.386719 0.570312 0.035156 0.035156
0 0.312500 0.572266 0.023438 0.023438
0 0.650391 0.628906 0.035156 0.035156
0 0.138672 0.919922 0.035156 0.035156
0 0.523438 0.246094 0.023438 0.023438
0 0.306641 0.275391 0.035156 0.035156
0 0.447266 0.355469 0.023438 0.023438
0 0.337891 0.683594 0.023438 0.023438
0 0.666016 0.671875 0.035156 0.035156
0 0.597656 0.111328 0.035156 0.035156
0 0.074219 0.597656 0.027344 0.027344
0 0.916016 0.072266 0.027344 0.027344
0 0.501953 0.429688 0.035156 0.035156
0 0.335938 0.277344 0.027344 0.027344
0 0.583984 0.314453 0.035156 0.035156
0 0.648438 0.039062 0.035156 0.035156
0 0.425781 0.875000 0.027344 0.027344
0 0.439453 0.355469 0.031250 0.031250
0 0.957031 0.185547 0.027344 0.027344
0 0.792969 0.257812 0.031250 0.031250
0 0.537109 0.933594 0.035156 0.035156
0 0.414062 0.382812 0.031250 0.031250
0 0.488281 0.824219 0.023438 0.023438
0 0.894531 0.724609 0.023438 0.023438
0 0.978516 0.263672 0.031250 0.031250
0 0.375000 0.412109 0.035156 0.035156
0 0.150391 0.923828 0.031250 0.031250
0 0.291016 0.921875 0.023438 0.023438
1 0.677734 0.089844 0.029594 0.052358
1 0.359375 0.708984 0.021963 0.048310
1 0.091797 0.964844 0.040686 0.044732
1 0.212891 0.845703 0.031722 0.047086
1 0.138672 0.822266 0.045321 0.039836
1 0.921875 0.144531 0.036434 0.046997
1 0.226562 0.904297 0.048806 0.027488
1 0.275391 0.449219 0.036173 0.014563
1 0.359375 0.958984 0.056429 0.038663
1 0.037109 0.708984 0.037640 0.027249
1 0.921875 0.359375 0.016294 0.036374
1 0.082031 0.046875 0.041480 0.048784
1 0.910156 0.707031 0.018903 0.049794
1 0.609375 0.263672 0.055542 0.018200
1 0.820312 0.078125 0.025766 0.051194
1 0.693359 0.248047 0.015643 0.030687
1 0.902344 0.929688 0.034622 0.017616
1 0.238281 0.125000 0.054290 0.034506
1 0.380859 0.498047 0.035115 0.036657
1 0.359375 0.833984 0.032708 0.042650