0 0.679688 0.939453 0.031250 0.031250
0 0.035156 0.189453 0.023438 0.023438
0 0.162109 0.082031 0.027344 0.027344
0 0.166016 0.394531 0.023438 0.023438
0 0.171875 0.361328 0.031250 0.031250
0 0.335938 0.447266 0.035156 0.035156
0 0.896484 0.783203 0.031250 0.031250
0 0.564453 0.703125 0.027344 0.027344
0 0.796875 0.697266 0.023438 0.023438
0 0.687500 0.550781 0.023438 0.023438
0 0.175781 0.636719 0.023438 0.023438
0 0.332031 0.541016 0.035156 0.035156
0 0.074219 0.769531 0.027344 0.027344
0 0.396484 0.830078 0.023438 0.023438
0 0.826172 0.357422 0.023438 0.023438
0 0.730469 0.357422 0.027344 0.027344
0 0.318359 0.574219 0.027344 0.027344
0 0.644531 0.183594 0.027344 0.027344
0 0.041016 0.853516 0.027344 0.027344
0 0.953125 0.207031 0.031250 0.031250
0 0.513672 0.244141 0.031250 0.031250
0 0.460938 0.339844 0.031250 0.031250
0 0.923828 0.257812 0.031250 0.031250
0 0.574219 0.033203 0.023438 0.023438
0 0.968750 0.728516 0.031250 0.031250
0 0.916016 0.359375 0.027344 0.027344
0 0.613281 0.115234 0.031250 0.031250
0 0.769531 0.810547 0.023438 0.023438
0 0.607422 0.931641 0.035156 0.035156
0 0.029297 0.296875 0.023438 0.023438
1 0.939453 0.792969 0.043705 0.044670
1 0.662109 0.501953 0.021963 0.034379
1 0.609375 0.316406 0.015224 0.053466
1 0.562500 0.308594 0.038712 0.027989
1 0.136719 0.056641 0.045121 0.035932
1 0.263672 0.162109 0.035685 0.022294
1 0.478516 0.794922 0.022713 0.046783
1 0.375000 0.103516 0.021495 0.041051
1 0.843750 0.316406 0.050604 0.023525
1 0.498047 0.255859 0.032513 0.045209
1 0.478516 0.281250 0.040117 0.037034
1 0.140625 0.976562 0.036891 0.042614
1 0.298828 0.328125 0.015955 0.034076
1 0.523438 0.525391 0.032275 0.031215
1 0.097656 0.726562 0.031725 0.036478
1 0.462891 0.183594 0.033161 0.046082
1 0.617188 0.404297 0.036640 0.037893
1 0.808594 0.263672 0.016311 0.051427
1 0.535156 0.859375 0.019114 0.055552
1 0.205078 0.265625 0.050978 0.012603