0 0.457031 0.253906 0.035156 0.035156
0 0.458984 0.164062 0.027344 0.027344
0 0.167969 0.771484 0.035156 0.035156
0 0.193359 0.814453 0.027344 0.027344
0 0.597656 0.718750 0.031250 0.031250
0 0.130859 0.419922 0.023438 0.023438
0 0.236328 0.251953 0.031250 0.031250
0 0.115234 0.769531 0.035156 0.035156
0 0.693359 0.703125 0.035156 0.035156
0 0.019531 0.111328 0.035156 0.035156
0 0.777344 0.955078 0.027344 0.027344
0 0.929688 0.699219 0.027344 0.027344
0 0.273438 0.429688 0.035156 0.035156
0 0.332031 0.185547 0.031250 0.031250
0 0.519531 0.378906 0.031250 0.031250
0 0.080078 0.542969 0.027344 0.027344
0 0.730469 0.267578 0.023438 0.023438
0 0.396484 0.203125 0.027344 0.027344
0 0.472656 0.568359 0.027344 0.027344
0 0.716797 0.861328 0.027344 0.027344
0 0.025391 0.488281 0.023438 0.023438
0 0.572266 0.492188 0.031250 0.031250
0 0.207031 0.873047 0.035156 0.035156
0 0.519531 0.439453 0.031250 0.031250
0 0.802734 0.603516 0.031250 0.031250
0 0.830078 0.134766 0.031250 0.031250
0 0.519531 0.230469 0.035156 0.035156
0 0.232422 0.636719 0.035156 0.035156
0 0.878906 0.269531 0.035156 0.035156
0 0.013672 0.144531 0.023438 0.023438
1 0.353516 0.716797 0.045844 0.015923
1 0.837891 0.888672 0.028091 0.050663
1 0.314453 0.439453 0.057901 0.032220
1 0.281250 0.433594 0.041355 0.031593
1 0.775391 0.857422 0.026403 0.030720
1 0.431641 0.826172 0.014563 0.036173
1 0.740234 0.189453 0.021218 0.031930
1 0.906250 0.318359 0.017313 0.042247
1 0.896484 0.304688 0.026035 0.035329
1 0.519531 0.195312 0.037486 0.048971
1 0.111328 0.224609 0.034496 0.027146
1 0.929688 0.171875 0.029504 0.046772
1 0.322266 0.732422 0.035209 0.021890
1 0.960938 0.318359 0.029870 0.013236
1 0.511719 0.236328 0.021761 0.051635
1 0.660156 0.267578 0.046930 0.024833
1 0.662109 0.888672 0.044273 0.018296
1 0.628906 0.943359 0.035476 0.010987
1 0.451172 0.486328 0.034223 0.031816
1 0.359375 0.283203 0.057083 0.015640