0 0.664062 0.882812 0.035156 0.035156
0 0.861328 0.443359 0.023438 0.023438
0 0.185547 0.337891 0.035156 0.035156
0 0.181641 0.867188 0.023438 0.023438
0 0.707031 0.126953 0.023438 0.023438
0 0.484375 0.541016 0.023438 0.023438
0 0.314453 0.599609 0.031250 0.031250
0 0.767578 0.046875 0.027344 0.027344
0 0.080078 0.285156 0.035156 0.035156
0 0.980469 0.406250 0.035156 0.035156
0 0.314453 0.201172 0.023438 0.023438
0 0.160156 0.599609 0.031250 0.031250
0 0.466797 0.191406 0.023438 0.023438
0 0.513672 0.589844 0.035156 0.035156
0 0.328125 0.535156 0.035156 0.035156
0 0.175781 0.742188 0.031250 0.031250
0 0.628906 0.082031 0.031250 0.031250
0 0.958984 0.253906 0.027344 0.027344
0 0.433594 0.187500 0.023438 0.023438
0 0.888672 0.207031 0.031250 0.031250
0 0.421875 0.722656 0.035156 0.035156
0 0.623047 0.496094 0.035156 0.035156
0 0.498047 0.880859 0.031250 0.031250
0 0.908203 0.267578 0.027344 0.027344
0 0.656250 0.064453 0.027344 0.027344
0 0.542969 0.187500 0.031250 0.031250
0 0.779297 0.566406 0.031250 0.031250
0 0.294922 0.189453 0.027344 0.027344
0 0.705078 0.062500 0.023438 0.023438
0 0.591797 0.294922 0.023438 0.023438
1 0.517578 0.896484 0.016270 0.053555
1 0.593750 0.312500 0.042858 0.030268
1 0.892578 0.250000 0.054312 0.030096
1 0.199219 0.597656 0.020679 0.036420
1 0.869141 0.755859 0.057476 0.019453
1 0.773438 0.910156 0.022238 0.046423
1 0.318359 0.261719 0.043606 0.041968
1 0.193359 0.849609 0.044487 0.024423
1 0.445312 0.083984 0.043157 0.023822
1 0.191406 0.083984 0.047961 0.027739
1 0.296875 0.746094 0.033329 0.042028
1 0.679688 0.064453 0.039773 0.037460
1 0.304688 0.171875 0.031664 0.050289
1 0.609375 0.189453 0.046221 0.026376
1 0.587891 0.330078 0.057476 0.019453
1 0.158203 0.525391 0.017167 0.053670
1 0.664062 0.800781 0.027388 0.042236
1 0.490234 0.968750 0.033954 0.028957
1 0.423828 0.091797 0.015419 0.043827
1 0.505859 0.585938 0.044194 0.044194