0 0.224609 0.982422 0.031250 0.031250
0 0.878906 0.716797 0.023438 0.023438
0 0.226562 0.265625 0.035156 0.035156
0 0.181641 0.310547 0.035156 0.035156
0 0.527344 0.730469 0.027344 0.027344
0 0.255859 0.130859 0.023438 0.023438
0 0.609375 0.064453 0.035156 0.035156
0 0.974609 0.306641 0.031250 0.031250
0 0.033203 0.412109 0.035156 0.035156
0 0.681641 0.486328 0.027344 0.027344
0 0.732422 0.242188 0.023438 0.023438
0 0.439453 0.349609 0.023438 0.023438
0 0.589844 0.060547 0.027344 0.027344
0 0.550781 0.882812 0.031250 0.031250
0 0.521484 0.152344 0.031250 0.031250
0 0.710938 0.890625 0.035156 0.035156
0 0.634766 0.496094 0.023438 0.023438
0 0.310547 0.662109 0.027344 0.027344
0 0.140625 0.167969 0.027344 0.027344
0 0.666016 0.345703 0.031250 0.031250
0 0.287109 0.199219 0.035156 0.035156
0 0.566406 0.716797 0.023438 0.023438
0 0.126953 0.263672 0.023438 0.023438
0 0.076172 0.908203 0.031250 0.031250
0 0.599609 0.230469 0.031250 0.031250
0 0.748047 0.873047 0.023438 0.023438
0 0.109375 0.947266 0.023438 0.023438
0 0.080078 0.554688 0.027344 0.027344
0 0.718750 0.185547 0.027344 0.027344
0 0.240234 0.619141 0.027344 0.027344
1 0.062500 0.880859 0.041016 0.013672
1 0.156250 0.265625 0.051227 0.015436
1 0.757812 0.957031 0.015163 0.043420
1 0.132812 0.052734 0.044489 0.037569
1 0.212891 0.902344 0.032177 0.028137
1 0.150391 0.783203 0.032372 0.031071
1 0.888672 0.369141 0.030885 0.037120
1 0.818359 0.386719 0.023460 0.030142
1 0.052734 0.968750 0.029758 0.028168
1 0.242188 0.144531 0.055508 0.017453
1 0.056641 0.876953 0.031525 0.039199
1 0.259766 0.078125 0.040954 0.020874
1 0.875000 0.320312 0.033540 0.035419
1 0.636719 0.746094 0.031554 0.021840
1 0.283203 0.175781 0.032800 0.027044
1 0.726562 0.193359 0.021422 0.057992
1 0.207031 0.451172 0.020334 0.050256
1 0.355469 0.367188 0.044504 0.021084
1 0.093750 0.416016 0.031215 0.034582
1 0.169922 0.451172 0.044517 0.023770