0 0.312500 0.789062 0.027344 0.027344
0 0.144531 0.775391 0.023438 0.023438
0 0.390625 0.023438 0.027344 0.027344
0 0.673828 0.250000 0.023438 0.023438
0 0.121094 0.873047 0.031250 0.031250
0 0.730469 0.962891 0.023438 0.023438
0 0.179688 0.291016 0.031250 0.031250
0 0.611328 0.332031 0.031250 0.031250
0 0.048828 0.046875 0.023438 0.023438
0 0.314453 0.896484 0.035156 0.035156
0 0.613281 0.146484 0.023438 0.023438
0 0.730469 0.017578 0.035156 0.035156
0 0.794922 0.476562 0.035156 0.035156
0 0.550781 0.646484 0.027344 0.027344
0 0.396484 0.414062 0.031250 0.031250
0 0.767578 0.609375 0.027344 0.027344
0 0.638672 0.197266 0.031250 0.031250
0 0.058594 0.417969 0.035156 0.035156
0 0.490234 0.345703 0.023438 0.023438
0 0.058594 0.283203 0.035156 0.035156
0 0.433594 0.128906 0.023438 0.023438
0 0.136719 0.544922 0.023438 0.023438
0 0.394531 0.746094 0.027344 0.027344
0 0.451172 0.134766 0.031250 0.031250
0 0.626953 0.152344 0.035156 0.035156
0 0.607422 0.144531 0.031250 0.031250
0 0.468750 0.380859 0.035156 0.035156
0 0.984375 0.636719 0.027344 0.027344
0 0.779297 0.140625 0.023438 0.023438
0 0.705078 0.623047 0.035156 0.035156
1 0.304688 0.162109 0.025630 0.048202
1 0.605469 0.619141 0.033216 0.042703
1 0.658203 0.251953 0.033071 0.035719
1 0.597656 0.023438 0.043839 0.014929
1 0.355469 0.166016 0.040944 0.041908
1 0.814453 0.513672 0.023460 0.030142
1 0.443359 0.242188 0.045943 0.017535
1 0.761719 0.474609 0.022660 0.033945
1 0.630859 0.058594 0.020063 0.048322
1 0.333984 0.947266 0.043226 0.026398
1 0.750000 0.369141 0.043995 0.047031
1 0.636719 0.884766 0.014360 0.051325
1 0.431641 0.330078 0.046385 0.024341
1 0.119141 0.933594 0.034414 0.031716
1 0.628906 0.472656 0.011388 0.031718
1 0.066406 0.117188 0.021938 0.055919
1 0.894531 0.041016 0.053423 0.015369
1 0.101562 0.896484 0.055342 0.035503
1 0.357422 0.968750 0.053736 0.033939
1 0.763672 0.632812 0.016400 0.040165