0 0.771484 0.224609 0.035156 0.035156
0 0.898438 0.958984 0.023438 0.023438
0 0.796875 0.128906 0.027344 0.027344
0 0.267578 0.621094 0.023438 0.023438
0 0.433594 0.322266 0.035156 0.035156
0 0.070312 0.310547 0.023438 0.023438
0 0.304688 0.664062 0.023438 0.023438
0 0.443359 0.255859 0.035156 0.035156
0 0.332031 0.496094 0.027344 0.027344
0 0.892578 0.837891 0.031250 0.031250
0 0.892578 0.074219 0.035156 0.035156
0 0.912109 0.218750 0.035156 0.035156
0 0.234375 0.345703 0.035156 0.035156
0 0.558594 0.634766 0.027344 0.027344
0 0.369141 0.580078 0.023438 0.023438
0 0.521484 0.113281 0.031250 0.031250
0 0.779297 0.257812 0.031250 0.031250
0 0.251953 0.246094 0.035156 0.035156
0 0.554688 0.138672 0.035156 0.035156
0 0.626953 0.199219 0.035156 0.035156
0 0.640625 0.498047 0.023438 0.023438
0 0.714844 0.197266 0.023438 0.023438
0 0.291016 0.423828 0.031250 0.031250
0 0.697266 0.199219 0.023438 0.023438
0 0.425781 0.027344 0.023438 0.023438
0 0.625000 0.705078 0.035156 0.035156
0 0.146484 0.900391 0.035156 0.035156
0 0.919922 0.943359 0.035156 0.035156
0 0.175781 0.447266 0.023438 0.023438
0 0.216797 0.808594 0.035156 0.035156
1 0.791016 0.400391 0.029374 0.044895
1 0.753906 0.726562 0.042419 0.033231
1 0.279297 0.675781 0.026763 0.041368
1 0.410156 0.460938 0.013672 0.031250
1 0.660156 0.605469 0.037704 0.026322
1 0.197266 0.339844 0.039769 0.052418
1 0.332031 0.082031 0.029048 0.053562
1 0.748047 0.490234 0.025524 0.046950
1 0.654297 0.789062 0.037819 0.012963
1 0.054688 0.195312 0.035308 0.036464
1 0.529297 0.867188 0.022307 0.044872
1 0.496094 0.957031 0.041193 0.031170
1 0.539062 0.812500 0.042419 0.033231
1 0.101562 0.173828 0.041860 0.040992
1 0.294922 0.869141 0.029103 0.047728
1 0.681641 0.435547 0.041095 0.049168
1 0.195312 0.642578 0.054688 0.013672
1 0.644531 0.166016 0.039629 0.037605
1 0.908203 0.222656 0.042419 0.033231
1 0.937500 0.628906 0.019680 0.048198