0 0.500000 0.736328 0.027344 0.027344
0 0.705078 0.599609 0.027344 0.027344
0 0.904297 0.835938 0.035156 0.035156
0 0.337891 0.820312 0.035156 0.035156
0 0.253906 0.662109 0.035156 0.035156
0 0.072266 0.478516 0.027344 0.027344
0 0.457031 0.912109 0.027344 0.027344
0 0.068359 0.210938 0.035156 0.035156
0 0.646484 0.253906 0.031250 0.031250
0 0.648438 0.927734 0.031250 0.031250
0 0.285156 0.195312 0.031250 0.031250
0 0.369141 0.246094 0.027344 0.027344
0 0.937500 0.164062 0.027344 0.027344
0 0.066406 0.134766 0.035156 0.035156
0 0.101562 0.732422 0.031250 0.031250
0 0.691406 0.478516 0.027344 0.027344
0 0.613281 0.876953 0.031250 0.031250
0 0.701172 0.189453 0.035156 0.035156
0 0.437500 0.167969 0.035156 0.035156
0 0.822266 0.847656 0.035156 0.035156
0 0.087891 0.757812 0.027344 0.027344
0 0.695312 0.132812 0.027344 0.027344
0 0.687500 0.498047 0.031250 0.031250
0 0.267578 0.841797 0.031250 0.031250
0 0.626953 0.804688 0.023438 0.023438
0 0.958984 0.875000 0.035156 0.035156
0 0.863281 0.119141 0.027344 0.027344
0 0.843750 0.597656 0.023438 0.023438
0 0.630859 0.419922 0.031250 0.031250
0 0.085938 0.482422 0.031250 0.031250
1 0.177734 0.716797 0.050559 0.029548
1 0.841797 0.041016 0.042247 0.017313
1 0.632812 0.343750 0.012705 0.056837
1 0.376953 0.066406 0.045873 0.021769
1 0.839844 0.527344 0.018539 0.034609
1 0.105469 0.119141 0.034677 0.053572
1 0.310547 0.335938 0.047221 0.035861
1 0.947266 0.435547 0.018324 0.040504
1 0.525391 0.658203 0.032152 0.014398
1 0.457031 0.263672 0.033999 0.023101
1 0.140625 0.541016 0.031170 0.041193
1 0.736328 0.939453 0.035560 0.038836
1 0.144531 0.339844 0.031991 0.013870
1 0.609375 0.371094 0.045814 0.022473
1 0.089844 0.755859 0.031689 0.044492
1 0.695312 0.144531 0.054018 0.022427
1 0.750000 0.527344 0.049880 0.033693
1 0.255859 0.458984 0.032727 0.030560
1 0.248047 0.765625 0.046221 0.026376
1 0.724609 0.720703 0.027422 0.032017