0 0.896484 0.197266 0.023438 0.023438
0 0.498047 0.603516 0.023438 0.023438
0 0.666016 0.220703 0.031250 0.031250
0 0.871094 0.082031 0.031250 0.031250
0 0.953125 0.931641 0.027344 0.027344
0 0.689453 0.130859 0.035156 0.035156
0 0.867188 0.394531 0.023438 0.023438
0 0.640625 0.242188 0.023438 0.023438
0 0.535156 0.039062 0.023438 0.023438
0 0.556641 0.876953 0.035156 0.035156
0 0.656250 0.552734 0.027344 0.027344
0 0.869141 0.794922 0.031250 0.031250
0 0.265625 0.744141 0.023438 0.023438
0 0.521484 0.066406 0.031250 0.031250
0 0.228516 0.978516 0.023438 0.023438
0 0.519531 0.095703 0.027344 0.027344
0 0.378906 0.298828 0.031250 0.031250
0 0.343750 0.773438 0.031250 0.031250
0 0.208984 0.896484 0.035156 0.035156
0 0.955078 0.796875 0.023438 0.023438
0 0.697266 0.376953 0.023438 0.023438
0 0.427734 0.867188 0.027344 0.027344
0 0.853516 0.169922 0.023438 0.023438
0 0.138672 0.091797 0.031250 0.031250
0 0.476562 0.289062 0.023438 0.023438
0 0.431641 0.210938 0.031250 0.031250
0 0.570312 0.033203 0.035156 0.035156
0 0.541016 0.162109 0.027344 0.027344
0 0.673828 0.111328 0.027344 0.027344
0 0.572266 0.039062 0.035156 0.035156
1 0.082031 0.251953 0.011922 0.031855
1 0.257812 0.777344 0.034078 0.047807
1 0.951172 0.708984 0.027146 0.034496
1 0.152344 0.042969 0.035483 0.025585
1 0.150391 0.458984 0.029495 0.040187
1 0.744141 0.677734 0.028470 0.044656
1 0.271484 0.330078 0.030506 0.058093
1 0.308594 0.279297 0.033160 0.049149
1 0.449219 0.666016 0.038937 0.031559
1 0.943359 0.832031 0.019330 0.042498
1 0.818359 0.888672 0.031554 0.021840
1 0.679688 0.472656 0.021288 0.049740
1 0.294922 0.251953 0.014408 0.045697
1 0.427734 0.537109 0.042962 0.021901
1 0.369141 0.025391 0.035320 0.020276
1 0.251953 0.205078 0.031572 0.010850
1 0.193359 0.925781 0.014258 0.049375
1 0.150391 0.343750 0.025018 0.033094
1 0.906250 0.191406 0.026779 0.048824
1 0.775391 0.587891 0.029979 0.030751