0 0.224609 0.828125 0.031250 0.031250
0 0.695312 0.625000 0.035156 0.035156
0 0.722656 0.570312 0.035156 0.035156
0 0.712891 0.414062 0.035156 0.035156
0 0.386719 0.796875 0.035156 0.035156
0 0.890625 0.976562 0.027344 0.027344
0 0.494141 0.945312 0.023438 0.023438
0 0.195312 0.689453 0.031250 0.031250
0 0.880859 0.056641 0.027344 0.027344
0 0.195312 0.171875 0.023438 0.023438
0 0.201172 0.261719 0.023438 0.023438
0 0.300781 0.832031 0.035156 0.035156
0 0.279297 0.150391 0.023438 0.023438
0 0.609375 0.900391 0.035156 0.035156
0 0.744141 0.781250 0.023438 0.023438
0 0.203125 0.453125 0.035156 0.035156
0 0.162109 0.087891 0.023438 0.023438
0 0.880859 0.716797 0.027344 0.027344
0 0.949219 0.054688 0.027344 0.027344
0 0.060547 0.859375 0.027344 0.027344
0 0.177734 0.802734 0.023438 0.023438
0 0.060547 0.222656 0.035156 0.035156
0 0.699219 0.289062 0.031250 0.031250
0 0.164062 0.162109 0.035156 0.035156
0 0.363281 0.537109 0.035156 0.035156
0 0.316406 0.814453 0.027344 0.027344
0 0.568359 0.812500 0.027344 0.027344
0 0.542969 0.322266 0.031250 0.031250
0 0.076172 0.707031 0.031250 0.031250
0 0.642578 0.431641 0.035156 0.035156
1 0.136719 0.384766 0.033540 0.035419
1 0.476562 0.363281 0.030384 0.057233
1 0.849609 0.607422 0.042583 0.048068
1 0.468750 0.316406 0.034221 0.031909
1 0.201172 0.951172 0.032727 0.030560
1 0.921875 0.259766 0.020110 0.051702
1 0.796875 0.083984 0.039404 0.043258
1 0.212891 0.775391 0.011719 0.029297
1 0.236328 0.650391 0.046753 0.049789
1 0.822266 0.433594 0.035528 0.057305
1 0.912109 0.292969 0.039836 0.045321
1 0.701172 0.757812 0.050151 0.030312
1 0.904297 0.474609 0.032646 0.016545
1 0.390625 0.406250 0.034472 0.037169
1 0.224609 0.958984 0.051921 0.031137
1 0.171875 0.248047 0.021200 0.032582
1 0.232422 0.642578 0.047033 0.037020
1 0.400391 0.708984 0.033160 0.049149
1 0.832031 0.931641 0.036543 0.026852
1 0.783203 0.607422 0.041573 0.013849