0 0.365234 0.183594 0.031250 0.031250
0 0.078125 0.259766 0.031250 0.031250
0 0.267578 0.917969 0.027344 0.027344
0 0.945312 0.896484 0.031250 0.031250
0 0.638672 0.666016 0.027344 0.027344
0 0.136719 0.830078 0.035156 0.035156
0 0.103516 0.701172 0.023438 0.023438
0 0.718750 0.017578 0.027344 0.027344
0 0.511719 0.322266 0.031250 0.031250
0 0.560547 0.314453 0.035156 0.035156
0 0.757812 0.255859 0.023438 0.023438
0 0.656250 0.921875 0.035156 0.035156
0 0.085938 0.607422 0.035156 0.035156
0 0.498047 0.386719 0.027344 0.027344
0 0.824219 0.349609 0.031250 0.031250
0 0.017578 0.304688 0.035156 0.035156
0 0.816406 0.386719 0.027344 0.027344
0 0.851562 0.236328 0.023438 0.023438
0 0.455078 0.177734 0.023438 0.023438
0 0.062500 0.792969 0.035156 0.035156
0 0.166016 0.050781 0.023438 0.023438
0 0.187500 0.505859 0.027344 0.027344
0 0.013672 0.677734 0.027344 0.027344
0 0.072266 0.861328 0.027344 0.027344
0 0.800781 0.455078 0.031250 0.031250
0 0.500000 0.062500 0.035156 0.035156
0 0.318359 0.330078 0.035156 0.035156
0 0.828125 0.529297 0.023438 0.023438
0 0.472656 0.589844 0.023438 0.023438
0 0.853516 0.888672 0.023438 0.023438
1 0.177734 0.474609 0.027012 0.037020
1 0.285156 0.490234 0.038491 0.026800
1 0.779297 0.443359 0.055279 0.041609
1 0.142578 0.791016 0.020437 0.030784
1 0.267578 0.472656 0.037089 0.042574
1 0.519531 0.667969 0.033899 0.027465
1 0.310547 0.505859 0.015027 0.039516
1 0.333984 0.541016 0.047843 0.016554
1 0.548828 0.210938 0.038549 0.050609
1 0.832031 0.660156 0.014006 0.033940
1 0.281250 0.933594 0.030915 0.017616
1 0.904297 0.439453 0.011668 0.054995
1 0.265625 0.347656 0.015231 0.045372
1 0.693359 0.625000 0.056906 0.032083
1 0.439453 0.712891 0.032576 0.046233
1 0.675781 0.275391 0.053629 0.018774
1 0.296875 0.279297 0.050232 0.035531
1 0.310547 0.119141 0.034157 0.046584
1 0.144531 0.027344 0.015440 0.032445
1 0.160156 0.593750 0.054934 0.037009