0 0.451172 0.416016 0.027344 0.027344
0 0.199219 0.589844 0.027344 0.027344
0 0.755859 0.468750 0.035156 0.035156
0 0.917969 0.699219 0.035156 0.035156
0 0.957031 0.037109 0.035156 0.035156
0 0.095703 0.789062 0.023438 0.023438
0 0.095703 0.722656 0.031250 0.031250
0 0.451172 0.197266 0.023438 0.023438
0 0.498047 0.416016 0.027344 0.027344
0 0.376953 0.480469 0.031250 0.031250
0 0.939453 0.955078 0.031250 0.031250
0 0.892578 0.660156 0.023438 0.023438
0 0.357422 0.869141 0.031250 0.031250
0 0.800781 0.404297 0.031250 0.031250
0 0.759766 0.429688 0.035156 0.035156
0 0.527344 0.953125 0.027344 0.027344
0 0.242188 0.837891 0.035156 0.035156
0 0.517578 0.923828 0.027344 0.027344
0 0.386719 0.785156 0.023438 0.023438
0 0.265625 0.031250 0.031250 0.031250
0 0.710938 0.046875 0.023438 0.023438
0 0.857422 0.189453 0.035156 0.035156
0 0.761719 0.591797 0.023438 0.023438
0 0.388672 0.933594 0.027344 0.027344
0 0.119141 0.248047 0.027344 0.027344
0 0.050781 0.076172 0.031250 0.031250
0 0.738281 0.076172 0.035156 0.035156
0 0.845703 0.306641 0.027344 0.027344
0 0.603516 0.769531 0.023438 0.023438
0 0.490234 0.853516 0.027344 0.027344
1 0.730469 0.929688 0.050399 0.039367
1 0.179688 0.279297 0.026800 0.038491
1 0.111328 0.339844 0.038634 0.032483
1 0.345703 0.785156 0.025877 0.033333
1 0.525391 0.775391 0.057112 0.036328
1 0.242188 0.201172 0.044379 0.037465
1 0.585938 0.916016 0.029594 0.052358
1 0.568359 0.292969 0.031507 0.043535
1 0.257812 0.703125 0.037460 0.039773
1 0.871094 0.408203 0.040246 0.027657
1 0.238281 0.205078 0.033852 0.051801
1 0.855469 0.367188 0.037896 0.056674
1 0.687500 0.181641 0.037456 0.034086
1 0.472656 0.802734 0.044487 0.024423
1 0.052734 0.367188 0.030869 0.047940
1 0.568359 0.265625 0.028556 0.039347
1 0.171875 0.583984 0.022238 0.046423
1 0.742188 0.529297 0.044459 0.029095
1 0.708984 0.683594 0.028137 0.032177
1 0.460938 0.234375 0.040878 0.044539