0 0.244141 0.875000 0.035156 0.035156
0 0.835938 0.693359 0.035156 0.035156
0 0.109375 0.455078 0.031250 0.031250
0 0.580078 0.478516 0.035156 0.035156
0 0.501953 0.718750 0.027344 0.027344
0 0.341797 0.158203 0.031250 0.031250
0 0.060547 0.283203 0.023438 0.023438
0 0.906250 0.601562 0.031250 0.031250
0 0.265625 0.814453 0.023438 0.023438
0 0.548828 0.845703 0.027344 0.027344
0 0.937500 0.658203 0.023438 0.023438
0 0.232422 0.535156 0.023438 0.023438
0 0.761719 0.343750 0.023438 0.023438
0 0.886719 0.480469 0.035156 0.035156
0 0.109375 0.308594 0.035156 0.035156
0 0.746094 0.511719 0.035156 0.035156
0 0.654297 0.789062 0.031250 0.031250
0 0.966797 0.306641 0.027344 0.027344
0 0.871094 0.275391 0.035156 0.035156
0 0.656250 0.673828 0.035156 0.035156
0 0.582031 0.445312 0.035156 0.035156
0 0.791016 0.816406 0.023438 0.023438
0 0.787109 0.162109 0.023438 0.023438
0 0.710938 0.050781 0.035156 0.035156
0 0.271484 0.326172 0.027344 0.027344
0 0.527344 0.406250 0.023438 0.023438
0 0.050781 0.615234 0.035156 0.035156
0 0.439453 0.564453 0.031250 0.031250
0 0.462891 0.169922 0.027344 0.027344
0 0.789062 0.224609 0.023438 0.023438
1 0.800781 0.326172 0.029603 0.041716
1 0.748047 0.214844 0.025184 0.054458
1 0.759766 0.914062 0.014816 0.049581
1 0.695312 0.808594 0.049984 0.018400
1 0.275391 0.613281 0.048124 0.032837
1 0.585938 0.349609 0.050197 0.023957
1 0.511719 0.154297 0.056947 0.011736
1 0.824219 0.068359 0.026935 0.030638
1 0.638672 0.951172 0.053623 0.040574
1 0.724609 0.572266 0.027422 0.032017
1 0.125000 0.621094 0.024986 0.045073
1 0.070312 0.648438 0.029187 0.039846
1 0.955078 0.568359 0.038920 0.019908
1 0.650391 0.029297 0.030207 0.014228
1 0.121094 0.210938 0.019276 0.051712
1 0.888672 0.099609 0.032167 0.040781
1 0.582031 0.843750 0.028720 0.026313
1 0.128906 0.355469 0.042150 0.018080
1 0.482422 0.964844 0.057815 0.021376
1 0.750000 0.541016 0.036441 0.028401