0 0.955078 0.058594 0.027344 0.027344
0 0.789062 0.250000 0.035156 0.035156
0 0.232422 0.644531 0.023438 0.023438
0 0.677734 0.679688 0.031250 0.031250
0 0.466797 0.527344 0.027344 0.027344
0 0.605469 0.060547 0.027344 0.027344
0 0.501953 0.740234 0.031250 0.031250
0 0.576172 0.324219 0.031250 0.031250
0 0.404297 0.439453 0.023438 0.023438
0 0.806641 0.376953 0.027344 0.027344
0 0.898438 0.589844 0.023438 0.023438
0 0.402344 0.691406 0.035156 0.035156
0 0.150391 0.718750 0.035156 0.035156
0 0.025391 0.322266 0.031250 0.031250
0 0.287109 0.126953 0.027344 0.027344
0 0.248047 0.576172 0.031250 0.031250
0 0.953125 0.644531 0.035156 0.035156
0 0.593750 0.466797 0.035156 0.035156
0 0.611328 0.240234 0.023438 0.023438
0 0.908203 0.488281 0.035156 0.035156
0 0.837891 0.582031 0.023438 0.023438
0 0.431641 0.287109 0.035156 0.035156
0 0.894531 0.697266 0.023438 0.023438
0 0.519531 0.128906 0.023438 0.023438
0 0.292969 0.798828 0.035156 0.035156
0 0.361328 0.109375 0.031250 0.031250
0 0.470703 0.318359 0.023438 0.023438
0 0.414062 0.386719 0.031250 0.031250
0 0.855469 0.255859 0.031250 0.031250
0 0.900391 0.572266 0.027344 0.027344
1 0.869141 0.939453 0.027085 0.039501
1 0.480469 0.564453 0.035073 0.019230
1 0.898438 0.964844 0.040259 0.019543
1 0.830078 0.492188 0.038471 0.054459
1 0.130859 0.214844 0.023385 0.051506
1 0.089844 0.916016 0.051240 0.048060
1 0.652344 0.558594 0.057555 0.017575
1 0.359375 0.761719 0.055331 0.014495
1 0.748047 0.328125 0.016740 0.042088
1 0.949219 0.417969 0.042344 0.017991
1 0.830078 0.210938 0.027544 0.045053
1 0.322266 0.949219 0.013211 0.043352
1 0.824219 0.968750 0.018080 0.042150
1 0.492188 0.613281 0.025585 0.035483
1 0.216797 0.542969 0.033085 0.018448
1 0.923828 0.851562 0.055786 0.019216
1 0.410156 0.720703 0.037350 0.026044
1 0.951172 0.849609 0.025045 0.037635
1 0.517578 0.927734 0.045209 0.032513
1 0.484375 0.287109 0.028015 0.052731