0 0.859375 0.298828 0.031250 0.031250
0 0.880859 0.306641 0.027344 0.027344
0 0.552734 0.246094 0.035156 0.035156
0 0.103516 0.978516 0.023438 0.023438
0 0.041016 0.714844 0.027344 0.027344
0 0.794922 0.183594 0.027344 0.027344
0 0.187500 0.771484 0.023438 0.023438
0 0.525391 0.871094 0.035156 0.035156
0 0.667969 0.839844 0.027344 0.027344
0 0.156250 0.208984 0.031250 0.031250
0 0.773438 0.103516 0.031250 0.031250
0 0.232422 0.746094 0.031250 0.031250
0 0.195312 0.669922 0.031250 0.031250
0 0.646484 0.908203 0.031250 0.031250
0 0.519531 0.294922 0.027344 0.027344
0 0.167969 0.871094 0.035156 0.035156
0 0.169922 0.068359 0.031250 0.031250
0 0.400391 0.861328 0.023438 0.023438
0 0.171875 0.248047 0.035156 0.035156
0 0.490234 0.621094 0.023438 0.023438
0 0.910156 0.712891 0.023438 0.023438
0 0.064453 0.654297 0.031250 0.031250
0 0.855469 0.087891 0.035156 0.035156
0 0.697266 0.837891 0.027344 0.027344
0 0.529297 0.439453 0.035156 0.035156
0 0.269531 0.167969 0.031250 0.031250
0 0.828125 0.738281 0.031250 0.031250
0 0.175781 0.228516 0.027344 0.027344
0 0.349609 0.574219 0.035156 0.035156
0 0.257812 0.378906 0.023438 0.023438
1 0.203125 0.662109 0.054239 0.043687
1 0.941406 0.636719 0.015451 0.038180
1 0.658203 0.140625 0.017378 0.032683
1 0.521484 0.306641 0.031909 0.034221
1 0.675781 0.226562 0.014360 0.051325
1 0.367188 0.076172 0.022811 0.039383
1 0.216797 0.308594 0.042962 0.021901
1 0.205078 0.771484 0.030761 0.046599
1 0.708984 0.531250 0.042286 0.037377
1 0.873047 0.748047 0.045341 0.035399
1 0.402344 0.732422 0.046823 0.037749
1 0.072266 0.458984 0.030529 0.039717
1 0.560547 0.087891 0.015027 0.039516
1 0.662109 0.898438 0.056286 0.034558
1 0.335938 0.218750 0.018341 0.030881
1 0.753906 0.326172 0.028168 0.029758
1 0.433594 0.146484 0.025583 0.053171
1 0.468750 0.378906 0.048654 0.037469
1 0.867188 0.169922 0.050213 0.023183
1 0.298828 0.511719 0.053968 0.020698