0 0.792969 0.677734 0.031250 0.031250
0 0.371094 0.333984 0.031250 0.031250
0 0.154297 0.982422 0.027344 0.027344
0 0.601562 0.783203 0.031250 0.031250
0 0.410156 0.347656 0.035156 0.035156
0 0.380859 0.140625 0.031250 0.031250
0 0.626953 0.193359 0.023438 0.023438
0 0.845703 0.767578 0.027344 0.027344
0 0.972656 0.566406 0.035156 0.035156
0 0.052734 0.230469 0.023438 0.023438
0 0.613281 0.408203 0.023438 0.023438
0 0.914062 0.087891 0.035156 0.035156
0 0.728516 0.123047 0.023438 0.023438
0 0.849609 0.681641 0.035156 0.035156
0 0.279297 0.615234 0.031250 0.031250
0 0.466797 0.779297 0.027344 0.027344
0 0.939453 0.083984 0.031250 0.031250
0 0.482422 0.068359 0.031250 0.031250
0 0.257812 0.031250 0.027344 0.027344
0 0.359375 0.181641 0.035156 0.035156
0 0.474609 0.326172 0.035156 0.035156
0 0.753906 0.650391 0.027344 0.027344
0 0.783203 0.394531 0.035156 0.035156
0 0.816406 0.720703 0.031250 0.031250
0 0.283203 0.289062 0.031250 0.031250
0 0.142578 0.753906 0.035156 0.035156
0 0.933594 0.427734 0.035156 0.035156
0 0.925781 0.093750 0.027344 0.027344
0 0.623047 0.875000 0.027344 0.027344
0 0.658203 0.322266 0.031250 0.031250
1 0.693359 0.302734 0.052521 0.028695
1 0.228516 0.455078 0.025799 0.038668
1 0.306641 0.910156 0.034725 0.041440
1 0.466797 0.896484 0.023353 0.037617
1 0.119141 0.566406 0.030627 0.032747
1 0.433594 0.279297 0.018026 0.034599
1 0.623047 0.816406 0.043097 0.028611
1 0.753906 0.890625 0.039227 0.010446
1 0.449219 0.308594 0.030464 0.014228
1 0.277344 0.945312 0.054239 0.043687
1 0.886719 0.515625 0.036044 0.014738
1 0.921875 0.318359 0.034041 0.023535
1 0.500000 0.283203 0.051635 0.034549
1 0.822266 0.103516 0.037342 0.030861
1 0.664062 0.636719 0.048661 0.029562
1 0.121094 0.310547 0.040047 0.022537
1 0.757812 0.960938 0.032810 0.016967
1 0.164062 0.291016 0.034737 0.041651
1 0.337891 0.517578 0.034208 0.034835
1 0.666016 0.908203 0.035179 0.020914