0 0.388672 0.144531 0.031250 0.031250
0 0.259766 0.640625 0.027344 0.027344
0 0.164062 0.193359 0.035156 0.035156
0 0.462891 0.330078 0.027344 0.027344
0 0.601562 0.816406 0.035156 0.035156
0 0.212891 0.265625 0.023438 0.023438
0 0.873047 0.708984 0.035156 0.035156
0 0.601562 0.787109 0.027344 0.027344
0 0.300781 0.253906 0.031250 0.031250
0 0.589844 0.224609 0.027344 0.027344
0 0.128906 0.205078 0.035156 0.035156
0 0.283203 0.574219 0.027344 0.027344
0 0.470703 0.869141 0.027344 0.027344
0 0.220703 0.150391 0.035156 0.035156
0 0.853516 0.640625 0.031250 0.031250
0 0.919922 0.113281 0.035156 0.035156
0 0.195312 0.873047 0.035156 0.035156
0 0.818359 0.425781 0.027344 0.027344
0 0.896484 0.177734 0.023438 0.023438
0 0.330078 0.064453 0.035156 0.035156
0 0.105469 0.052734 0.035156 0.035156
0 0.208984 0.025391 0.023438 0.023438
0 0.449219 0.525391 0.035156 0.035156
0 0.462891 0.943359 0.031250 0.031250
0 0.593750 0.718750 0.035156 0.035156
0 0.152344 0.750000 0.035156 0.035156
0 0.724609 0.681641 0.031250 0.031250
0 0.962891 0.587891 0.027344 0.027344
0 0.203125 0.980469 0.035156 0.035156
0 0.755859 0.861328 0.027344 0.027344
1 0.398438 0.244141 0.049185 0.044370
1 0.777344 0.306641 0.044104 0.037954
1 0.623047 0.697266 0.036173 0.014563
1 0.550781 0.869141 0.041040 0.041811
1 0.667969 0.228516 0.015383 0.034394
1 0.791016 0.675781 0.015760 0.047718
1 0.400391 0.837891 0.036177 0.022726
1 0.744141 0.097656 0.051131 0.041625
1 0.189453 0.701172 0.013284 0.051339
1 0.791016 0.466797 0.042178 0.040636
1 0.617188 0.750000 0.031516 0.020618
1 0.222656 0.869141 0.050570 0.037873
1 0.724609 0.906250 0.020586 0.042767
1 0.890625 0.130859 0.030802 0.042752
1 0.115234 0.349609 0.051921 0.031137
1 0.634766 0.433594 0.019197 0.030870
1 0.074219 0.373047 0.029095 0.044459
1 0.914062 0.960938 0.038735 0.019178
1 0.660156 0.962891 0.022416 0.038144
1 0.767578 0.498047 0.036447 0.038085