0 0.861328 0.873047 0.027344 0.027344
0 0.812500 0.703125 0.035156 0.035156
0 0.833984 0.798828 0.023438 0.023438
0 0.949219 0.648438 0.023438 0.023438
0 0.345703 0.921875 0.023438 0.023438
0 0.509766 0.304688 0.031250 0.031250
0 0.619141 0.265625 0.027344 0.027344
0 0.384766 0.460938 0.023438 0.023438
0 0.197266 0.810547 0.031250 0.031250
0 0.224609 0.888672 0.023438 0.023438
0 0.517578 0.511719 0.023438 0.023438
0 0.505859 0.664062 0.027344 0.027344
0 0.480469 0.916016 0.027344 0.027344
0 0.189453 0.738281 0.023438 0.023438
0 0.628906 0.050781 0.023438 0.023438
0 0.916016 0.208984 0.027344 0.027344
0 0.265625 0.755859 0.035156 0.035156
0 0.289062 0.679688 0.023438 0.023438
0 0.417969 0.302734 0.031250 0.031250
0 0.626953 0.027344 0.031250 0.031250
0 0.267578 0.900391 0.023438 0.023438
0 0.673828 0.396484 0.035156 0.035156
0 0.669922 0.451172 0.031250 0.031250
0 0.371094 0.593750 0.023438 0.023438
0 0.050781 0.294922 0.027344 0.027344
0 0.933594 0.935547 0.023438 0.023438
0 0.128906 0.248047 0.035156 0.035156
0 0.132812 0.593750 0.031250 0.031250
0 0.837891 0.384766 0.035156 0.035156
0 0.912109 0.437500 0.035156 0.035156
1 0.697266 0.546875 0.040320 0.033125
1 0.857422 0.763672 0.018400 0.049984
1 0.851562 0.638672 0.030851 0.019616
1 0.271484 0.955078 0.040074 0.042676
1 0.818359 0.070312 0.021620 0.030613
1 0.376953 0.142578 0.026098 0.030841
1 0.443359 0.548828 0.048253 0.024912
1 0.671875 0.408203 0.034239 0.014292
1 0.287109 0.304688 0.046599 0.030761
1 0.640625 0.128906 0.032849 0.017888
1 0.841797 0.890625 0.053736 0.033939
1 0.560547 0.941406 0.017272 0.036393
1 0.501953 0.548828 0.049712 0.016466
1 0.146484 0.482422 0.029680 0.039688
1 0.283203 0.246094 0.034511 0.016226
1 0.660156 0.976562 0.024872 0.037712
1 0.226562 0.378906 0.027462 0.043191
1 0.632812 0.396484 0.042813 0.042813
1 0.931641 0.500000 0.040967 0.051519
1 0.708984 0.240234 0.024015 0.037873