0 0.087891 0.527344 0.023438 0.023438
0 0.722656 0.234375 0.027344 0.027344
0 0.353516 0.466797 0.035156 0.035156
0 0.582031 0.542969 0.031250 0.031250
0 0.925781 0.076172 0.023438 0.023438
0 0.292969 0.378906 0.027344 0.027344
0 0.181641 0.558594 0.035156 0.035156
0 0.822266 0.912109 0.035156 0.035156
0 0.380859 0.386719 0.035156 0.035156
0 0.570312 0.714844 0.023438 0.023438
0 0.328125 0.570312 0.027344 0.027344
0 0.599609 0.701172 0.035156 0.035156
0 0.457031 0.371094 0.035156 0.035156
0 0.308594 0.083984 0.031250 0.031250
0 0.050781 0.015625 0.023438 0.023438
0 0.271484 0.927734 0.027344 0.027344
0 0.544922 0.248047 0.023438 0.023438
0 0.201172 0.072266 0.035156 0.035156
0 0.164062 0.689453 0.023438 0.023438
0 0.416016 0.529297 0.023438 0.023438
0 0.701172 0.156250 0.023438 0.023438
0 0.439453 0.634766 0.031250 0.031250
0 0.615234 0.076172 0.031250 0.031250
0 0.943359 0.976562 0.023438 0.023438
0 0.369141 0.546875 0.031250 0.031250
0 0.662109 0.130859 0.031250 0.031250
0 0.945312 0.513672 0.023438 0.023438
0 0.896484 0.701172 0.035156 0.035156
0 0.816406 0.191406 0.035156 0.035156
0 0.550781 0.583984 0.023438 0.023438
1 0.236328 0.386719 0.018058 0.053769
1 0.595703 0.583984 0.021193 0.052084
1 0.466797 0.253906 0.039516 0.015027
1 0.226562 0.535156 0.033882 0.022211
1 0.662109 0.080078 0.050559 0.029548
1 0.689453 0.976562 0.044230 0.026962
1 0.257812 0.865234 0.045741 0.023169
1 0.892578 0.787109 0.052871 0.034297
1 0.095703 0.080078 0.043107 0.045228
1 0.173828 0.472656 0.009766 0.041016
1 0.744141 0.189453 0.035517 0.036288
1 0.628906 0.179688 0.049525 0.029866
1 0.085938 0.988281 0.030870 0.019197
1 0.212891 0.300781 0.045131 0.043203
1 0.730469 0.496094 0.049181 0.050241
1 0.548828 0.861328 0.040259 0.019543
1 0.546875 0.906250 0.026281 0.045091
1 0.191406 0.357422 0.042176 0.033743
1 0.808594 0.517578 0.030043 0.013734
1 0.388672 0.746094 0.031505 0.023002