0 0.730469 0.650391 0.027344 0.027344
0 0.025391 0.888672 0.023438 0.023438
0 0.384766 0.126953 0.031250 0.031250
0 0.173828 0.205078 0.031250 0.031250
0 0.960938 0.251953 0.027344 0.027344
0 0.318359 0.480469 0.023438 0.023438
0 0.845703 0.974609 0.035156 0.035156
0 0.593750 0.671875 0.031250 0.031250
0 0.285156 0.154297 0.035156 0.035156
0 0.410156 0.521484 0.031250 0.031250
0 0.380859 0.208984 0.035156 0.035156
0 0.376953 0.388672 0.031250 0.031250
0 0.019531 0.238281 0.035156 0.035156
0 0.839844 0.277344 0.031250 0.031250
0 0.294922 0.632812 0.023438 0.023438
0 0.843750 0.255859 0.035156 0.035156
0 0.484375 0.925781 0.023438 0.023438
0 0.906250 0.472656 0.035156 0.035156
0 0.496094 0.589844 0.023438 0.023438
0 0.720703 0.066406 0.035156 0.035156
0 0.839844 0.691406 0.027344 0.027344
0 0.701172 0.644531 0.035156 0.035156
0 0.023438 0.257812 0.031250 0.031250
0 0.029297 0.945312 0.023438 0.023438
0 0.396484 0.814453 0.031250 0.031250
0 0.474609 0.314453 0.027344 0.027344
0 0.455078 0.183594 0.023438 0.023438
0 0.699219 0.570312 0.023438 0.023438
0 0.156250 0.775391 0.035156 0.035156
0 0.289062 0.273438 0.035156 0.035156
1 0.400391 0.691406 0.016636 0.043818
1 0.519531 0.773438 0.042657 0.022570
1 0.753906 0.921875 0.045120 0.012501
1 0.359375 0.886719 0.027700 0.037592
1 0.935547 0.591797 0.023333 0.034124
1 0.371094 0.669922 0.033743 0.042176
1 0.531250 0.837891 0.014258 0.049375
1 0.904297 0.082031 0.046253 0.019045
1 0.240234 0.863281 0.028880 0.048724
1 0.757812 0.757812 0.043352 0.013211
1 0.791016 0.037109 0.027781 0.032394
1 0.580078 0.871094 0.048056 0.027044
1 0.185547 0.375000 0.040363 0.044937
1 0.548828 0.947266 0.031032 0.039464
1 0.160156 0.921875 0.045547 0.034856
1 0.101562 0.978516 0.043167 0.012467
1 0.318359 0.166016 0.024495 0.041353
1 0.933594 0.105469 0.054918 0.014624
1 0.701172 0.779297 0.033146 0.033146
1 0.861328 0.146484 0.047221 0.035861