0 0.312500 0.453125 0.023438 0.023438
0 0.263672 0.500000 0.027344 0.027344
0 0.765625 0.630859 0.023438 0.023438
0 0.455078 0.773438 0.027344 0.027344
0 0.748047 0.908203 0.031250 0.031250
0 0.509766 0.355469 0.027344 0.027344
0 0.599609 0.548828 0.023438 0.023438
0 0.617188 0.720703 0.023438 0.023438
0 0.781250 0.140625 0.035156 0.035156
0 0.107422 0.156250 0.035156 0.035156
0 0.626953 0.201172 0.027344 0.027344
0 0.802734 0.951172 0.027344 0.027344
0 0.257812 0.119141 0.023438 0.023438
0 0.457031 0.539062 0.031250 0.031250
0 0.601562 0.199219 0.031250 0.031250
0 0.832031 0.644531 0.023438 0.023438
0 0.472656 0.226562 0.023438 0.023438
0 0.917969 0.939453 0.035156 0.035156
0 0.955078 0.828125 0.027344 0.027344
0 0.054688 0.828125 0.031250 0.031250
0 0.675781 0.533203 0.031250 0.031250
0 0.443359 0.531250 0.035156 0.035156
0 0.679688 0.351562 0.023438 0.023438
0 0.490234 0.730469 0.027344 0.027344
0 0.654297 0.685547 0.023438 0.023438
0 0.082031 0.970703 0.023438 0.023438
0 0.839844 0.316406 0.035156 0.035156
0 0.039062 0.728516 0.027344 0.027344
0 0.486328 0.898438 0.023438 0.023438
0 0.615234 0.148438 0.027344 0.027344
1 0.388672 0.306641 0.011899 0.041471
1 0.195312 0.199219 0.044613 0.031124
1 0.732422 0.496094 0.036543 0.026852
1 0.583984 0.458984 0.038513 0.028489
1 0.429688 0.166016 0.014283 0.035390
1 0.548828 0.880859 0.036873 0.037693
1 0.533203 0.318359 0.032471 0.015044
1 0.480469 0.593750 0.019341 0.046274
1 0.873047 0.205078 0.057759 0.019518
1 0.179688 0.691406 0.054156 0.030357
1 0.697266 0.515625 0.057449 0.017553
1 0.435547 0.546875 0.037316 0.039918
1 0.265625 0.232422 0.015107 0.040041
1 0.628906 0.214844 0.050256 0.020334
1 0.400391 0.523438 0.024833 0.046930
1 0.564453 0.542969 0.047560 0.036493
1 0.863281 0.074219 0.042294 0.048357
1 0.507812 0.667969 0.053613 0.017895
1 0.175781 0.185547 0.049493 0.013984
1 0.910156 0.054688 0.035762 0.029713