0 0.552734 0.160156 0.023438 0.023438
0 0.392578 0.916016 0.027344 0.027344
0 0.779297 0.937500 0.023438 0.023438
0 0.437500 0.261719 0.027344 0.027344
0 0.779297 0.169922 0.031250 0.031250
0 0.982422 0.464844 0.023438 0.023438
0 0.835938 0.208984 0.023438 0.023438
0 0.257812 0.646484 0.027344 0.027344
0 0.103516 0.304688 0.035156 0.035156
0 0.400391 0.796875 0.035156 0.035156
0 0.523438 0.134766 0.031250 0.031250
0 0.484375 0.583984 0.027344 0.027344
0 0.439453 0.207031 0.023438 0.023438
0 0.681641 0.695312 0.023438 0.023438
0 0.376953 0.574219 0.023438 0.023438
0 0.160156 0.224609 0.035156 0.035156
0 0.900391 0.902344 0.023438 0.023438
0 0.316406 0.548828 0.027344 0.027344
0 0.298828 0.628906 0.027344 0.027344
0 0.792969 0.621094 0.027344 0.027344
0 0.833984 0.085938 0.027344 0.027344
0 0.373047 0.333984 0.035156 0.035156
0 0.855469 0.714844 0.035156 0.035156
0 0.333984 0.634766 0.035156 0.035156
0 0.351562 0.751953 0.027344 0.027344
0 0.810547 0.876953 0.027344 0.027344
0 0.189453 0.884766 0.035156 0.035156
0 0.654297 0.359375 0.035156 0.035156
0 0.515625 0.187500 0.031250 0.031250
0 0.046875 0.160156 0.023438 0.023438
1 0.871094 0.175781 0.016049 0.032598
1 0.914062 0.123047 0.043070 0.027010
1 0.453125 0.570312 0.050552 0.034824
1 0.771484 0.068359 0.033252 0.037865
1 0.921875 0.544922 0.038469 0.054912
1 0.851562 0.703125 0.031369 0.024101
1 0.656250 0.167969 0.031838 0.040525
1 0.517578 0.765625 0.042962 0.021901
1 0.888672 0.345703 0.024189 0.035879
1 0.164062 0.517578 0.032708 0.042650
1 0.066406 0.726562 0.033848 0.048861
1 0.402344 0.199219 0.041675 0.015800
1 0.064453 0.595703 0.024228 0.058209
1 0.296875 0.537109 0.014556 0.051012
1 0.458984 0.816406 0.039129 0.045664
1 0.353516 0.234375 0.048653 0.038112
1 0.210938 0.271484 0.032155 0.054919
1 0.205078 0.226562 0.012330 0.037700
1 0.923828 0.912109 0.029326 0.046412
1 0.355469 0.023438 0.033928 0.012622