0 0.535156 0.783203 0.027344 0.027344
0 0.490234 0.779297 0.023438 0.023438
0 0.027344 0.812500 0.035156 0.035156
0 0.382812 0.414062 0.027344 0.027344
0 0.603516 0.660156 0.031250 0.031250
0 0.773438 0.046875 0.023438 0.023438
0 0.492188 0.939453 0.031250 0.031250
0 0.546875 0.361328 0.027344 0.027344
0 0.175781 0.345703 0.035156 0.035156
0 0.718750 0.156250 0.031250 0.031250
0 0.849609 0.099609 0.023438 0.023438
0 0.121094 0.865234 0.027344 0.027344
0 0.166016 0.152344 0.031250 0.031250
0 0.207031 0.404297 0.035156 0.035156
0 0.748047 0.134766 0.035156 0.035156
0 0.126953 0.392578 0.023438 0.023438
0 0.052734 0.802734 0.023438 0.023438
0 0.869141 0.794922 0.035156 0.035156
0 0.734375 0.464844 0.031250 0.031250
0 0.529297 0.837891 0.023438 0.023438
0 0.505859 0.085938 0.031250 0.031250
0 0.666016 0.041016 0.031250 0.031250
0 0.255859 0.390625 0.027344 0.027344
0 0.089844 0.644531 0.031250 0.031250
0 0.750000 0.183594 0.023438 0.023438
0 0.337891 0.832031 0.023438 0.023438
0 0.671875 0.609375 0.035156 0.035156
0 0.603516 0.451172 0.031250 0.031250
0 0.082031 0.546875 0.023438 0.023438
0 0.822266 0.853516 0.035156 0.035156
1 0.937500 0.041016 0.034187 0.046215
1 0.566406 0.601562 0.035721 0.013543
1 0.082031 0.470703 0.022576 0.051578
1 0.257812 0.173828 0.039410 0.028074
1 0.529297 0.960938 0.011464 0.049139
1 0.361328 0.041016 0.031369 0.024101
1 0.849609 0.986328 0.026313 0.028720
1 0.285156 0.486328 0.041447 0.051039
1 0.216797 0.259766 0.041704 0.038093
1 0.533203 0.703125 0.030834 0.026606
1 0.708984 0.759766 0.038922 0.032009
1 0.830078 0.925781 0.037469 0.048654
1 0.556641 0.660156 0.013748 0.030371
1 0.333984 0.119141 0.028015 0.052731
1 0.367188 0.658203 0.017380 0.038486
1 0.453125 0.175781 0.045178 0.040122
1 0.810547 0.250000 0.048769 0.044915
1 0.146484 0.626953 0.015044 0.032471
1 0.404297 0.917969 0.026063 0.048828
1 0.431641 0.804688 0.031820 0.013338