0 0.126953 0.714844 0.035156 0.035156
0 0.826172 0.357422 0.031250 0.031250
0 0.251953 0.427734 0.023438 0.023438
0 0.984375 0.835938 0.027344 0.027344
0 0.726562 0.230469 0.027344 0.027344
0 0.875000 0.490234 0.027344 0.027344
0 0.923828 0.964844 0.035156 0.035156
0 0.427734 0.908203 0.027344 0.027344
0 0.585938 0.177734 0.031250 0.031250
0 0.640625 0.191406 0.027344 0.027344
0 0.791016 0.810547 0.031250 0.031250
0 0.587891 0.947266 0.031250 0.031250
0 0.166016 0.285156 0.035156 0.035156
0 0.708984 0.634766 0.027344 0.027344
0 0.626953 0.615234 0.023438 0.023438
0 0.773438 0.441406 0.027344 0.027344
0 0.175781 0.150391 0.031250 0.031250
0 0.289062 0.185547 0.027344 0.027344
0 0.210938 0.253906 0.023438 0.023438
0 0.964844 0.330078 0.023438 0.023438
0 0.710938 0.470703 0.031250 0.031250
0 0.906250 0.103516 0.035156 0.035156
0 0.332031 0.677734 0.035156 0.035156
0 0.566406 0.853516 0.031250 0.031250
0 0.285156 0.316406 0.035156 0.035156
0 0.970703 0.123047 0.031250 0.031250
0 0.251953 0.023438 0.027344 0.027344
0 0.833984 0.070312 0.031250 0.031250
0 0.794922 0.093750 0.023438 0.023438
0 0.937500 0.037109 0.023438 0.023438
1 0.917969 0.103516 0.022402 0.050213
1 0.806641 0.134766 0.033369 0.010344
1 0.062500 0.958984 0.039261 0.012399
1 0.208984 0.933594 0.055235 0.013557
1 0.617188 0.857422 0.016667 0.038291
1 0.681641 0.404297 0.033629 0.020826
1 0.376953 0.533203 0.030186 0.030572
1 0.310547 0.349609 0.031949 0.028485
1 0.714844 0.466797 0.030627 0.032747
1 0.820312 0.812500 0.023963 0.034074
1 0.392578 0.833984 0.016862 0.036418
1 0.792969 0.615234 0.044314 0.026339
1 0.669922 0.970703 0.040779 0.022032
1 0.570312 0.933594 0.015698 0.039724
1 0.673828 0.246094 0.037046 0.021485
1 0.435547 0.248047 0.040199 0.016392
1 0.871094 0.263672 0.012308 0.049272
1 0.218750 0.742188 0.041967 0.046206
1 0.855469 0.781250 0.057839 0.023239
1 0.271484 0.878906 0.034869 0.050096