0 0.958984 0.250000 0.035156 0.035156
0 0.695312 0.158203 0.031250 0.031250
0 0.228516 0.250000 0.027344 0.027344
0 0.271484 0.640625 0.031250 0.031250
0 0.785156 0.396484 0.027344 0.027344
0 0.400391 0.951172 0.035156 0.035156
0 0.693359 0.060547 0.031250 0.031250
0 0.728516 0.863281 0.035156 0.035156
0 0.275391 0.218750 0.031250 0.031250
0 0.570312 0.523438 0.035156 0.035156
0 0.521484 0.566406 0.027344 0.027344
0 0.888672 0.849609 0.035156 0.035156
0 0.255859 0.681641 0.031250 0.031250
0 0.878906 0.552734 0.027344 0.027344
0 0.291016 0.802734 0.023438 0.023438
0 0.931641 0.390625 0.027344 0.027344
0 0.283203 0.308594 0.027344 0.027344
0 0.054688 0.339844 0.035156 0.035156
0 0.888672 0.890625 0.027344 0.027344
0 0.173828 0.105469 0.031250 0.031250
0 0.095703 0.242188 0.023438 0.023438
0 0.072266 0.656250 0.023438 0.023438
0 0.818359 0.265625 0.023438 0.023438
0 0.410156 0.683594 0.027344 0.027344
0 0.066406 0.259766 0.023438 0.023438
0 0.441406 0.039062 0.027344 0.027344
0 0.507812 0.376953 0.023438 0.023438
0 0.652344 0.429688 0.031250 0.031250
0 0.582031 0.812500 0.031250 0.031250
0 0.867188 0.957031 0.027344 0.027344
1 0.779297 0.734375 0.035908 0.035908
1 0.939453 0.492188 0.045235 0.011327
1 0.281250 0.822266 0.045041 0.051104
1 0.859375 0.732422 0.048784 0.041480
1 0.906250 0.613281 0.032394 0.027781
1 0.064453 0.621094 0.028549 0.056565
1 0.300781 0.341797 0.030467 0.037318
1 0.496094 0.658203 0.017554 0.031093
1 0.255859 0.046875 0.031367 0.019011
1 0.818359 0.904297 0.052897 0.010684
1 0.611328 0.449219 0.043071 0.031633
1 0.437500 0.910156 0.050619 0.028824
1 0.380859 0.482422 0.032028 0.044971
1 0.539062 0.812500 0.043263 0.031081
1 0.541016 0.453125 0.023304 0.035175
1 0.544922 0.291016 0.031332 0.018902
1 0.261719 0.236328 0.054595 0.035214
1 0.898438 0.802734 0.027346 0.048931
1 0.644531 0.242188 0.019197 0.030870
1 0.525391 0.699219 0.052244 0.038879