0 0.117188 0.984375 0.023438 0.023438
0 0.451172 0.523438 0.027344 0.027344
0 0.468750 0.115234 0.023438 0.023438
0 0.625000 0.525391 0.035156 0.035156
0 0.246094 0.103516 0.027344 0.027344
0 0.427734 0.781250 0.027344 0.027344
0 0.474609 0.937500 0.023438 0.023438
0 0.062500 0.234375 0.023438 0.023438
0 0.771484 0.064453 0.031250 0.031250
0 0.683594 0.378906 0.035156 0.035156
0 0.414062 0.691406 0.027344 0.027344
0 0.599609 0.482422 0.023438 0.023438
0 0.054688 0.783203 0.023438 0.023438
0 0.755859 0.671875 0.027344 0.027344
0 0.599609 0.585938 0.027344 0.027344
0 0.431641 0.236328 0.023438 0.023438
0 0.843750 0.029297 0.031250 0.031250
0 0.320312 0.291016 0.035156 0.035156
0 0.033203 0.208984 0.031250 0.031250
0 0.451172 0.433594 0.027344 0.027344
0 0.537109 0.222656 0.027344 0.027344
0 0.533203 0.908203 0.023438 0.023438
0 0.046875 0.142578 0.027344 0.027344
0 0.515625 0.853516 0.027344 0.027344
0 0.634766 0.632812 0.023438 0.023438
0 0.310547 0.654297 0.035156 0.035156
0 0.156250 0.457031 0.035156 0.035156
0 0.498047 0.785156 0.027344 0.027344
0 0.183594 0.757812 0.031250 0.031250
0 0.044922 0.164062 0.031250 0.031250
1 0.175781 0.718750 0.044656 0.028470
1 0.171875 0.210938 0.024373 0.037692
1 0.097656 0.148438 0.042334 0.026813
1 0.126953 0.816406 0.038867 0.043682
1 0.656250 0.453125 0.018539 0.034609
1 0.183594 0.841797 0.045777 0.015167
1 0.072266 0.433594 0.031170 0.041193
1 0.251953 0.162109 0.043999 0.034886
1 0.630859 0.962891 0.041753 0.034834
1 0.902344 0.580078 0.037645 0.036922
1 0.132812 0.357422 0.054244 0.039953
1 0.359375 0.402344 0.035591 0.028442
1 0.496094 0.095703 0.030847 0.029883
1 0.144531 0.355469 0.027727 0.036306
1 0.253906 0.375000 0.048437 0.020836
1 0.775391 0.027344 0.046385 0.024341
1 0.705078 0.765625 0.052583 0.027139
1 0.076172 0.529297 0.033592 0.012870
1 0.371094 0.546875 0.045967 0.019621
1 0.650391 0.289062 0.040720 0.019614