0 0.498047 0.375000 0.023438 0.023438
0 0.669922 0.738281 0.023438 0.023438
0 0.904297 0.537109 0.027344 0.027344
0 0.906250 0.269531 0.035156 0.035156
0 0.148438 0.968750 0.035156 0.035156
0 0.664062 0.218750 0.031250 0.031250
0 0.615234 0.277344 0.035156 0.035156
0 0.753906 0.080078 0.027344 0.027344
0 0.068359 0.050781 0.023438 0.023438
0 0.650391 0.783203 0.027344 0.027344
0 0.013672 0.652344 0.023438 0.023438
0 0.273438 0.230469 0.023438 0.023438
0 0.351562 0.755859 0.023438 0.023438
0 0.279297 0.849609 0.027344 0.027344
0 0.226562 0.107422 0.031250 0.031250
0 0.785156 0.685547 0.027344 0.027344
0 0.812500 0.976562 0.031250 0.031250
0 0.435547 0.019531 0.027344 0.027344
0 0.572266 0.771484 0.035156 0.035156
0 0.216797 0.166016 0.035156 0.035156
0 0.269531 0.177734 0.035156 0.035156
0 0.166016 0.525391 0.031250 0.031250
0 0.357422 0.095703 0.031250 0.031250
0 0.224609 0.757812 0.023438 0.023438
0 0.566406 0.582031 0.031250 0.031250
0 0.820312 0.763672 0.031250 0.031250
0 0.816406 0.318359 0.023438 0.023438
0 0.625000 0.562500 0.023438 0.023438
0 0.929688 0.332031 0.027344 0.027344
0 0.857422 0.671875 0.027344 0.027344
1 0.460938 0.361328 0.032427 0.052086
1 0.714844 0.423828 0.034628 0.016769
1 0.253906 0.748047 0.046679 0.032975
1 0.683594 0.722656 0.016061 0.038241
1 0.818359 0.291016 0.041704 0.038093
1 0.480469 0.257812 0.030901 0.048491
1 0.058594 0.476562 0.035274 0.033684
1 0.619141 0.810547 0.018453 0.038370
1 0.810547 0.490234 0.046253 0.019045
1 0.152344 0.296875 0.033149 0.018891
1 0.751953 0.636719 0.042005 0.048646
1 0.089844 0.210938 0.045867 0.047988
1 0.222656 0.945312 0.016563 0.030789
1 0.185547 0.201172 0.020826 0.033629
1 0.503906 0.750000 0.037640 0.027249
1 0.517578 0.845703 0.013263 0.030269
1 0.671875 0.054688 0.039036 0.020501
1 0.291016 0.392578 0.034160 0.034883
1 0.757812 0.841797 0.026876 0.043218
1 0.474609 0.945312 0.016106 0.030743