0 0.412109 0.960938 0.027344 0.027344
0 0.207031 0.605469 0.027344 0.027344
0 0.753906 0.941406 0.023438 0.023438
0 0.140625 0.609375 0.035156 0.035156
0 0.050781 0.941406 0.035156 0.035156
0 0.480469 0.419922 0.031250 0.031250
0 0.662109 0.708984 0.031250 0.031250
0 0.664062 0.253906 0.035156 0.035156
0 0.291016 0.013672 0.027344 0.027344
0 0.687500 0.564453 0.027344 0.027344
0 0.197266 0.376953 0.031250 0.031250
0 0.857422 0.445312 0.023438 0.023438
0 0.507812 0.195312 0.035156 0.035156
0 0.355469 0.134766 0.035156 0.035156
0 0.542969 0.347656 0.027344 0.027344
0 0.519531 0.177734 0.035156 0.035156
0 0.578125 0.177734 0.031250 0.031250
0 0.832031 0.539062 0.023438 0.023438
0 0.630859 0.814453 0.027344 0.027344
0 0.431641 0.142578 0.027344 0.027344
0 0.019531 0.568359 0.023438 0.023438
0 0.234375 0.050781 0.035156 0.035156
0 0.529297 0.292969 0.031250 0.031250
0 0.472656 0.757812 0.031250 0.031250
0 0.414062 0.789062 0.027344 0.027344
0 0.439453 0.496094 0.027344 0.027344
0 0.804688 0.158203 0.023438 0.023438
0 0.591797 0.431641 0.031250 0.031250
0 0.427734 0.890625 0.027344 0.027344
0 0.617188 0.080078 0.027344 0.027344
1 0.570312 0.283203 0.018907 0.048131
1 0.892578 0.804688 0.029539 0.031080
1 0.892578 0.398438 0.044315 0.018807
1 0.654297 0.300781 0.030995 0.017094
1 0.662109 0.011719 0.043265 0.042349
1 0.218750 0.294922 0.051473 0.029888
1 0.900391 0.130859 0.044057 0.034294
1 0.605469 0.132812 0.015383 0.034394
1 0.107422 0.150391 0.041480 0.048784
1 0.791016 0.855469 0.044541 0.033181
1 0.115234 0.619141 0.037034 0.040117
1 0.914062 0.125000 0.025040 0.042550
1 0.357422 0.375000 0.041468 0.015095
1 0.564453 0.171875 0.053580 0.037543
1 0.312500 0.958984 0.045576 0.016004
1 0.291016 0.662109 0.043065 0.039597
1 0.607422 0.357422 0.046345 0.025027
1 0.289062 0.277344 0.029373 0.042316
1 0.890625 0.210938 0.050213 0.022402
1 0.212891 0.910156 0.018128 0.048050