0 0.806641 0.589844 0.027344 0.027344
0 0.470703 0.789062 0.035156 0.035156
0 0.542969 0.322266 0.035156 0.035156
0 0.195312 0.654297 0.031250 0.031250
0 0.716797 0.568359 0.023438 0.023438
0 0.025391 0.177734 0.035156 0.035156
0 0.144531 0.501953 0.035156 0.035156
0 0.572266 0.791016 0.031250 0.031250
0 0.566406 0.353516 0.023438 0.023438
0 0.763672 0.093750 0.027344 0.027344
0 0.873047 0.212891 0.027344 0.027344
0 0.660156 0.853516 0.031250 0.031250
0 0.134766 0.398438 0.031250 0.031250
0 0.164062 0.027344 0.023438 0.023438
0 0.970703 0.947266 0.023438 0.023438
0 0.523438 0.216797 0.027344 0.027344
0 0.265625 0.628906 0.027344 0.027344
0 0.369141 0.843750 0.023438 0.023438
0 0.681641 0.232422 0.027344 0.027344
0 0.800781 0.867188 0.027344 0.027344
0 0.238281 0.261719 0.035156 0.035156
0 0.523438 0.265625 0.031250 0.031250
0 0.093750 0.449219 0.027344 0.027344
0 0.326172 0.804688 0.027344 0.027344
0 0.849609 0.593750 0.023438 0.023438
0 0.074219 0.468750 0.031250 0.031250
0 0.035156 0.697266 0.027344 0.027344
0 0.873047 0.976562 0.023438 0.023438
0 0.373047 0.021484 0.031250 0.031250
0 0.882812 0.935547 0.035156 0.035156
1 0.384766 0.623047 0.033146 0.033146
1 0.919922 0.966797 0.057305 0.035528
1 0.845703 0.669922 0.014612 0.047639
1 0.365234 0.914062 0.046074 0.045062
1 0.498047 0.513672 0.036657 0.035115
1 0.531250 0.667969 0.034160 0.034883
1 0.181641 0.585938 0.028183 0.044020
1 0.601562 0.109375 0.038322 0.036154
1 0.656250 0.773438 0.029415 0.056378
1 0.259766 0.791016 0.031712 0.028823
1 0.556641 0.435547 0.017863 0.038355
1 0.429688 0.857422 0.053885 0.040677
1 0.416016 0.818359 0.042614 0.036891
1 0.310547 0.207031 0.033953 0.055682
1 0.076172 0.353516 0.039501 0.027085
1 0.787109 0.478516 0.051420 0.032642
1 0.419922 0.314453 0.053580 0.037543
1 0.517578 0.521484 0.034563 0.048146
1 0.591797 0.935547 0.037505 0.030039
1 0.431641 0.398438 0.051801 0.033852