0 0.220703 0.140625 0.023438 0.023438
0 0.671875 0.341797 0.027344 0.027344
0 0.199219 0.976562 0.027344 0.027344
0 0.794922 0.449219 0.035156 0.035156
0 0.132812 0.587891 0.035156 0.035156
0 0.398438 0.064453 0.027344 0.027344
0 0.873047 0.195312 0.027344 0.027344
0 0.312500 0.720703 0.023438 0.023438
0 0.640625 0.105469 0.027344 0.027344
0 0.267578 0.171875 0.031250 0.031250
0 0.408203 0.615234 0.023438 0.023438
0 0.451172 0.363281 0.027344 0.027344
0 0.558594 0.562500 0.035156 0.035156
0 0.718750 0.220703 0.035156 0.035156
0 0.072266 0.195312 0.027344 0.027344
0 0.597656 0.666016 0.035156 0.035156
0 0.947266 0.404297 0.031250 0.031250
0 0.425781 0.326172 0.027344 0.027344
0 0.851562 0.912109 0.023438 0.023438
0 0.958984 0.916016 0.031250 0.031250
0 0.912109 0.119141 0.027344 0.027344
0 0.169922 0.466797 0.031250 0.031250
0 0.654297 0.466797 0.031250 0.031250
0 0.316406 0.394531 0.031250 0.031250
0 0.093750 0.423828 0.027344 0.027344
0 0.134766 0.218750 0.023438 0.023438
0 0.591797 0.285156 0.023438 0.023438
0 0.236328 0.765625 0.023438 0.023438
0 0.199219 0.906250 0.023438 0.023438
0 0.177734 0.105469 0.031250 0.031250
1 0.826172 0.173828 0.023647 0.046412
1 0.085938 0.507812 0.037460 0.039773
1 0.658203 0.906250 0.041791 0.023816
1 0.501953 0.671875 0.031305 0.024453
1 0.779297 0.914062 0.029374 0.035699
1 0.417969 0.912109 0.042532 0.040219
1 0.240234 0.037109 0.050705 0.026601
1 0.437500 0.017578 0.046506 0.037547
1 0.050781 0.703125 0.027338 0.034803
1 0.214844 0.210938 0.026274 0.033165
1 0.773438 0.673828 0.018432 0.036717
1 0.941406 0.500000 0.029902 0.056236
1 0.617188 0.720703 0.042125 0.027955
1 0.904297 0.783203 0.017306 0.034734
1 0.738281 0.667969 0.046584 0.034157
1 0.390625 0.789062 0.028976 0.035867
1 0.433594 0.191406 0.030262 0.050485
1 0.693359 0.773438 0.045110 0.046026
1 0.248047 0.166016 0.026098 0.030841
1 0.597656 0.585938 0.034074 0.023963