0 0.417969 0.802734 0.027344 0.027344
0 0.015625 0.671875 0.023438 0.023438
0 0.941406 0.583984 0.027344 0.027344
0 0.207031 0.492188 0.027344 0.027344
0 0.550781 0.609375 0.035156 0.035156
0 0.847656 0.748047 0.023438 0.023438
0 0.181641 0.714844 0.027344 0.027344
0 0.845703 0.656250 0.031250 0.031250
0 0.777344 0.451172 0.023438 0.023438
0 0.628906 0.835938 0.023438 0.023438
0 0.623047 0.392578 0.027344 0.027344
0 0.701172 0.851562 0.023438 0.023438
0 0.582031 0.816406 0.031250 0.031250
0 0.138672 0.226562 0.031250 0.031250
0 0.375000 0.955078 0.035156 0.035156
0 0.435547 0.406250 0.027344 0.027344
0 0.472656 0.167969 0.023438 0.023438
0 0.716797 0.324219 0.035156 0.035156
0 0.470703 0.134766 0.031250 0.031250
0 0.173828 0.025391 0.023438 0.023438
0 0.876953 0.890625 0.035156 0.035156
0 0.492188 0.283203 0.027344 0.027344
0 0.707031 0.804688 0.035156 0.035156
0 0.333984 0.873047 0.027344 0.027344
0 0.773438 0.275391 0.027344 0.027344
0 0.507812 0.388672 0.031250 0.031250
0 0.937500 0.843750 0.023438 0.023438
0 0.740234 0.281250 0.035156 0.035156
0 0.103516 0.503906 0.031250 0.031250
0 0.054688 0.337891 0.035156 0.035156
1 0.193359 0.523438 0.047187 0.011396
1 0.259766 0.972656 0.018887 0.034988
1 0.929688 0.806641 0.031231 0.024797
1 0.291016 0.654297 0.028041 0.043151
1 0.628906 0.310547 0.040823 0.051364
1 0.675781 0.445312 0.026852 0.036543
1 0.814453 0.980469 0.020020 0.050121
1 0.132812 0.837891 0.015954 0.032577
1 0.068359 0.173828 0.010446 0.039227
1 0.101562 0.507812 0.046930 0.024833
1 0.433594 0.667969 0.052514 0.023931
1 0.142578 0.591797 0.030269 0.013263
1 0.351562 0.550781 0.031443 0.019772
1 0.919922 0.109375 0.037732 0.033690
1 0.953125 0.761719 0.036170 0.028152
1 0.052734 0.517578 0.037524 0.052751
1 0.355469 0.070312 0.035209 0.022368
1 0.548828 0.800781 0.042773 0.052711
1 0.615234 0.394531 0.047479 0.046419
1 0.142578 0.583984 0.020837 0.030736