0 0.066406 0.482422 0.027344 0.027344
0 0.632812 0.312500 0.031250 0.031250
0 0.240234 0.496094 0.027344 0.027344
0 0.718750 0.974609 0.035156 0.035156
0 0.558594 0.777344 0.035156 0.035156
0 0.847656 0.785156 0.031250 0.031250
0 0.121094 0.183594 0.023438 0.023438
0 0.535156 0.226562 0.031250 0.031250
0 0.962891 0.267578 0.027344 0.027344
0 0.908203 0.501953 0.027344 0.027344
0 0.044922 0.302734 0.035156 0.035156
0 0.306641 0.958984 0.027344 0.027344
0 0.015625 0.244141 0.027344 0.027344
0 0.322266 0.070312 0.031250 0.031250
0 0.630859 0.267578 0.035156 0.035156
0 0.435547 0.142578 0.027344 0.027344
0 0.080078 0.498047 0.035156 0.035156
0 0.642578 0.933594 0.035156 0.035156
0 0.052734 0.695312 0.031250 0.031250
0 0.195312 0.183594 0.027344 0.027344
0 0.566406 0.054688 0.031250 0.031250
0 0.916016 0.320312 0.023438 0.023438
0 0.685547 0.978516 0.031250 0.031250
0 0.298828 0.337891 0.023438 0.023438
0 0.187500 0.488281 0.031250 0.031250
0 0.851562 0.246094 0.031250 0.031250
0 0.193359 0.554688 0.031250 0.031250
0 0.101562 0.349609 0.035156 0.035156
0 0.455078 0.037109 0.035156 0.035156
0 0.382812 0.339844 0.035156 0.035156
1 0.205078 0.410156 0.054244 0.039953
1 0.814453 0.591797 0.035897 0.024663
1 0.250000 0.728516 0.046206 0.041967
1 0.871094 0.361328 0.024524 0.036940
1 0.404297 0.755859 0.048799 0.038247
1 0.759766 0.494141 0.041270 0.023316
1 0.546875 0.632812 0.038123 0.041784
1 0.367188 0.455078 0.036645 0.026402
1 0.193359 0.437500 0.034985 0.030943
1 0.314453 0.343750 0.056641 0.013672
1 0.486328 0.664062 0.042083 0.034305
1 0.865234 0.703125 0.028209 0.042719
1 0.714844 0.183594 0.043910 0.015651
1 0.660156 0.216797 0.023333 0.034124
1 0.800781 0.906250 0.028811 0.031503
1 0.781250 0.517578 0.041554 0.030134
1 0.806641 0.531250 0.039098 0.038230
1 0.902344 0.115234 0.020043 0.034574
1 0.634766 0.173828 0.012535 0.047072
1 0.289062 0.490234 0.013984 0.049493