0 0.242188 0.210938 0.035156 0.035156
0 0.857422 0.162109 0.023438 0.023438
0 0.710938 0.474609 0.031250 0.031250
0 0.898438 0.978516 0.027344 0.027344
0 0.488281 0.652344 0.023438 0.023438
0 0.064453 0.203125 0.035156 0.035156
0 0.580078 0.281250 0.027344 0.027344
0 0.798828 0.771484 0.027344 0.027344
0 0.453125 0.500000 0.031250 0.031250
0 0.525391 0.787109 0.035156 0.035156
0 0.039062 0.466797 0.027344 0.027344
0 0.978516 0.902344 0.027344 0.027344
0 0.119141 0.308594 0.023438 0.023438
0 0.273438 0.919922 0.035156 0.035156
0 0.251953 0.750000 0.035156 0.035156
0 0.744141 0.052734 0.035156 0.035156
0 0.560547 0.843750 0.023438 0.023438
0 0.306641 0.335938 0.023438 0.023438
0 0.716797 0.902344 0.035156 0.035156
0 0.291016 0.654297 0.031250 0.031250
0 0.140625 0.832031 0.035156 0.035156
0 0.414062 0.482422 0.031250 0.031250
0 0.173828 0.076172 0.027344 0.027344
0 0.919922 0.880859 0.031250 0.031250
0 0.662109 0.539062 0.031250 0.031250
0 0.291016 0.832031 0.031250 0.031250
0 0.462891 0.316406 0.023438 0.023438
0 0.976562 0.337891 0.023438 0.023438
0 0.607422 0.642578 0.023438 0.023438
0 0.339844 0.169922 0.023438 0.023438
1 0.154297 0.048828 0.026026 0.028914
1 0.593750 0.062500 0.037563 0.022833
1 0.341797 0.380859 0.033940 0.014006
1 0.519531 0.724609 0.027346 0.048931
1 0.574219 0.335938 0.035502 0.033383
1 0.111328 0.984375 0.030736 0.020837
1 0.880859 0.220703 0.031840 0.028474
1 0.267578 0.955078 0.028781 0.029215
1 0.884766 0.232422 0.014890 0.035612
1 0.832031 0.699219 0.046412 0.023647
1 0.685547 0.626953 0.034734 0.017306
1 0.580078 0.166016 0.045513 0.030225
1 0.371094 0.943359 0.038952 0.035341
1 0.439453 0.976562 0.033157 0.040503
1 0.181641 0.941406 0.042632 0.021293
1 0.164062 0.859375 0.031981 0.046369
1 0.833984 0.826172 0.022587 0.041960
1 0.328125 0.472656 0.048654 0.037469
1 0.232422 0.517578 0.057617 0.018556
1 0.070312 0.259766 0.040503 0.039587