0 0.064453 0.847656 0.035156 0.035156
0 0.246094 0.222656 0.031250 0.031250
0 0.033203 0.652344 0.027344 0.027344
0 0.158203 0.226562 0.023438 0.023438
0 0.535156 0.595703 0.035156 0.035156
0 0.607422 0.386719 0.023438 0.023438
0 0.035156 0.583984 0.035156 0.035156
0 0.099609 0.039062 0.035156 0.035156
0 0.066406 0.888672 0.035156 0.035156
0 0.363281 0.912109 0.035156 0.035156
0 0.205078 0.431641 0.023438 0.023438
0 0.388672 0.263672 0.031250 0.031250
0 0.568359 0.570312 0.023438 0.023438
0 0.570312 0.427734 0.035156 0.035156
0 0.919922 0.160156 0.035156 0.035156
0 0.597656 0.890625 0.035156 0.035156
0 0.242188 0.578125 0.027344 0.027344
0 0.539062 0.777344 0.023438 0.023438
0 0.585938 0.675781 0.027344 0.027344
0 0.859375 0.333984 0.023438 0.023438
0 0.269531 0.400391 0.031250 0.031250
0 0.861328 0.699219 0.023438 0.023438
0 0.074219 0.818359 0.027344 0.027344
0 0.962891 0.878906 0.035156 0.035156
0 0.292969 0.871094 0.035156 0.035156
0 0.771484 0.882812 0.027344 0.027344
0 0.841797 0.904297 0.027344 0.027344
0 0.384766 0.912109 0.023438 0.023438
0 0.310547 0.306641 0.031250 0.031250
0 0.523438 0.308594 0.023438 0.023438
1 0.611328 0.796875 0.041753 0.034834
1 0.775391 0.904297 0.027700 0.037592
1 0.410156 0.015625 0.034579 0.017508
1 0.810547 0.654297 0.040992 0.041860
1 0.306641 0.736328 0.028831 0.050560
1 0.369141 0.847656 0.040487 0.051999
1 0.708984 0.445312 0.039050 0.038278
1 0.613281 0.398438 0.011592 0.035619
1 0.683594 0.939453 0.049581 0.014816
1 0.388672 0.906250 0.020955 0.037024
1 0.296875 0.480469 0.024968 0.053971
1 0.525391 0.091797 0.043515 0.038895
1 0.605469 0.695312 0.026743 0.034011
1 0.177734 0.468750 0.033004 0.017960
1 0.572266 0.052734 0.043634 0.047295
1 0.949219 0.162109 0.048583 0.030236
1 0.580078 0.482422 0.045157 0.048627
1 0.761719 0.044922 0.015405 0.047716
1 0.292969 0.695312 0.043523 0.013952
1 0.566406 0.869141 0.020533 0.034541