0 0.812500 0.347656 0.035156 0.035156
0 0.529297 0.646484 0.023438 0.023438
0 0.519531 0.419922 0.027344 0.027344
0 0.119141 0.505859 0.023438 0.023438
0 0.058594 0.539062 0.027344 0.027344
0 0.179688 0.492188 0.027344 0.027344
0 0.101562 0.613281 0.035156 0.035156
0 0.917969 0.843750 0.031250 0.031250
0 0.615234 0.117188 0.031250 0.031250
0 0.050781 0.773438 0.035156 0.035156
0 0.460938 0.644531 0.027344 0.027344
0 0.601562 0.830078 0.031250 0.031250
0 0.267578 0.687500 0.023438 0.023438
0 0.292969 0.880859 0.035156 0.035156
0 0.156250 0.748047 0.031250 0.031250
0 0.375000 0.052734 0.027344 0.027344
0 0.107422 0.125000 0.035156 0.035156
0 0.224609 0.505859 0.023438 0.023438
0 0.337891 0.488281 0.031250 0.031250
0 0.634766 0.623047 0.035156 0.035156
0 0.175781 0.794922 0.031250 0.031250
0 0.542969 0.019531 0.035156 0.035156
0 0.363281 0.431641 0.031250 0.031250
0 0.658203 0.287109 0.031250 0.031250
0 0.214844 0.853516 0.031250 0.031250
0 0.087891 0.931641 0.027344 0.027344
0 0.531250 0.232422 0.027344 0.027344
0 0.685547 0.865234 0.027344 0.027344
0 0.560547 0.951172 0.023438 0.023438
0 0.734375 0.820312 0.027344 0.027344
1 0.482422 0.486328 0.044104 0.037954
1 0.218750 0.871094 0.054884 0.012671
1 0.390625 0.271484 0.041775 0.043799
1 0.666016 0.613281 0.057592 0.027767
1 0.041016 0.781250 0.027376 0.027858
1 0.697266 0.369141 0.053391 0.035405
1 0.951172 0.511719 0.046333 0.020075
1 0.718750 0.011719 0.045010 0.027193
1 0.769531 0.384766 0.020048 0.042146
1 0.871094 0.296875 0.013672 0.054688
1 0.539062 0.664062 0.040187 0.051673
1 0.712891 0.064453 0.047626 0.034683
1 0.726562 0.648438 0.029064 0.056295
1 0.082031 0.849609 0.044273 0.018296
1 0.675781 0.908203 0.028550 0.031625
1 0.291016 0.820312 0.050167 0.020820
1 0.316406 0.894531 0.015044 0.032471
1 0.642578 0.273438 0.031311 0.032179
1 0.416016 0.828125 0.038844 0.024239
1 0.232422 0.593750 0.013543 0.035721