0 0.656250 0.816406 0.031250 0.031250
0 0.580078 0.140625 0.035156 0.035156
0 0.095703 0.691406 0.027344 0.027344
0 0.207031 0.492188 0.023438 0.023438
0 0.410156 0.746094 0.027344 0.027344
0 0.572266 0.884766 0.031250 0.031250
0 0.048828 0.039062 0.035156 0.035156
0 0.091797 0.531250 0.027344 0.027344
0 0.466797 0.656250 0.031250 0.031250
0 0.791016 0.873047 0.023438 0.023438
0 0.207031 0.248047 0.031250 0.031250
0 0.595703 0.794922 0.031250 0.031250
0 0.910156 0.722656 0.031250 0.031250
0 0.396484 0.798828 0.035156 0.035156
0 0.601562 0.640625 0.031250 0.031250
0 0.392578 0.283203 0.031250 0.031250
0 0.902344 0.603516 0.031250 0.031250
0 0.343750 0.437500 0.035156 0.035156
0 0.183594 0.488281 0.023438 0.023438
0 0.195312 0.353516 0.027344 0.027344
0 0.763672 0.457031 0.031250 0.031250
0 0.332031 0.087891 0.031250 0.031250
0 0.228516 0.826172 0.027344 0.027344
0 0.273438 0.720703 0.031250 0.031250
0 0.746094 0.710938 0.023438 0.023438
0 0.904297 0.548828 0.035156 0.035156
0 0.718750 0.417969 0.027344 0.027344
0 0.755859 0.837891 0.031250 0.031250
0 0.398438 0.289062 0.027344 0.027344
0 0.437500 0.923828 0.023438 0.023438
1 0.468750 0.310547 0.035906 0.025559
1 0.773438 0.035156 0.051043 0.036577
1 0.236328 0.599609 0.015633 0.057351
1 0.607422 0.501953 0.024146 0.029889
1 0.431641 0.242188 0.023376 0.031469
1 0.095703 0.216797 0.024015 0.037873
1 0.361328 0.281250 0.045091 0.026281
1 0.800781 0.568359 0.034696 0.031232
1 0.117188 0.167969 0.036437 0.040479
1 0.437500 0.177734 0.031231 0.029305
1 0.824219 0.650391 0.043216 0.042397
1 0.146484 0.189453 0.010514 0.043133
1 0.095703 0.015625 0.052086 0.032427
1 0.367188 0.546875 0.054850 0.010719
1 0.816406 0.214844 0.057992 0.021422
1 0.767578 0.335938 0.032152 0.014398
1 0.943359 0.279297 0.052279 0.043205
1 0.669922 0.291016 0.037997 0.028703
1 0.789062 0.685547 0.024341 0.046385
1 0.289062 0.248047 0.054901 0.034416