0 0.361328 0.552734 0.027344 0.027344
0 0.804688 0.250000 0.031250 0.031250
0 0.955078 0.244141 0.031250 0.031250
0 0.234375 0.753906 0.023438 0.023438
0 0.199219 0.853516 0.031250 0.031250
0 0.164062 0.539062 0.023438 0.023438
0 0.503906 0.289062 0.023438 0.023438
0 0.931641 0.421875 0.023438 0.023438
0 0.583984 0.837891 0.035156 0.035156
0 0.087891 0.652344 0.023438 0.023438
0 0.109375 0.886719 0.023438 0.023438
0 0.140625 0.783203 0.027344 0.027344
0 0.884766 0.378906 0.031250 0.031250
0 0.437500 0.849609 0.023438 0.023438
0 0.468750 0.035156 0.031250 0.031250
0 0.837891 0.943359 0.031250 0.031250
0 0.294922 0.515625 0.031250 0.031250
0 0.099609 0.181641 0.031250 0.031250
0 0.390625 0.226562 0.031250 0.031250
0 0.330078 0.683594 0.035156 0.035156
0 0.927734 0.365234 0.023438 0.023438
0 0.798828 0.937500 0.035156 0.035156
0 0.031250 0.076172 0.027344 0.027344
0 0.107422 0.207031 0.031250 0.031250
0 0.253906 0.888672 0.035156 0.035156
0 0.478516 0.250000 0.023438 0.023438
0 0.490234 0.125000 0.031250 0.031250
0 0.527344 0.636719 0.035156 0.035156
0 0.695312 0.695312 0.027344 0.027344
0 0.972656 0.771484 0.031250 0.031250
1 0.191406 0.521484 0.010684 0.052897
1 0.824219 0.455078 0.018087 0.031075
1 0.648438 0.240234 0.043221 0.025066
1 0.767578 0.181641 0.035874 0.012793
1 0.490234 0.375000 0.032325 0.025131
1 0.257812 0.068359 0.054586 0.039217
1 0.806641 0.640625 0.044273 0.018296
1 0.486328 0.208984 0.043446 0.052288
1 0.818359 0.496094 0.029756 0.014686
1 0.843750 0.935547 0.035801 0.052244
1 0.068359 0.888672 0.046290 0.025705
1 0.419922 0.968750 0.043352 0.013211
1 0.257812 0.699219 0.019313 0.055817
1 0.945312 0.404297 0.017040 0.040208
1 0.636719 0.839844 0.030467 0.037318
1 0.382812 0.083984 0.038065 0.022956
1 0.863281 0.285156 0.026063 0.048828
1 0.748047 0.599609 0.030884 0.054230
1 0.833984 0.025391 0.040041 0.015107
1 0.433594 0.339844 0.044060 0.018486