0 0.794922 0.169922 0.031250 0.031250
0 0.302734 0.441406 0.027344 0.027344
0 0.923828 0.443359 0.035156 0.035156
0 0.080078 0.085938 0.031250 0.031250
0 0.455078 0.060547 0.035156 0.035156
0 0.228516 0.867188 0.027344 0.027344
0 0.609375 0.082031 0.027344 0.027344
0 0.054688 0.789062 0.027344 0.027344
0 0.228516 0.384766 0.031250 0.031250
0 0.167969 0.777344 0.027344 0.027344
0 0.445312 0.769531 0.031250 0.031250
0 0.513672 0.980469 0.031250 0.031250
0 0.714844 0.130859 0.023438 0.023438
0 0.316406 0.580078 0.023438 0.023438
0 0.171875 0.933594 0.035156 0.035156
0 0.226562 0.535156 0.035156 0.035156
0 0.619141 0.615234 0.023438 0.023438
0 0.298828 0.464844 0.031250 0.031250
0 0.623047 0.160156 0.031250 0.031250
0 0.402344 0.865234 0.031250 0.031250
0 0.806641 0.542969 0.035156 0.035156
0 0.382812 0.785156 0.035156 0.035156
0 0.181641 0.019531 0.027344 0.027344
0 0.537109 0.660156 0.023438 0.023438
0 0.548828 0.541016 0.027344 0.027344
0 0.970703 0.865234 0.027344 0.027344
0 0.421875 0.171875 0.035156 0.035156
0 0.214844 0.183594 0.027344 0.027344
0 0.669922 0.109375 0.027344 0.027344
0 0.242188 0.072266 0.031250 0.031250
1 0.429688 0.021484 0.040878 0.044539
1 0.187500 0.304688 0.024461 0.055261
1 0.132812 0.826172 0.052588 0.038918
1 0.287109 0.617188 0.055922 0.023720
1 0.718750 0.242188 0.044060 0.018486
1 0.318359 0.066406 0.049892 0.017582
1 0.496094 0.103516 0.039111 0.040942
1 0.791016 0.937500 0.054047 0.035269
1 0.343750 0.476562 0.030452 0.022377
1 0.492188 0.791016 0.029157 0.049663
1 0.781250 0.611328 0.034823 0.039199
1 0.607422 0.687500 0.047478 0.051717
1 0.125000 0.978516 0.045385 0.050922
1 0.048828 0.167969 0.021963 0.048310
1 0.296875 0.908203 0.034297 0.052871
1 0.267578 0.058594 0.047578 0.014960
1 0.802734 0.755859 0.036006 0.045599
1 0.349609 0.878906 0.022946 0.046424
1 0.289062 0.832031 0.051339 0.013284
1 0.576172 0.578125 0.021378 0.053580