0 0.943359 0.527344 0.031250 0.031250
0 0.435547 0.371094 0.031250 0.031250
0 0.216797 0.236328 0.035156 0.035156
0 0.232422 0.457031 0.027344 0.027344
0 0.242188 0.625000 0.031250 0.031250
0 0.044922 0.685547 0.023438 0.023438
0 0.464844 0.767578 0.023438 0.023438
0 0.892578 0.349609 0.031250 0.031250
0 0.222656 0.166016 0.035156 0.035156
0 0.683594 0.607422 0.027344 0.027344
0 0.951172 0.533203 0.031250 0.031250
0 0.244141 0.843750 0.027344 0.027344
0 0.587891 0.750000 0.027344 0.027344
0 0.507812 0.765625 0.035156 0.035156
0 0.308594 0.775391 0.035156 0.035156
0 0.722656 0.458984 0.035156 0.035156
0 0.343750 0.125000 0.035156 0.035156
0 0.425781 0.876953 0.023438 0.023438
0 0.718750 0.900391 0.031250 0.031250
0 0.164062 0.203125 0.023438 0.023438
0 0.525391 0.863281 0.031250 0.031250
0 0.324219 0.154297 0.027344 0.027344
0 0.445312 0.207031 0.027344 0.027344
0 0.566406 0.667969 0.027344 0.027344
0 0.527344 0.853516 0.035156 0.035156
0 0.667969 0.431641 0.027344 0.027344
0 0.183594 0.408203 0.031250 0.031250
0 0.070312 0.960938 0.035156 0.035156
0 0.646484 0.035156 0.027344 0.027344
0 0.070312 0.892578 0.031250 0.031250
1 0.183594 0.388672 0.032102 0.034028
1 0.177734 0.576172 0.049276 0.015368
1 0.822266 0.244141 0.037709 0.055220
1 0.671875 0.224609 0.048136 0.026341
1 0.652344 0.517578 0.018158 0.045960
1 0.861328 0.740234 0.038937 0.031559
1 0.666016 0.753906 0.031855 0.011922
1 0.658203 0.767578 0.043995 0.047031
1 0.644531 0.845703 0.052418 0.039769
1 0.925781 0.128906 0.017476 0.038335
1 0.775391 0.888672 0.027700 0.037592
1 0.638672 0.455078 0.022308 0.047751
1 0.138672 0.640625 0.042583 0.048068
1 0.814453 0.966797 0.017888 0.032849
1 0.468750 0.125000 0.042657 0.022570
1 0.341797 0.734375 0.037547 0.046506
1 0.662109 0.666016 0.030452 0.022377
1 0.343750 0.652344 0.046202 0.018602
1 0.425781 0.607422 0.014463 0.053275
1 0.058594 0.349609 0.027129 0.040355