0 0.492188 0.226562 0.027344 0.027344
0 0.369141 0.564453 0.035156 0.035156
0 0.429688 0.265625 0.023438 0.023438
0 0.027344 0.878906 0.035156 0.035156
0 0.521484 0.935547 0.031250 0.031250
0 0.341797 0.466797 0.031250 0.031250
0 0.210938 0.216797 0.031250 0.031250
0 0.072266 0.662109 0.031250 0.031250
0 0.605469 0.695312 0.031250 0.031250
0 0.406250 0.835938 0.027344 0.027344
0 0.261719 0.845703 0.035156 0.035156
0 0.726562 0.605469 0.035156 0.035156
0 0.548828 0.226562 0.023438 0.023438
0 0.197266 0.068359 0.023438 0.023438
0 0.041016 0.134766 0.023438 0.023438
0 0.779297 0.828125 0.035156 0.035156
0 0.121094 0.169922 0.035156 0.035156
0 0.248047 0.841797 0.027344 0.027344
0 0.294922 0.359375 0.035156 0.035156
0 0.306641 0.693359 0.035156 0.035156
0 0.423828 0.339844 0.023438 0.023438
0 0.644531 0.494141 0.035156 0.035156
0 0.476562 0.345703 0.023438 0.023438
0 0.068359 0.365234 0.035156 0.035156
0 0.726562 0.291016 0.035156 0.035156
0 0.785156 0.599609 0.027344 0.027344
0 0.140625 0.744141 0.023438 0.023438
0 0.554688 0.843750 0.035156 0.035156
0 0.486328 0.142578 0.027344 0.027344
0 0.865234 0.650391 0.035156 0.035156
1 0.771484 0.062500 0.034716 0.057480
1 0.568359 0.388672 0.048383 0.031556
1 0.134766 0.888672 0.047877 0.018530
1 0.285156 0.511719 0.029002 0.029002
1 0.630859 0.498047 0.043656 0.013473
1 0.910156 0.394531 0.020874 0.040954
1 0.113281 0.441406 0.030822 0.020029
1 0.636719 0.279297 0.037712 0.024872
1 0.494141 0.216797 0.047199 0.049416
1 0.662109 0.021484 0.021620 0.030613
1 0.554688 0.785156 0.034702 0.037015
1 0.458984 0.695312 0.011797 0.039520
1 0.578125 0.365234 0.034051 0.026369
1 0.212891 0.167969 0.032325 0.024406
1 0.492188 0.556641 0.043201 0.014420
1 0.525391 0.625000 0.011719 0.052734
1 0.888672 0.636719 0.042247 0.017313
1 0.566406 0.251953 0.034408 0.031520
1 0.183594 0.898438 0.024372 0.040715
1 0.748047 0.677734 0.052086 0.032427