0 0.820312 0.958984 0.023438 0.023438
0 0.962891 0.265625 0.027344 0.027344
0 0.857422 0.132812 0.027344 0.027344
0 0.396484 0.130859 0.035156 0.035156
0 0.230469 0.222656 0.023438 0.023438
0 0.242188 0.060547 0.031250 0.031250
0 0.056641 0.726562 0.031250 0.031250
0 0.478516 0.751953 0.031250 0.031250
0 0.566406 0.119141 0.031250 0.031250
0 0.068359 0.740234 0.027344 0.027344
0 0.517578 0.955078 0.023438 0.023438
0 0.619141 0.871094 0.023438 0.023438
0 0.437500 0.849609 0.035156 0.035156
0 0.933594 0.343750 0.031250 0.031250
0 0.535156 0.025391 0.035156 0.035156
0 0.955078 0.894531 0.031250 0.031250
0 0.275391 0.257812 0.023438 0.023438
0 0.328125 0.162109 0.023438 0.023438
0 0.388672 0.935547 0.031250 0.031250
0 0.050781 0.751953 0.023438 0.023438
0 0.246094 0.207031 0.035156 0.035156
0 0.921875 0.708984 0.035156 0.035156
0 0.240234 0.347656 0.023438 0.023438
0 0.535156 0.187500 0.031250 0.031250
0 0.820312 0.582031 0.027344 0.027344
0 0.246094 0.763672 0.031250 0.031250
0 0.582031 0.390625 0.031250 0.031250
0 0.201172 0.253906 0.027344 0.027344
0 0.746094 0.376953 0.027344 0.027344
0 0.533203 0.281250 0.031250 0.031250
1 0.505859 0.812500 0.048828 0.013672
1 0.283203 0.667969 0.035269 0.054047
1 0.804688 0.218750 0.046369 0.031981
1 0.707031 0.158203 0.020348 0.038842
1 0.291016 0.638672 0.034525 0.048558
1 0.054688 0.578125 0.026763 0.041368
1 0.828125 0.919922 0.032803 0.033478
1 0.480469 0.841797 0.057720 0.019488
1 0.791016 0.294922 0.038549 0.050609
1 0.195312 0.015625 0.036493 0.047560
1 0.593750 0.664062 0.036430 0.027294
1 0.812500 0.703125 0.050922 0.045385
1 0.166016 0.015625 0.028216 0.056337
1 0.177734 0.458984 0.032461 0.036214
1 0.097656 0.027344 0.039544 0.026063
1 0.880859 0.638672 0.023957 0.050197
1 0.576172 0.681641 0.013012 0.047442
1 0.531250 0.318359 0.038797 0.024767
1 0.435547 0.884766 0.042633 0.031327
1 0.765625 0.787109 0.051903 0.043831