0 0.457031 0.236328 0.031250 0.031250
0 0.750000 0.527344 0.027344 0.027344
0 0.533203 0.662109 0.031250 0.031250
0 0.781250 0.113281 0.023438 0.023438
0 0.460938 0.382812 0.035156 0.035156
0 0.531250 0.357422 0.035156 0.035156
0 0.220703 0.289062 0.035156 0.035156
0 0.445312 0.291016 0.031250 0.031250
0 0.699219 0.611328 0.023438 0.023438
0 0.558594 0.142578 0.023438 0.023438
0 0.826172 0.138672 0.031250 0.031250
0 0.892578 0.445312 0.027344 0.027344
0 0.916016 0.181641 0.035156 0.035156
0 0.892578 0.537109 0.027344 0.027344
0 0.320312 0.814453 0.035156 0.035156
0 0.914062 0.154297 0.031250 0.031250
0 0.623047 0.486328 0.027344 0.027344
0 0.839844 0.611328 0.031250 0.031250
0 0.269531 0.742188 0.023438 0.023438
0 0.740234 0.855469 0.023438 0.023438
0 0.566406 0.083984 0.023438 0.023438
0 0.867188 0.294922 0.023438 0.023438
0 0.511719 0.347656 0.035156 0.035156
0 0.818359 0.386719 0.027344 0.027344
0 0.421875 0.775391 0.023438 0.023438
0 0.082031 0.380859 0.035156 0.035156
0 0.904297 0.892578 0.023438 0.023438
0 0.033203 0.802734 0.031250 0.031250
0 0.605469 0.378906 0.031250 0.031250
0 0.748047 0.476562 0.035156 0.035156
1 0.904297 0.970703 0.033311 0.020343
1 0.792969 0.539062 0.044230 0.026962
1 0.531250 0.539062 0.043233 0.025677
1 0.796875 0.673828 0.043240 0.049973
1 0.455078 0.304688 0.040259 0.019543
1 0.636719 0.808594 0.022473 0.045814
1 0.707031 0.552734 0.014921 0.032304
1 0.560547 0.707031 0.033684 0.035274
1 0.093750 0.595703 0.022888 0.032277
1 0.812500 0.705078 0.024653 0.035045
1 0.662109 0.070312 0.029594 0.052358
1 0.220703 0.578125 0.036762 0.053512
1 0.396484 0.056641 0.026398 0.043226
1 0.824219 0.283203 0.039462 0.027584
1 0.736328 0.837891 0.043221 0.025066
1 0.142578 0.410156 0.031038 0.049923
1 0.654297 0.171875 0.049320 0.047296
1 0.828125 0.732422 0.039765 0.013133
1 0.326172 0.023438 0.035156 0.009766
1 0.888672 0.148438 0.016596 0.057409