0 0.062500 0.662109 0.035156 0.035156
0 0.152344 0.509766 0.023438 0.023438
0 0.908203 0.169922 0.031250 0.031250
0 0.187500 0.214844 0.035156 0.035156
0 0.929688 0.703125 0.023438 0.023438
0 0.669922 0.273438 0.023438 0.023438
0 0.482422 0.787109 0.031250 0.031250
0 0.884766 0.599609 0.031250 0.031250
0 0.826172 0.496094 0.035156 0.035156
0 0.673828 0.355469 0.031250 0.031250
0 0.871094 0.851562 0.035156 0.035156
0 0.539062 0.726562 0.023438 0.023438
0 0.447266 0.390625 0.031250 0.031250
0 0.351562 0.039062 0.031250 0.031250
0 0.134766 0.244141 0.035156 0.035156
0 0.269531 0.281250 0.031250 0.031250
0 0.464844 0.904297 0.035156 0.035156
0 0.349609 0.876953 0.023438 0.023438
0 0.226562 0.464844 0.031250 0.031250
0 0.576172 0.529297 0.023438 0.023438
0 0.435547 0.484375 0.027344 0.027344
0 0.910156 0.197266 0.023438 0.023438
0 0.328125 0.355469 0.035156 0.035156
0 0.832031 0.054688 0.027344 0.027344
0 0.373047 0.769531 0.035156 0.035156
0 0.119141 0.050781 0.027344 0.027344
0 0.541016 0.355469 0.031250 0.031250
0 0.457031 0.242188 0.031250 0.031250
0 0.617188 0.171875 0.035156 0.035156
0 0.724609 0.951172 0.035156 0.035156
1 0.275391 0.638672 0.056231 0.022961
1 0.572266 0.291016 0.032661 0.030781
1 0.529297 0.560547 0.033716 0.029340
1 0.308594 0.431641 0.041016 0.009766
1 0.185547 0.560547 0.030836 0.045346
1 0.859375 0.521484 0.016154 0.038261
1 0.343750 0.742188 0.044541 0.033181
1 0.050781 0.808594 0.040168 0.021359
1 0.513672 0.316406 0.042688 0.045579
1 0.392578 0.664062 0.051314 0.024980
1 0.505859 0.167969 0.042799 0.036317
1 0.382812 0.126953 0.010378 0.035321
1 0.365234 0.068359 0.033766 0.042399
1 0.330078 0.113281 0.011719 0.054688
1 0.916016 0.208984 0.024524 0.036940
1 0.955078 0.507812 0.030432 0.027256
1 0.097656 0.306641 0.037660 0.023867
1 0.105469 0.125000 0.012671 0.054884
1 0.095703 0.058594 0.048192 0.019283
1 0.041016 0.554688 0.022839 0.035197