0 0.408203 0.304688 0.027344 0.027344
0 0.619141 0.705078 0.027344 0.027344
0 0.867188 0.478516 0.035156 0.035156
0 0.968750 0.765625 0.035156 0.035156
0 0.947266 0.859375 0.031250 0.031250
0 0.480469 0.244141 0.031250 0.031250
0 0.117188 0.945312 0.031250 0.031250
0 0.392578 0.685547 0.031250 0.031250
0 0.437500 0.894531 0.031250 0.031250
0 0.402344 0.511719 0.027344 0.027344
0 0.898438 0.892578 0.035156 0.035156
0 0.123047 0.097656 0.035156 0.035156
0 0.693359 0.169922 0.035156 0.035156
0 0.533203 0.958984 0.023438 0.023438
0 0.537109 0.562500 0.027344 0.027344
0 0.189453 0.173828 0.035156 0.035156
0 0.289062 0.689453 0.031250 0.031250
0 0.789062 0.546875 0.027344 0.027344
0 0.638672 0.246094 0.027344 0.027344
0 0.794922 0.761719 0.027344 0.027344
0 0.443359 0.597656 0.031250 0.031250
0 0.470703 0.146484 0.023438 0.023438
0 0.890625 0.277344 0.023438 0.023438
0 0.910156 0.548828 0.031250 0.031250
0 0.451172 0.607422 0.027344 0.027344
0 0.292969 0.658203 0.027344 0.027344
0 0.359375 0.523438 0.035156 0.035156
0 0.917969 0.984375 0.023438 0.023438
0 0.761719 0.062500 0.035156 0.035156
0 0.666016 0.214844 0.031250 0.031250
1 0.074219 0.113281 0.046377 0.020802
1 0.568359 0.613281 0.037704 0.026322
1 0.349609 0.541016 0.036996 0.019569
1 0.064453 0.677734 0.054602 0.043008
1 0.292969 0.955078 0.017785 0.044043
1 0.507812 0.554688 0.033270 0.048614
1 0.552734 0.203125 0.043535 0.031507
1 0.103516 0.181641 0.023775 0.034018
1 0.767578 0.771484 0.038844 0.024239
1 0.097656 0.759766 0.050096 0.034869
1 0.382812 0.277344 0.025924 0.031200
1 0.615234 0.464844 0.049654 0.015643
1 0.722656 0.789062 0.024376 0.049456
1 0.062500 0.453125 0.046270 0.052622
1 0.949219 0.236328 0.029787 0.030943
1 0.171875 0.535156 0.016673 0.045896
1 0.312500 0.410156 0.054047 0.035269
1 0.279297 0.931641 0.011123 0.039380
1 0.638672 0.328125 0.044230 0.026962
1 0.068359 0.275391 0.035750 0.022782