0 0.275391 0.744141 0.031250 0.031250
0 0.751953 0.843750 0.027344 0.027344
0 0.658203 0.164062 0.035156 0.035156
0 0.121094 0.611328 0.023438 0.023438
0 0.775391 0.519531 0.035156 0.035156
0 0.673828 0.285156 0.027344 0.027344
0 0.669922 0.021484 0.031250 0.031250
0 0.164062 0.722656 0.023438 0.023438
0 0.169922 0.560547 0.031250 0.031250
0 0.539062 0.908203 0.035156 0.035156
0 0.193359 0.160156 0.031250 0.031250
0 0.433594 0.740234 0.031250 0.031250
0 0.320312 0.863281 0.027344 0.027344
0 0.708984 0.568359 0.027344 0.027344
0 0.417969 0.441406 0.027344 0.027344
0 0.050781 0.185547 0.035156 0.035156
0 0.013672 0.117188 0.027344 0.027344
0 0.695312 0.945312 0.035156 0.035156
0 0.728516 0.656250 0.027344 0.027344
0 0.826172 0.062500 0.023438 0.023438
0 0.568359 0.919922 0.035156 0.035156
0 0.542969 0.097656 0.035156 0.035156
0 0.466797 0.341797 0.023438 0.023438
0 0.496094 0.607422 0.035156 0.035156
0 0.423828 0.812500 0.031250 0.031250
0 0.419922 0.539062 0.023438 0.023438
0 0.769531 0.515625 0.023438 0.023438
0 0.162109 0.273438 0.035156 0.035156
0 0.359375 0.074219 0.035156 0.035156
0 0.753906 0.974609 0.023438 0.023438
1 0.167969 0.195312 0.056058 0.021150
1 0.220703 0.240234 0.022706 0.055426
1 0.240234 0.427734 0.028474 0.031840
1 0.306641 0.818359 0.027338 0.034803
1 0.492188 0.574219 0.025645 0.041385
1 0.566406 0.869141 0.051238 0.037205
1 0.667969 0.439453 0.038712 0.035582
1 0.697266 0.136719 0.018552 0.031226
1 0.267578 0.804688 0.021406 0.035199
1 0.439453 0.781250 0.045091 0.026281
1 0.150391 0.183594 0.014488 0.047106
1 0.343750 0.699219 0.037883 0.050931
1 0.794922 0.501953 0.028209 0.042719
1 0.771484 0.076172 0.024210 0.033901
1 0.787109 0.177734 0.029415 0.056378
1 0.382812 0.517578 0.011532 0.051091
1 0.585938 0.953125 0.032642 0.051420
1 0.351562 0.083984 0.031065 0.029619
1 0.232422 0.195312 0.032177 0.023294
1 0.908203 0.134766 0.045602 0.013644