0 0.667969 0.019531 0.023438 0.023438
0 0.023438 0.341797 0.023438 0.023438
0 0.115234 0.232422 0.027344 0.027344
0 0.248047 0.712891 0.035156 0.035156
0 0.253906 0.166016 0.023438 0.023438
0 0.261719 0.703125 0.035156 0.035156
0 0.519531 0.958984 0.031250 0.031250
0 0.431641 0.136719 0.035156 0.035156
0 0.351562 0.500000 0.023438 0.023438
0 0.820312 0.693359 0.031250 0.031250
0 0.685547 0.640625 0.031250 0.031250
0 0.132812 0.412109 0.027344 0.027344
0 0.705078 0.798828 0.027344 0.027344
0 0.726562 0.578125 0.031250 0.031250
0 0.927734 0.607422 0.035156 0.035156
0 0.298828 0.660156 0.027344 0.027344
0 0.398438 0.695312 0.031250 0.031250
0 0.226562 0.498047 0.027344 0.027344
0 0.335938 0.281250 0.023438 0.023438
0 0.210938 0.773438 0.027344 0.027344
0 0.701172 0.396484 0.027344 0.027344
0 0.185547 0.744141 0.027344 0.027344
0 0.558594 0.261719 0.035156 0.035156
0 0.431641 0.552734 0.031250 0.031250
0 0.683594 0.593750 0.035156 0.035156
0 0.640625 0.287109 0.027344 0.027344
0 0.392578 0.851562 0.027344 0.027344
0 0.230469 0.609375 0.027344 0.027344
0 0.835938 0.023438 0.023438 0.023438
0 0.664062 0.744141 0.027344 0.027344
1 0.169922 0.804688 0.027849 0.032170
1 0.464844 0.318359 0.016863 0.032508
1 0.244141 0.111328 0.038726 0.048319
1 0.597656 0.560547 0.048614 0.033270
1 0.080078 0.525391 0.025846 0.037718
1 0.662109 0.042969 0.015643 0.030687
1 0.425781 0.582031 0.034100 0.025598
1 0.742188 0.525391 0.015095 0.041468
1 0.316406 0.109375 0.033382 0.032900
1 0.654297 0.066406 0.052980 0.036829
1 0.652344 0.531250 0.030885 0.037120
1 0.250000 0.080078 0.035870 0.026423
1 0.904297 0.468750 0.021669 0.039234
1 0.513672 0.544922 0.043205 0.052279
1 0.093750 0.619141 0.036940 0.024524
1 0.468750 0.375000 0.046705 0.021992
1 0.958984 0.113281 0.030132 0.035514
1 0.205078 0.832031 0.048056 0.027044
1 0.380859 0.066406 0.016500 0.041869
1 0.630859 0.982422 0.030137 0.046693