0 0.177734 0.056641 0.023438 0.023438
0 0.921875 0.636719 0.027344 0.027344
0 0.748047 0.205078 0.023438 0.023438
0 0.074219 0.736328 0.023438 0.023438
0 0.300781 0.867188 0.035156 0.035156
0 0.041016 0.726562 0.035156 0.035156
0 0.712891 0.056641 0.023438 0.023438
0 0.121094 0.734375 0.031250 0.031250
0 0.308594 0.980469 0.027344 0.027344
0 0.580078 0.597656 0.035156 0.035156
0 0.535156 0.070312 0.023438 0.023438
0 0.658203 0.244141 0.035156 0.035156
0 0.562500 0.029297 0.027344 0.027344
0 0.246094 0.396484 0.031250 0.031250
0 0.710938 0.656250 0.027344 0.027344
0 0.931641 0.818359 0.031250 0.031250
0 0.277344 0.863281 0.027344 0.027344
0 0.615234 0.494141 0.023438 0.023438
0 0.332031 0.207031 0.027344 0.027344
0 0.757812 0.431641 0.027344 0.027344
0 0.707031 0.115234 0.031250 0.031250
0 0.050781 0.550781 0.031250 0.031250
0 0.203125 0.177734 0.035156 0.035156
0 0.552734 0.271484 0.027344 0.027344
0 0.316406 0.238281 0.031250 0.031250
0 0.775391 0.154297 0.023438 0.023438
0 0.056641 0.824219 0.031250 0.031250
0 0.083984 0.367188 0.023438 0.023438
0 0.232422 0.705078 0.035156 0.035156
0 0.939453 0.794922 0.023438 0.023438
1 0.500000 0.818359 0.047718 0.015760
1 0.513672 0.050781 0.052505 0.038207
1 0.445312 0.250000 0.030638 0.026935
1 0.615234 0.191406 0.041976 0.015379
1 0.285156 0.523438 0.035908 0.035908
1 0.712891 0.097656 0.040259 0.019543
1 0.685547 0.166016 0.033094 0.025018
1 0.412109 0.048828 0.035603 0.040984
1 0.226562 0.031250 0.017195 0.042051
1 0.662109 0.433594 0.024980 0.051314
1 0.408203 0.179688 0.014360 0.051325
1 0.644531 0.929688 0.047268 0.031081
1 0.367188 0.373047 0.030216 0.052395
1 0.630859 0.017578 0.034464 0.031575
1 0.683594 0.794922 0.042752 0.030802
1 0.382812 0.451172 0.027213 0.052894
1 0.363281 0.507812 0.033733 0.054516
1 0.509766 0.501953 0.055520 0.034733
1 0.103516 0.158203 0.029369 0.043757
1 0.220703 0.523438 0.021016 0.034497