0 0.498047 0.654297 0.027344 0.027344
0 0.437500 0.306641 0.023438 0.023438
0 0.421875 0.507812 0.023438 0.023438
0 0.734375 0.357422 0.023438 0.023438
0 0.898438 0.173828 0.027344 0.027344
0 0.093750 0.046875 0.023438 0.023438
0 0.753906 0.876953 0.031250 0.031250
0 0.125000 0.353516 0.031250 0.031250
0 0.621094 0.470703 0.023438 0.023438
0 0.068359 0.585938 0.023438 0.023438
0 0.478516 0.503906 0.031250 0.031250
0 0.234375 0.144531 0.031250 0.031250
0 0.326172 0.695312 0.027344 0.027344
0 0.986328 0.140625 0.023438 0.023438
0 0.968750 0.984375 0.023438 0.023438
0 0.583984 0.339844 0.027344 0.027344
0 0.750000 0.935547 0.035156 0.035156
0 0.226562 0.408203 0.027344 0.027344
0 0.414062 0.962891 0.031250 0.031250
0 0.214844 0.355469 0.027344 0.027344
0 0.162109 0.134766 0.023438 0.023438
0 0.783203 0.511719 0.035156 0.035156
0 0.976562 0.099609 0.031250 0.031250
0 0.947266 0.048828 0.027344 0.027344
0 0.292969 0.958984 0.027344 0.027344
0 0.173828 0.888672 0.027344 0.027344
0 0.826172 0.527344 0.023438 0.023438
0 0.896484 0.054688 0.027344 0.027344
0 0.953125 0.419922 0.035156 0.035156
0 0.566406 0.966797 0.035156 0.035156
1 0.328125 0.447266 0.031716 0.034414
1 0.646484 0.140625 0.014890 0.035612
1 0.681641 0.107422 0.015643 0.049654
1 0.753906 0.982422 0.055857 0.025474
1 0.212891 0.265625 0.037678 0.026789
1 0.232422 0.080078 0.044631 0.033720
1 0.214844 0.964844 0.010650 0.050944
1 0.378906 0.294922 0.018302 0.040258
1 0.648438 0.552734 0.025915 0.047261
1 0.916016 0.957031 0.022032 0.040779
1 0.320312 0.966797 0.033383 0.035502
1 0.359375 0.869141 0.055342 0.035503
1 0.769531 0.046875 0.048770 0.041701
1 0.171875 0.703125 0.053220 0.037492
1 0.691406 0.564453 0.019704 0.049792
1 0.689453 0.060547 0.034914 0.018366
1 0.544922 0.070312 0.016343 0.032323
1 0.443359 0.808594 0.036646 0.027947
1 0.287109 0.498047 0.054901 0.034416
1 0.250000 0.550781 0.033553 0.028809