0 0.791016 0.810547 0.027344 0.027344
0 0.410156 0.025391 0.031250 0.031250
0 0.785156 0.837891 0.027344 0.027344
0 0.472656 0.625000 0.023438 0.023438
0 0.021484 0.265625 0.035156 0.035156
0 0.484375 0.144531 0.035156 0.035156
0 0.615234 0.158203 0.023438 0.023438
0 0.812500 0.687500 0.035156 0.035156
0 0.197266 0.287109 0.031250 0.031250
0 0.425781 0.326172 0.031250 0.031250
0 0.054688 0.208984 0.023438 0.023438
0 0.263672 0.773438 0.027344 0.027344
0 0.357422 0.226562 0.035156 0.035156
0 0.625000 0.089844 0.027344 0.027344
0 0.908203 0.164062 0.023438 0.023438
0 0.232422 0.642578 0.035156 0.035156
0 0.529297 0.585938 0.035156 0.035156
0 0.917969 0.783203 0.031250 0.031250
0 0.330078 0.794922 0.035156 0.035156
0 0.484375 0.830078 0.023438 0.023438
0 0.919922 0.773438 0.035156 0.035156
0 0.744141 0.652344 0.023438 0.023438
0 0.746094 0.720703 0.031250 0.031250
0 0.646484 0.871094 0.023438 0.023438
0 0.595703 0.960938 0.027344 0.027344
0 0.660156 0.091797 0.031250 0.031250
0 0.033203 0.847656 0.035156 0.035156
0 0.634766 0.382812 0.031250 0.031250
0 0.515625 0.587891 0.027344 0.027344
0 0.468750 0.402344 0.035156 0.035156
1 0.240234 0.666016 0.023205 0.041882
1 0.675781 0.083984 0.040944 0.041908
1 0.416016 0.103516 0.045930 0.028340
1 0.685547 0.089844 0.028977 0.045805
1 0.138672 0.787109 0.024809 0.039657
1 0.548828 0.433594 0.031625 0.028550
1 0.902344 0.125000 0.036006 0.045599
1 0.296875 0.500000 0.036445 0.016498
1 0.642578 0.955078 0.027727 0.036306
1 0.234375 0.400391 0.029550 0.035293
1 0.324219 0.619141 0.017453 0.055508
1 0.607422 0.814453 0.039953 0.054244
1 0.554688 0.400391 0.052457 0.023110
1 0.875000 0.466797 0.048724 0.028880
1 0.148438 0.613281 0.044732 0.040686
1 0.824219 0.810547 0.038065 0.022956
1 0.345703 0.617188 0.055592 0.040891
1 0.248047 0.779297 0.048310 0.021963
1 0.863281 0.880859 0.038670 0.038670
1 0.822266 0.199219 0.021761 0.051635