0 0.046875 0.246094 0.031250 0.031250
0 0.880859 0.425781 0.027344 0.027344
0 0.732422 0.037109 0.035156 0.035156
0 0.173828 0.730469 0.035156 0.035156
0 0.597656 0.533203 0.027344 0.027344
0 0.427734 0.980469 0.031250 0.031250
0 0.142578 0.953125 0.023438 0.023438
0 0.275391 0.839844 0.023438 0.023438
0 0.105469 0.607422 0.035156 0.035156
0 0.109375 0.453125 0.035156 0.035156
0 0.085938 0.537109 0.027344 0.027344
0 0.619141 0.193359 0.035156 0.035156
0 0.134766 0.875000 0.031250 0.031250
0 0.673828 0.222656 0.035156 0.035156
0 0.431641 0.906250 0.035156 0.035156
0 0.746094 0.085938 0.031250 0.031250
0 0.054688 0.796875 0.023438 0.023438
0 0.679688 0.248047 0.023438 0.023438
0 0.789062 0.451172 0.035156 0.035156
0 0.714844 0.435547 0.023438 0.023438
0 0.068359 0.859375 0.035156 0.035156
0 0.353516 0.443359 0.023438 0.023438
0 0.500000 0.296875 0.035156 0.035156
0 0.238281 0.296875 0.027344 0.027344
0 0.787109 0.386719 0.023438 0.023438
0 0.777344 0.656250 0.027344 0.027344
0 0.173828 0.556641 0.023438 0.023438
0 0.519531 0.808594 0.023438 0.023438
0 0.615234 0.476562 0.023438 0.023438
0 0.933594 0.957031 0.023438 0.023438
1 0.396484 0.650391 0.039124 0.050035
1 0.146484 0.279297 0.050343 0.042655
1 0.281250 0.320312 0.036201 0.032590
1 0.679688 0.642578 0.026601 0.050705
1 0.328125 0.888672 0.036475 0.019618
1 0.240234 0.892578 0.026876 0.043218
1 0.466797 0.406250 0.036025 0.040738
1 0.937500 0.669922 0.031170 0.041193
1 0.437500 0.410156 0.045438 0.025216
1 0.496094 0.160156 0.018486 0.044060
1 0.269531 0.384766 0.026349 0.052589
1 0.640625 0.281250 0.029756 0.014686
1 0.117188 0.390625 0.048437 0.020836
1 0.218750 0.476562 0.021328 0.057433
1 0.775391 0.025391 0.022833 0.037563
1 0.947266 0.328125 0.028899 0.041181
1 0.570312 0.753906 0.046454 0.033586
1 0.705078 0.091797 0.040124 0.045033
1 0.453125 0.083984 0.012399 0.039261
1 0.875000 0.798828 0.015379 0.041976