0 0.597656 0.160156 0.031250 0.031250
0 0.664062 0.679688 0.023438 0.023438
0 0.873047 0.250000 0.035156 0.035156
0 0.742188 0.625000 0.031250 0.031250
0 0.712891 0.517578 0.023438 0.023438
0 0.654297 0.535156 0.023438 0.023438
0 0.019531 0.908203 0.035156 0.035156
0 0.181641 0.316406 0.031250 0.031250
0 0.220703 0.339844 0.027344 0.027344
0 0.312500 0.228516 0.031250 0.031250
0 0.064453 0.138672 0.035156 0.035156
0 0.414062 0.732422 0.023438 0.023438
0 0.511719 0.515625 0.027344 0.027344
0 0.890625 0.492188 0.035156 0.035156
0 0.351562 0.558594 0.027344 0.027344
0 0.275391 0.515625 0.023438 0.023438
0 0.431641 0.064453 0.027344 0.027344
0 0.509766 0.953125 0.035156 0.035156
0 0.609375 0.703125 0.023438 0.023438
0 0.291016 0.121094 0.031250 0.031250
0 0.095703 0.201172 0.031250 0.031250
0 0.966797 0.841797 0.027344 0.027344
0 0.947266 0.035156 0.031250 0.031250
0 0.701172 0.833984 0.027344 0.027344
0 0.638672 0.701172 0.035156 0.035156
0 0.453125 0.285156 0.023438 0.023438
0 0.146484 0.275391 0.023438 0.023438
0 0.451172 0.033203 0.031250 0.031250
0 0.244141 0.113281 0.023438 0.023438
0 0.201172 0.291016 0.023438 0.023438
1 0.402344 0.601562 0.032988 0.026663
1 0.197266 0.144531 0.045119 0.036486
1 0.650391 0.367188 0.047971 0.039329
1 0.076172 0.541016 0.033658 0.040193
1 0.781250 0.972656 0.013416 0.049207
1 0.929688 0.673828 0.034229 0.027912
1 0.845703 0.570312 0.021359 0.040168
1 0.728516 0.535156 0.049025 0.012569
1 0.638672 0.289062 0.033736 0.045918
1 0.292969 0.123047 0.019912 0.031622
1 0.322266 0.507812 0.049416 0.047199
1 0.058594 0.826172 0.020043 0.034574
1 0.226562 0.792969 0.017876 0.049834
1 0.224609 0.533203 0.026990 0.030450
1 0.777344 0.873047 0.025540 0.039547
1 0.423828 0.324219 0.032975 0.046679
1 0.343750 0.414062 0.045626 0.050681
1 0.535156 0.767578 0.033968 0.032233
1 0.382812 0.271484 0.020755 0.038311
1 0.464844 0.294922 0.028074 0.039410