0 0.675781 0.789062 0.027344 0.027344
0 0.574219 0.484375 0.035156 0.035156
0 0.060547 0.640625 0.023438 0.023438
0 0.083984 0.037109 0.031250 0.031250
0 0.404297 0.902344 0.027344 0.027344
0 0.685547 0.261719 0.023438 0.023438
0 0.794922 0.705078 0.023438 0.023438
0 0.416016 0.121094 0.027344 0.027344
0 0.941406 0.164062 0.031250 0.031250
0 0.371094 0.134766 0.023438 0.023438
0 0.150391 0.144531 0.023438 0.023438
0 0.611328 0.513672 0.023438 0.023438
0 0.558594 0.585938 0.023438 0.023438
0 0.230469 0.847656 0.031250 0.031250
0 0.367188 0.376953 0.035156 0.035156
0 0.042969 0.798828 0.035156 0.035156
0 0.314453 0.232422 0.027344 0.027344
0 0.062500 0.519531 0.035156 0.035156
0 0.134766 0.583984 0.035156 0.035156
0 0.529297 0.550781 0.031250 0.031250
0 0.242188 0.720703 0.035156 0.035156
0 0.761719 0.384766 0.023438 0.023438
0 0.281250 0.582031 0.031250 0.031250
0 0.810547 0.271484 0.023438 0.023438
0 0.761719 0.265625 0.031250 0.031250
0 0.386719 0.878906 0.027344 0.027344
0 0.308594 0.162109 0.023438 0.023438
0 0.783203 0.593750 0.035156 0.035156
0 0.050781 0.980469 0.035156 0.035156
0 0.460938 0.644531 0.031250 0.031250
1 0.115234 0.394531 0.031837 0.020789
1 0.087891 0.310547 0.039124 0.050035
1 0.695312 0.896484 0.046674 0.041378
1 0.070312 0.066406 0.046693 0.030137
1 0.558594 0.812500 0.033743 0.056510
1 0.166016 0.396484 0.018506 0.057471
1 0.847656 0.140625 0.024423 0.044487
1 0.257812 0.777344 0.012103 0.045371
1 0.242188 0.236328 0.049983 0.040045
1 0.630859 0.494141 0.038131 0.015534
1 0.550781 0.582031 0.034721 0.026347
1 0.791016 0.679688 0.033605 0.039840
1 0.279297 0.078125 0.018448 0.033085
1 0.265625 0.259766 0.017575 0.057555
1 0.750000 0.207031 0.038918 0.052588
1 0.248047 0.378906 0.038410 0.032086
1 0.771484 0.419922 0.032513 0.045209
1 0.886719 0.308594 0.024228 0.058209
1 0.464844 0.431641 0.019002 0.044351
1 0.707031 0.562500 0.053875 0.019109