0 0.806641 0.353516 0.023438 0.023438
0 0.552734 0.611328 0.035156 0.035156
0 0.529297 0.605469 0.035156 0.035156
0 0.412109 0.689453 0.035156 0.035156
0 0.332031 0.628906 0.027344 0.027344
0 0.542969 0.240234 0.035156 0.035156
0 0.330078 0.037109 0.031250 0.031250
0 0.203125 0.642578 0.023438 0.023438
0 0.033203 0.884766 0.027344 0.027344
0 0.744141 0.353516 0.035156 0.035156
0 0.744141 0.541016 0.027344 0.027344
0 0.371094 0.953125 0.035156 0.035156
0 0.847656 0.535156 0.023438 0.023438
0 0.947266 0.787109 0.023438 0.023438
0 0.806641 0.894531 0.035156 0.035156
0 0.664062 0.876953 0.027344 0.027344
0 0.089844 0.556641 0.031250 0.031250
0 0.583984 0.474609 0.027344 0.027344
0 0.537109 0.615234 0.031250 0.031250
0 0.470703 0.708984 0.023438 0.023438
0 0.908203 0.480469 0.035156 0.035156
0 0.164062 0.839844 0.035156 0.035156
0 0.451172 0.644531 0.023438 0.023438
0 0.453125 0.437500 0.031250 0.031250
0 0.882812 0.279297 0.027344 0.027344
0 0.013672 0.437500 0.023438 0.023438
0 0.470703 0.091797 0.027344 0.027344
0 0.558594 0.417969 0.027344 0.027344
0 0.449219 0.498047 0.027344 0.027344
0 0.980469 0.595703 0.035156 0.035156
1 0.244141 0.250000 0.052466 0.029460
1 0.572266 0.712891 0.026050 0.040536
1 0.703125 0.699219 0.021315 0.038267
1 0.953125 0.160156 0.025524 0.046950
1 0.376953 0.039062 0.029475 0.031209
1 0.908203 0.068359 0.035520 0.029764
1 0.560547 0.593750 0.043812 0.049586
1 0.576172 0.861328 0.027129 0.040355
1 0.884766 0.384766 0.039425 0.034427
1 0.812500 0.900391 0.038613 0.045959
1 0.814453 0.361328 0.029975 0.027809
1 0.464844 0.919922 0.038663 0.056429
1 0.292969 0.433594 0.048311 0.023452
1 0.355469 0.705078 0.032076 0.036305
1 0.808594 0.841797 0.041775 0.043799
1 0.371094 0.291016 0.032005 0.038720
1 0.111328 0.027344 0.052295 0.021447
1 0.341797 0.591797 0.043133 0.010514
1 0.126953 0.640625 0.029982 0.046199
1 0.232422 0.535156 0.019403 0.035052