0 0.863281 0.927734 0.027344 0.027344
0 0.345703 0.599609 0.023438 0.023438
0 0.041016 0.373047 0.031250 0.031250
0 0.607422 0.396484 0.031250 0.031250
0 0.871094 0.080078 0.023438 0.023438
0 0.712891 0.216797 0.035156 0.035156
0 0.441406 0.603516 0.023438 0.023438
0 0.914062 0.894531 0.035156 0.035156
0 0.529297 0.242188 0.031250 0.031250
0 0.519531 0.960938 0.027344 0.027344
0 0.705078 0.328125 0.023438 0.023438
0 0.083984 0.507812 0.027344 0.027344
0 0.306641 0.783203 0.035156 0.035156
0 0.902344 0.849609 0.031250 0.031250
0 0.640625 0.955078 0.023438 0.023438
0 0.623047 0.697266 0.027344 0.027344
0 0.830078 0.458984 0.031250 0.031250
0 0.095703 0.767578 0.035156 0.035156
0 0.751953 0.140625 0.023438 0.023438
0 0.447266 0.289062 0.035156 0.035156
0 0.734375 0.136719 0.035156 0.035156
0 0.292969 0.660156 0.035156 0.035156
0 0.699219 0.738281 0.027344 0.027344
0 0.113281 0.353516 0.027344 0.027344
0 0.093750 0.304688 0.027344 0.027344
0 0.388672 0.722656 0.023438 0.023438
0 0.972656 0.351562 0.027344 0.027344
0 0.375000 0.568359 0.035156 0.035156
0 0.595703 0.765625 0.023438 0.023438
0 0.542969 0.570312 0.023438 0.023438
1 0.177734 0.552734 0.039296 0.045692
1 0.375000 0.080078 0.057446 0.016611
1 0.914062 0.664062 0.037570 0.011694
1 0.445312 0.414062 0.012103 0.045371
1 0.050781 0.464844 0.052555 0.024745
1 0.310547 0.832031 0.055501 0.016440
1 0.332031 0.435547 0.035836 0.026843
1 0.843750 0.708984 0.031121 0.055954
1 0.402344 0.294922 0.045547 0.034856
1 0.488281 0.271484 0.023692 0.032066
1 0.816406 0.871094 0.048311 0.023452
1 0.158203 0.339844 0.037896 0.056674
1 0.904297 0.906250 0.024035 0.036986
1 0.162109 0.212891 0.029726 0.033185
1 0.919922 0.822266 0.036464 0.035308
1 0.921875 0.292969 0.046846 0.023427
1 0.052734 0.658203 0.033540 0.035419
1 0.796875 0.419922 0.037997 0.028703
1 0.498047 0.238281 0.018903 0.049794
1 0.437500 0.234375 0.045321 0.039836