0 0.894531 0.318359 0.035156 0.035156
0 0.625000 0.314453 0.035156 0.035156
0 0.111328 0.589844 0.035156 0.035156
0 0.660156 0.115234 0.027344 0.027344
0 0.964844 0.505859 0.031250 0.031250
0 0.906250 0.550781 0.031250 0.031250
0 0.496094 0.156250 0.027344 0.027344
0 0.800781 0.943359 0.031250 0.031250
0 0.062500 0.763672 0.023438 0.023438
0 0.207031 0.531250 0.031250 0.031250
0 0.222656 0.632812 0.035156 0.035156
0 0.414062 0.527344 0.035156 0.035156
0 0.654297 0.789062 0.027344 0.027344
0 0.029297 0.976562 0.035156 0.035156
0 0.654297 0.203125 0.027344 0.027344
0 0.539062 0.328125 0.031250 0.031250
0 0.238281 0.759766 0.031250 0.031250
0 0.857422 0.751953 0.023438 0.023438
0 0.941406 0.185547 0.023438 0.023438
0 0.236328 0.789062 0.023438 0.023438
0 0.525391 0.957031 0.035156 0.035156
0 0.843750 0.058594 0.023438 0.023438
0 0.833984 0.626953 0.027344 0.027344
0 0.068359 0.814453 0.031250 0.031250
0 0.265625 0.521484 0.027344 0.027344
0 0.402344 0.646484 0.035156 0.035156
0 0.621094 0.562500 0.027344 0.027344
0 0.212891 0.658203 0.027344 0.027344
0 0.066406 0.095703 0.031250 0.031250
0 0.158203 0.693359 0.035156 0.035156
1 0.310547 0.832031 0.045006 0.053463
1 0.464844 0.675781 0.046202 0.018602
1 0.082031 0.263672 0.052086 0.032427
1 0.908203 0.917969 0.043216 0.042397
1 0.080078 0.021484 0.014398 0.032152
1 0.199219 0.242188 0.050559 0.029548
1 0.181641 0.601562 0.027769 0.038267
1 0.152344 0.517578 0.019521 0.050130
1 0.609375 0.878906 0.030847 0.029883
1 0.806641 0.843750 0.041775 0.043799
1 0.402344 0.476562 0.011797 0.039520
1 0.648438 0.654297 0.015079 0.039935
1 0.890625 0.744141 0.026701 0.030590
1 0.240234 0.335938 0.013007 0.037496
1 0.791016 0.615234 0.049990 0.018701
1 0.457031 0.390625 0.045844 0.015923
1 0.664062 0.326172 0.044922 0.009766
1 0.625000 0.921875 0.041649 0.034270
1 0.708984 0.056641 0.033954 0.028957
1 0.041016 0.615234 0.032844 0.042199