0 0.830078 0.429688 0.035156 0.035156
0 0.316406 0.048828 0.027344 0.027344
0 0.472656 0.777344 0.027344 0.027344
0 0.062500 0.154297 0.027344 0.027344
0 0.900391 0.031250 0.023438 0.023438
0 0.363281 0.250000 0.027344 0.027344
0 0.892578 0.335938 0.031250 0.031250
0 0.898438 0.050781 0.023438 0.023438
0 0.023438 0.083984 0.035156 0.035156
0 0.533203 0.291016 0.035156 0.035156
0 0.582031 0.986328 0.023438 0.023438
0 0.876953 0.763672 0.031250 0.031250
0 0.273438 0.855469 0.023438 0.023438
0 0.958984 0.406250 0.027344 0.027344
0 0.683594 0.109375 0.031250 0.031250
0 0.455078 0.980469 0.031250 0.031250
0 0.900391 0.353516 0.035156 0.035156
0 0.185547 0.267578 0.027344 0.027344
0 0.056641 0.910156 0.023438 0.023438
0 0.214844 0.691406 0.027344 0.027344
0 0.523438 0.527344 0.035156 0.035156
0 0.263672 0.087891 0.027344 0.027344
0 0.384766 0.904297 0.027344 0.027344
0 0.730469 0.095703 0.023438 0.023438
0 0.830078 0.414062 0.035156 0.035156
0 0.339844 0.863281 0.023438 0.023438
0 0.451172 0.822266 0.027344 0.027344
0 0.781250 0.859375 0.031250 0.031250
0 0.714844 0.029297 0.031250 0.031250
0 0.089844 0.462891 0.023438 0.023438
1 0.761719 0.898438 0.054019 0.023281
1 0.111328 0.734375 0.019543 0.040259
1 0.343750 0.806641 0.022888 0.032277
1 0.095703 0.654297 0.033013 0.025400
1 0.287109 0.455078 0.012365 0.037308
1 0.240234 0.972656 0.042752 0.030802
1 0.656250 0.195312 0.044534 0.023109
1 0.732422 0.257812 0.044057 0.034294
1 0.062500 0.560547 0.039304 0.040750
1 0.169922 0.125000 0.047528 0.046371
1 0.488281 0.027344 0.049139 0.011464
1 0.394531 0.427734 0.050814 0.037231
1 0.716797 0.103516 0.012671 0.054884
1 0.455078 0.154297 0.052205 0.031699
1 0.437500 0.859375 0.036123 0.053194
1 0.347656 0.757812 0.034427 0.039425
1 0.544922 0.015625 0.037274 0.010412
1 0.160156 0.333984 0.045302 0.048482
1 0.416016 0.812500 0.025200 0.034109
1 0.558594 0.238281 0.020761 0.032633