0 0.765625 0.486328 0.031250 0.031250
0 0.027344 0.722656 0.031250 0.031250
0 0.060547 0.328125 0.031250 0.031250
0 0.126953 0.201172 0.023438 0.023438
0 0.550781 0.490234 0.023438 0.023438
0 0.912109 0.187500 0.035156 0.035156
0 0.187500 0.078125 0.035156 0.035156
0 0.214844 0.226562 0.023438 0.023438
0 0.884766 0.628906 0.027344 0.027344
0 0.103516 0.527344 0.031250 0.031250
0 0.085938 0.496094 0.027344 0.027344
0 0.855469 0.777344 0.023438 0.023438
0 0.351562 0.109375 0.031250 0.031250
0 0.269531 0.822266 0.023438 0.023438
0 0.593750 0.511719 0.023438 0.023438
0 0.767578 0.123047 0.031250 0.031250
0 0.568359 0.214844 0.023438 0.023438
0 0.929688 0.607422 0.023438 0.023438
0 0.177734 0.056641 0.031250 0.031250
0 0.716797 0.273438 0.031250 0.031250
0 0.896484 0.943359 0.031250 0.031250
0 0.339844 0.923828 0.023438 0.023438
0 0.042969 0.183594 0.023438 0.023438
0 0.126953 0.488281 0.023438 0.023438
0 0.667969 0.335938 0.035156 0.035156
0 0.603516 0.205078 0.031250 0.031250
0 0.695312 0.267578 0.023438 0.023438
0 0.392578 0.640625 0.027344 0.027344
0 0.269531 0.054688 0.027344 0.027344
0 0.158203 0.958984 0.027344 0.027344
1 0.341797 0.091797 0.040909 0.030410
1 0.451172 0.800781 0.015722 0.036318
1 0.302734 0.449219 0.019213 0.050060
1 0.474609 0.566406 0.019298 0.047881
1 0.353516 0.080078 0.036452 0.017424
1 0.335938 0.875000 0.044443 0.051512
1 0.146484 0.812500 0.025078 0.050685
1 0.685547 0.472656 0.049785 0.028439
1 0.679688 0.113281 0.035591 0.028442
1 0.167969 0.332031 0.037227 0.039924
1 0.751953 0.927734 0.030312 0.050151
1 0.876953 0.583984 0.038211 0.052912
1 0.429688 0.902344 0.013303 0.041711
1 0.882812 0.140625 0.046794 0.027987
1 0.406250 0.820312 0.034368 0.027533
1 0.421875 0.320312 0.015095 0.041468
1 0.363281 0.673828 0.039869 0.013795
1 0.859375 0.089844 0.020618 0.031516
1 0.900391 0.443359 0.035813 0.047619
1 0.212891 0.435547 0.020206 0.040697