0 0.128906 0.619141 0.035156 0.035156
0 0.031250 0.396484 0.023438 0.023438
0 0.238281 0.488281 0.027344 0.027344
0 0.662109 0.164062 0.027344 0.027344
0 0.683594 0.291016 0.027344 0.027344
0 0.898438 0.259766 0.031250 0.031250
0 0.072266 0.265625 0.027344 0.027344
0 0.968750 0.238281 0.027344 0.027344
0 0.486328 0.279297 0.031250 0.031250
0 0.498047 0.224609 0.027344 0.027344
0 0.222656 0.564453 0.027344 0.027344
0 0.537109 0.634766 0.027344 0.027344
0 0.203125 0.972656 0.027344 0.027344
0 0.083984 0.589844 0.031250 0.031250
0 0.628906 0.525391 0.035156 0.035156
0 0.162109 0.970703 0.023438 0.023438
0 0.867188 0.603516 0.023438 0.023438
0 0.431641 0.724609 0.035156 0.035156
0 0.447266 0.419922 0.023438 0.023438
0 0.939453 0.884766 0.031250 0.031250
0 0.431641 0.699219 0.031250 0.031250
0 0.556641 0.728516 0.035156 0.035156
0 0.736328 0.193359 0.035156 0.035156
0 0.925781 0.312500 0.023438 0.023438
0 0.638672 0.640625 0.031250 0.031250
0 0.291016 0.136719 0.023438 0.023438
0 0.367188 0.230469 0.031250 0.031250
0 0.427734 0.570312 0.027344 0.027344
0 0.173828 0.515625 0.023438 0.023438
0 0.736328 0.675781 0.031250 0.031250
1 0.421875 0.503906 0.031376 0.046491
1 0.519531 0.150391 0.031538 0.021032
1 0.373047 0.701172 0.039869 0.013795
1 0.310547 0.396484 0.024203 0.035877
1 0.371094 0.546875 0.034622 0.017616
1 0.757812 0.712891 0.041711 0.013303
1 0.636719 0.193359 0.031367 0.019011
1 0.775391 0.363281 0.039348 0.043200
1 0.705078 0.306641 0.036597 0.040449
1 0.296875 0.750000 0.045575 0.045575
1 0.210938 0.291016 0.032066 0.023692
1 0.078125 0.630859 0.048261 0.032201
1 0.613281 0.126953 0.036262 0.055146
1 0.308594 0.980469 0.045610 0.039547
1 0.181641 0.160156 0.040477 0.049551
1 0.802734 0.816406 0.041095 0.049168
1 0.912109 0.986328 0.009766 0.042969
1 0.552734 0.513672 0.026701 0.030590
1 0.859375 0.830078 0.016498 0.036445
1 0.093750 0.015625 0.029415 0.056378