0 0.849609 0.234375 0.031250 0.031250
0 0.609375 0.892578 0.031250 0.031250
0 0.109375 0.619141 0.023438 0.023438
0 0.074219 0.667969 0.027344 0.027344
0 0.865234 0.044922 0.031250 0.031250
0 0.390625 0.941406 0.023438 0.023438
0 0.615234 0.414062 0.035156 0.035156
0 0.447266 0.537109 0.027344 0.027344
0 0.554688 0.689453 0.035156 0.035156
0 0.035156 0.417969 0.035156 0.035156
0 0.410156 0.742188 0.035156 0.035156
0 0.371094 0.667969 0.035156 0.035156
0 0.958984 0.320312 0.023438 0.023438
0 0.433594 0.273438 0.031250 0.031250
0 0.736328 0.330078 0.031250 0.031250
0 0.781250 0.597656 0.035156 0.035156
0 0.964844 0.453125 0.031250 0.031250
0 0.439453 0.289062 0.027344 0.027344
0 0.287109 0.371094 0.031250 0.031250
0 0.472656 0.300781 0.031250 0.031250
0 0.025391 0.414062 0.035156 0.035156
0 0.558594 0.316406 0.027344 0.027344
0 0.513672 0.134766 0.031250 0.031250
0 0.267578 0.134766 0.035156 0.035156
0 0.832031 0.982422 0.023438 0.023438
0 0.906250 0.087891 0.031250 0.031250
0 0.855469 0.349609 0.027344 0.027344
0 0.714844 0.320312 0.035156 0.035156
0 0.277344 0.417969 0.023438 0.023438
0 0.511719 0.501953 0.027344 0.027344
1 0.863281 0.431641 0.049666 0.043889
1 0.292969 0.654297 0.037569 0.044489
1 0.919922 0.378906 0.044315 0.018807
1 0.345703 0.585938 0.035685 0.022294
1 0.914062 0.177734 0.037779 0.039514
1 0.154297 0.574219 0.040165 0.016400
1 0.880859 0.390625 0.024337 0.054425
1 0.417969 0.601562 0.044535 0.046560
1 0.333984 0.257812 0.045154 0.014454
1 0.255859 0.632812 0.032844 0.042199
1 0.091797 0.166016 0.045121 0.035932
1 0.957031 0.619141 0.028720 0.026313
1 0.638672 0.808594 0.045033 0.040124
1 0.390625 0.513672 0.037492 0.053220
1 0.878906 0.105469 0.030370 0.052147
1 0.732422 0.613281 0.036503 0.032172
1 0.691406 0.703125 0.028880 0.048724
1 0.572266 0.873047 0.013416 0.049207
1 0.685547 0.585938 0.041355 0.031593
1 0.943359 0.058594 0.031551 0.021439