0 0.285156 0.810547 0.027344 0.027344
0 0.259766 0.402344 0.027344 0.027344
0 0.783203 0.310547 0.027344 0.027344
0 0.785156 0.402344 0.023438 0.023438
0 0.597656 0.447266 0.027344 0.027344
0 0.326172 0.912109 0.031250 0.031250
0 0.207031 0.765625 0.031250 0.031250
0 0.951172 0.414062 0.027344 0.027344
0 0.736328 0.058594 0.023438 0.023438
0 0.490234 0.833984 0.031250 0.031250
0 0.015625 0.417969 0.027344 0.027344
0 0.298828 0.580078 0.023438 0.023438
0 0.142578 0.527344 0.027344 0.027344
0 0.726562 0.734375 0.023438 0.023438
0 0.339844 0.085938 0.035156 0.035156
0 0.056641 0.550781 0.023438 0.023438
0 0.560547 0.248047 0.035156 0.035156
0 0.626953 0.849609 0.031250 0.031250
0 0.042969 0.558594 0.035156 0.035156
0 0.404297 0.333984 0.027344 0.027344
0 0.652344 0.916016 0.035156 0.035156
0 0.539062 0.400391 0.027344 0.027344
0 0.773438 0.707031 0.027344 0.027344
0 0.634766 0.320312 0.035156 0.035156
0 0.103516 0.560547 0.023438 0.023438
0 0.646484 0.697266 0.023438 0.023438
0 0.660156 0.414062 0.027344 0.027344
0 0.548828 0.125000 0.027344 0.027344
0 0.349609 0.849609 0.023438 0.023438
0 0.519531 0.052734 0.031250 0.031250
1 0.623047 0.365234 0.039425 0.034427
1 0.775391 0.767578 0.018158 0.045960
1 0.515625 0.900391 0.012774 0.030157
1 0.810547 0.255859 0.045167 0.026542
1 0.759766 0.443359 0.033746 0.028154
1 0.869141 0.449219 0.023704 0.038879
1 0.285156 0.126953 0.031718 0.011388
1 0.273438 0.822266 0.020531 0.046508
1 0.718750 0.474609 0.037975 0.051184
1 0.535156 0.265625 0.038430 0.043816
1 0.332031 0.201172 0.038333 0.032947
1 0.943359 0.419922 0.049581 0.014816
1 0.451172 0.396484 0.031991 0.013870
1 0.560547 0.390625 0.025899 0.057021
1 0.248047 0.619141 0.037342 0.030861
1 0.904297 0.640625 0.015572 0.055131
1 0.207031 0.841797 0.037059 0.030224
1 0.509766 0.960938 0.053311 0.041251
1 0.718750 0.533203 0.029263 0.028733
1 0.080078 0.136719 0.024228 0.058209