0 0.207031 0.666016 0.031250 0.031250
0 0.080078 0.833984 0.027344 0.027344
0 0.082031 0.675781 0.027344 0.027344
0 0.406250 0.511719 0.035156 0.035156
0 0.199219 0.601562 0.031250 0.031250
0 0.671875 0.275391 0.035156 0.035156
0 0.785156 0.183594 0.027344 0.027344
0 0.285156 0.089844 0.031250 0.031250
0 0.341797 0.466797 0.031250 0.031250
0 0.300781 0.447266 0.023438 0.023438
0 0.285156 0.568359 0.035156 0.035156
0 0.138672 0.839844 0.027344 0.027344
0 0.287109 0.507812 0.027344 0.027344
0 0.896484 0.978516 0.035156 0.035156
0 0.427734 0.349609 0.035156 0.035156
0 0.574219 0.171875 0.031250 0.031250
0 0.158203 0.578125 0.027344 0.027344
0 0.349609 0.187500 0.023438 0.023438
0 0.250000 0.351562 0.023438 0.023438
0 0.224609 0.425781 0.035156 0.035156
0 0.748047 0.330078 0.023438 0.023438
0 0.265625 0.470703 0.031250 0.031250
0 0.443359 0.888672 0.035156 0.035156
0 0.140625 0.779297 0.031250 0.031250
0 0.183594 0.373047 0.023438 0.023438
0 0.974609 0.636719 0.035156 0.035156
0 0.656250 0.875000 0.027344 0.027344
0 0.800781 0.972656 0.031250 0.031250
0 0.917969 0.791016 0.023438 0.023438
0 0.855469 0.539062 0.031250 0.031250
1 0.220703 0.437500 0.039519 0.030164
1 0.650391 0.197266 0.046270 0.052622
1 0.279297 0.925781 0.046116 0.017857
1 0.207031 0.070312 0.022738 0.050540
1 0.625000 0.380859 0.028703 0.037997
1 0.427734 0.621094 0.037779 0.039514
1 0.312500 0.541016 0.054884 0.012671
1 0.707031 0.972656 0.029373 0.042316
1 0.841797 0.853516 0.020448 0.048250
1 0.386719 0.488281 0.039530 0.025359
1 0.048828 0.179688 0.044656 0.028470
1 0.076172 0.341797 0.036938 0.055512
1 0.916016 0.750000 0.049546 0.036911
1 0.408203 0.455078 0.048971 0.037486
1 0.296875 0.546875 0.031722 0.047086
1 0.218750 0.412109 0.016863 0.032508
1 0.435547 0.750000 0.044538 0.022441
1 0.425781 0.626953 0.038370 0.018453
1 0.185547 0.730469 0.040051 0.040051
1 0.664062 0.943359 0.013148 0.049390