0 0.335938 0.652344 0.031250 0.031250
0 0.748047 0.697266 0.027344 0.027344
0 0.505859 0.406250 0.027344 0.027344
0 0.552734 0.025391 0.027344 0.027344
0 0.482422 0.892578 0.031250 0.031250
0 0.642578 0.212891 0.035156 0.035156
0 0.837891 0.568359 0.031250 0.031250
0 0.091797 0.916016 0.035156 0.035156
0 0.537109 0.099609 0.023438 0.023438
0 0.169922 0.203125 0.027344 0.027344
0 0.851562 0.851562 0.023438 0.023438
0 0.035156 0.822266 0.035156 0.035156
0 0.296875 0.878906 0.035156 0.035156
0 0.931641 0.193359 0.035156 0.035156
0 0.486328 0.447266 0.023438 0.023438
0 0.142578 0.552734 0.023438 0.023438
0 0.681641 0.164062 0.031250 0.031250
0 0.640625 0.404297 0.035156 0.035156
0 0.601562 0.917969 0.035156 0.035156
0 0.328125 0.230469 0.023438 0.023438
0 0.876953 0.486328 0.023438 0.023438
0 0.925781 0.859375 0.023438 0.023438
0 0.384766 0.730469 0.031250 0.031250
0 0.396484 0.341797 0.027344 0.027344
0 0.978516 0.117188 0.027344 0.027344
0 0.935547 0.970703 0.031250 0.031250
0 0.324219 0.240234 0.031250 0.031250
0 0.439453 0.566406 0.027344 0.027344
0 0.656250 0.685547 0.031250 0.031250
0 0.500000 0.203125 0.035156 0.035156
1 0.244141 0.416016 0.043421 0.012001
1 0.353516 0.923828 0.037563 0.022833
1 0.490234 0.068359 0.031712 0.028823
1 0.742188 0.394531 0.038504 0.050310
1 0.240234 0.580078 0.030732 0.056159
1 0.369141 0.218750 0.022377 0.030452
1 0.962891 0.369141 0.032177 0.028137
1 0.927734 0.785156 0.048167 0.030182
1 0.568359 0.984375 0.055029 0.026187
1 0.369141 0.343750 0.031250 0.011719
1 0.125000 0.876953 0.039847 0.049919
1 0.111328 0.828125 0.032206 0.022867
1 0.822266 0.033203 0.040993 0.031673
1 0.705078 0.046875 0.037564 0.014959
1 0.101562 0.767578 0.037531 0.028142
1 0.761719 0.365234 0.018386 0.055671
1 0.621094 0.431641 0.045372 0.015231
1 0.671875 0.652344 0.026962 0.044230
1 0.628906 0.218750 0.036891 0.019327
1 0.312500 0.589844 0.043873 0.033850