0 0.341797 0.066406 0.031250 0.031250
0 0.369141 0.208984 0.027344 0.027344
0 0.904297 0.841797 0.027344 0.027344
0 0.335938 0.478516 0.035156 0.035156
0 0.656250 0.410156 0.023438 0.023438
0 0.806641 0.929688 0.023438 0.023438
0 0.185547 0.068359 0.027344 0.027344
0 0.693359 0.785156 0.031250 0.031250
0 0.076172 0.613281 0.027344 0.027344
0 0.544922 0.578125 0.027344 0.027344
0 0.572266 0.750000 0.027344 0.027344
0 0.289062 0.197266 0.035156 0.035156
0 0.195312 0.455078 0.027344 0.027344
0 0.146484 0.550781 0.035156 0.035156
0 0.052734 0.046875 0.027344 0.027344
0 0.781250 0.855469 0.031250 0.031250
0 0.027344 0.875000 0.027344 0.027344
0 0.845703 0.964844 0.027344 0.027344
0 0.648438 0.191406 0.035156 0.035156
0 0.068359 0.458984 0.027344 0.027344
0 0.386719 0.748047 0.031250 0.031250
0 0.332031 0.517578 0.027344 0.027344
0 0.277344 0.462891 0.027344 0.027344
0 0.298828 0.093750 0.023438 0.023438
0 0.250000 0.773438 0.031250 0.031250
0 0.533203 0.980469 0.027344 0.027344
0 0.402344 0.253906 0.031250 0.031250
0 0.582031 0.279297 0.027344 0.027344
0 0.070312 0.519531 0.027344 0.027344
0 0.363281 0.970703 0.027344 0.027344
1 0.587891 0.808594 0.030872 0.017904
1 0.417969 0.115234 0.031360 0.051157
1 0.277344 0.955078 0.040608 0.025499
1 0.097656 0.613281 0.035052 0.019403
1 0.242188 0.462891 0.024448 0.043195
1 0.597656 0.300781 0.014054 0.045474
1 0.853516 0.933594 0.035735 0.027659
1 0.617188 0.802734 0.042160 0.019398
1 0.716797 0.115234 0.023615 0.049550
1 0.664062 0.294922 0.045154 0.014454
1 0.472656 0.669922 0.020836 0.048437
1 0.763672 0.808594 0.011191 0.041331
1 0.316406 0.773438 0.050692 0.027350
1 0.652344 0.095703 0.037697 0.033845
1 0.218750 0.556641 0.026968 0.058266
1 0.755859 0.142578 0.022416 0.038144
1 0.513672 0.841797 0.026054 0.051989
1 0.523438 0.908203 0.053512 0.036762
1 0.302734 0.828125 0.035750 0.022782
1 0.419922 0.394531 0.030847 0.029883