0 0.289062 0.630859 0.023438 0.023438
0 0.802734 0.736328 0.035156 0.035156
0 0.037109 0.380859 0.027344 0.027344
0 0.197266 0.130859 0.031250 0.031250
0 0.857422 0.935547 0.023438 0.023438
0 0.068359 0.390625 0.027344 0.027344
0 0.822266 0.900391 0.031250 0.031250
0 0.480469 0.882812 0.031250 0.031250
0 0.384766 0.363281 0.035156 0.035156
0 0.343750 0.023438 0.031250 0.031250
0 0.517578 0.507812 0.027344 0.027344
0 0.410156 0.414062 0.027344 0.027344
0 0.283203 0.609375 0.027344 0.027344
0 0.648438 0.148438 0.027344 0.027344
0 0.650391 0.828125 0.027344 0.027344
0 0.345703 0.291016 0.027344 0.027344
0 0.843750 0.335938 0.031250 0.031250
0 0.265625 0.851562 0.031250 0.031250
0 0.496094 0.958984 0.023438 0.023438
0 0.251953 0.455078 0.035156 0.035156
0 0.187500 0.279297 0.027344 0.027344
0 0.826172 0.388672 0.035156 0.035156
0 0.794922 0.220703 0.035156 0.035156
0 0.845703 0.927734 0.035156 0.035156
0 0.757812 0.185547 0.023438 0.023438
0 0.839844 0.597656 0.027344 0.027344
0 0.462891 0.533203 0.027344 0.027344
0 0.882812 0.289062 0.031250 0.031250
0 0.332031 0.330078 0.031250 0.031250
0 0.265625 0.869141 0.031250 0.031250
1 0.644531 0.972656 0.020789 0.031837
1 0.677734 0.261719 0.042274 0.040539
1 0.775391 0.523438 0.034187 0.046215
1 0.441406 0.896484 0.026098 0.030841
1 0.591797 0.763672 0.057839 0.023239
1 0.396484 0.375000 0.038079 0.029465
1 0.201172 0.753906 0.050567 0.033496
1 0.919922 0.929688 0.032513 0.045209
1 0.482422 0.820312 0.041442 0.025604
1 0.701172 0.238281 0.015419 0.043827
1 0.896484 0.019531 0.036154 0.038322
1 0.626953 0.796875 0.051999 0.040487
1 0.121094 0.720703 0.052894 0.027213
1 0.814453 0.617188 0.035565 0.036240
1 0.644531 0.515625 0.049375 0.014258
1 0.251953 0.279297 0.009766 0.029297
1 0.306641 0.662109 0.015682 0.030643
1 0.833984 0.576172 0.037599 0.030405
1 0.214844 0.035156 0.040455 0.039635
1 0.585938 0.791016 0.050619 0.028824