0 0.394531 0.429688 0.031250 0.031250
0 0.078125 0.830078 0.027344 0.027344
0 0.343750 0.898438 0.035156 0.035156
0 0.732422 0.406250 0.027344 0.027344
0 0.339844 0.292969 0.023438 0.023438
0 0.962891 0.134766 0.031250 0.031250
0 0.664062 0.945312 0.031250 0.031250
0 0.152344 0.343750 0.023438 0.023438
0 0.564453 0.074219 0.035156 0.035156
0 0.238281 0.960938 0.031250 0.031250
0 0.777344 0.847656 0.035156 0.035156
0 0.720703 0.458984 0.031250 0.031250
0 0.720703 0.183594 0.027344 0.027344
0 0.183594 0.978516 0.027344 0.027344
0 0.771484 0.207031 0.027344 0.027344
0 0.285156 0.564453 0.031250 0.031250
0 0.742188 0.500000 0.023438 0.023438
0 0.923828 0.947266 0.035156 0.035156
0 0.148438 0.699219 0.023438 0.023438
0 0.886719 0.873047 0.035156 0.035156
0 0.226562 0.912109 0.023438 0.023438
0 0.843750 0.822266 0.031250 0.031250
0 0.310547 0.523438 0.035156 0.035156
0 0.724609 0.859375 0.031250 0.031250
0 0.798828 0.849609 0.023438 0.023438
0 0.947266 0.558594 0.035156 0.035156
0 0.488281 0.750000 0.031250 0.031250
0 0.205078 0.771484 0.031250 0.031250
0 0.773438 0.027344 0.035156 0.035156
0 0.417969 0.335938 0.031250 0.031250
1 0.248047 0.949219 0.050213 0.023183
1 0.826172 0.150391 0.018742 0.042161
1 0.755859 0.509766 0.023044 0.047682
1 0.449219 0.617188 0.037109 0.013672
1 0.197266 0.146484 0.015451 0.038180
1 0.953125 0.605469 0.043030 0.029172
1 0.617188 0.300781 0.022305 0.037497
1 0.089844 0.283203 0.014495 0.055331
1 0.064453 0.580078 0.029603 0.037681
1 0.236328 0.869141 0.057184 0.013693
1 0.042969 0.367188 0.034408 0.031520
1 0.140625 0.697266 0.014228 0.030207
1 0.320312 0.474609 0.030143 0.027544
1 0.642578 0.025391 0.027866 0.058249
1 0.738281 0.648438 0.048991 0.010616
1 0.054688 0.302734 0.051524 0.015020
1 0.494141 0.218750 0.041299 0.027848
1 0.386719 0.271484 0.039234 0.021669
1 0.380859 0.482422 0.043070 0.027010
1 0.810547 0.578125 0.037585 0.049180