0 0.847656 0.402344 0.031250 0.031250
0 0.437500 0.160156 0.035156 0.035156
0 0.130859 0.361328 0.035156 0.035156
0 0.478516 0.095703 0.027344 0.027344
0 0.947266 0.210938 0.035156 0.035156
0 0.716797 0.935547 0.035156 0.035156
0 0.017578 0.687500 0.035156 0.035156
0 0.207031 0.277344 0.027344 0.027344
0 0.562500 0.044922 0.031250 0.031250
0 0.468750 0.654297 0.031250 0.031250
0 0.851562 0.869141 0.035156 0.035156
0 0.902344 0.677734 0.023438 0.023438
0 0.300781 0.800781 0.035156 0.035156
0 0.384766 0.474609 0.031250 0.031250
0 0.169922 0.701172 0.031250 0.031250
0 0.363281 0.447266 0.027344 0.027344
0 0.835938 0.134766 0.027344 0.027344
0 0.771484 0.152344 0.031250 0.031250
0 0.056641 0.179688 0.027344 0.027344
0 0.187500 0.734375 0.031250 0.031250
0 0.529297 0.548828 0.023438 0.023438
0 0.845703 0.675781 0.031250 0.031250
0 0.357422 0.125000 0.031250 0.031250
0 0.779297 0.931641 0.035156 0.035156
0 0.421875 0.138672 0.027344 0.027344
0 0.607422 0.916016 0.023438 0.023438
0 0.783203 0.755859 0.035156 0.035156
0 0.337891 0.673828 0.023438 0.023438
0 0.232422 0.820312 0.023438 0.023438
0 0.505859 0.349609 0.031250 0.031250
1 0.431641 0.123047 0.044722 0.048961
1 0.167969 0.121094 0.026852 0.036543
1 0.306641 0.296875 0.021753 0.054224
1 0.957031 0.378906 0.022570 0.042657
1 0.625000 0.347656 0.022839 0.035197
1 0.066406 0.695312 0.046221 0.026376
1 0.240234 0.683594 0.015429 0.055409
1 0.693359 0.681641 0.041619 0.046433
1 0.732422 0.083984 0.041353 0.024495
1 0.367188 0.291016 0.050289 0.031664
1 0.537109 0.341797 0.032431 0.054016
1 0.519531 0.287109 0.031991 0.013870
1 0.121094 0.175781 0.044130 0.049426
1 0.890625 0.560547 0.036543 0.037989
1 0.128906 0.099609 0.047680 0.043248
1 0.664062 0.050781 0.044459 0.029095
1 0.259766 0.910156 0.026187 0.055029
1 0.380859 0.623047 0.047431 0.046467
1 0.542969 0.429688 0.047840 0.039206
1 0.097656 0.292969 0.045053 0.027544