0 0.382812 0.150391 0.027344 0.027344
0 0.382812 0.931641 0.031250 0.031250
0 0.259766 0.548828 0.031250 0.031250
0 0.042969 0.216797 0.027344 0.027344
0 0.087891 0.253906 0.023438 0.023438
0 0.046875 0.267578 0.027344 0.027344
0 0.039062 0.390625 0.023438 0.023438
0 0.312500 0.107422 0.031250 0.031250
0 0.712891 0.056641 0.023438 0.023438
0 0.205078 0.964844 0.027344 0.027344
0 0.900391 0.205078 0.027344 0.027344
0 0.402344 0.369141 0.027344 0.027344
0 0.062500 0.871094 0.023438 0.023438
0 0.917969 0.148438 0.035156 0.035156
0 0.619141 0.599609 0.035156 0.035156
0 0.048828 0.392578 0.027344 0.027344
0 0.195312 0.710938 0.027344 0.027344
0 0.039062 0.253906 0.023438 0.023438
0 0.470703 0.804688 0.035156 0.035156
0 0.050781 0.443359 0.027344 0.027344
0 0.958984 0.361328 0.035156 0.035156
0 0.658203 0.976562 0.027344 0.027344
0 0.738281 0.832031 0.023438 0.023438
0 0.013672 0.501953 0.027344 0.027344
0 0.087891 0.980469 0.027344 0.027344
0 0.099609 0.884766 0.023438 0.023438
0 0.412109 0.486328 0.023438 0.023438
0 0.015625 0.191406 0.023438 0.023438
0 0.417969 0.710938 0.027344 0.027344
0 0.833984 0.443359 0.035156 0.035156
1 0.853516 0.390625 0.057021 0.025899
1 0.933594 0.894531 0.031071 0.032372
1 0.289062 0.396484 0.034301 0.045739
1 0.667969 0.171875 0.041784 0.038123
1 0.148438 0.617188 0.058093 0.030506
1 0.208984 0.740234 0.037672 0.013645
1 0.583984 0.304688 0.027010 0.043070
1 0.251953 0.857422 0.019002 0.044351
1 0.667969 0.367188 0.055592 0.040891
1 0.082031 0.068359 0.021378 0.053580
1 0.945312 0.533203 0.037635 0.025045
1 0.083984 0.746094 0.050243 0.046197
1 0.751953 0.880859 0.033224 0.024232
1 0.474609 0.478516 0.015391 0.033873
1 0.050781 0.832031 0.041102 0.029412
1 0.558594 0.724609 0.037585 0.049180
1 0.808594 0.783203 0.050799 0.038677
1 0.812500 0.103516 0.033939 0.053736
1 0.316406 0.583984 0.016270 0.053555
1 0.263672 0.564453 0.050213 0.022402