0 0.376953 0.763672 0.031250 0.031250
0 0.302734 0.773438 0.027344 0.027344
0 0.791016 0.601562 0.027344 0.027344
0 0.730469 0.796875 0.035156 0.035156
0 0.437500 0.644531 0.035156 0.035156
0 0.976562 0.837891 0.027344 0.027344
0 0.937500 0.900391 0.031250 0.031250
0 0.443359 0.783203 0.023438 0.023438
0 0.216797 0.427734 0.035156 0.035156
0 0.175781 0.605469 0.031250 0.031250
0 0.154297 0.166016 0.027344 0.027344
0 0.375000 0.595703 0.035156 0.035156
0 0.773438 0.652344 0.023438 0.023438
0 0.886719 0.099609 0.027344 0.027344
0 0.890625 0.189453 0.027344 0.027344
0 0.845703 0.761719 0.035156 0.035156
0 0.525391 0.943359 0.023438 0.023438
0 0.640625 0.564453 0.031250 0.031250
0 0.218750 0.447266 0.027344 0.027344
0 0.841797 0.248047 0.035156 0.035156
0 0.650391 0.910156 0.027344 0.027344
0 0.025391 0.609375 0.023438 0.023438
0 0.564453 0.019531 0.023438 0.023438
0 0.751953 0.109375 0.027344 0.027344
0 0.115234 0.652344 0.023438 0.023438
0 0.960938 0.242188 0.031250 0.031250
0 0.210938 0.640625 0.031250 0.031250
0 0.332031 0.666016 0.023438 0.023438
0 0.169922 0.824219 0.031250 0.031250
0 0.648438 0.126953 0.023438 0.023438
1 0.513672 0.837891 0.028556 0.039347
1 0.771484 0.216797 0.050609 0.038549
1 0.482422 0.958984 0.031738 0.028281
1 0.044922 0.632812 0.032873 0.038058
1 0.552734 0.517578 0.032155 0.052942
1 0.650391 0.855469 0.045626 0.050681
1 0.599609 0.314453 0.020606 0.052190
1 0.652344 0.521484 0.032750 0.035926
1 0.632812 0.460938 0.019247 0.042519
1 0.166016 0.498047 0.015923 0.045844
1 0.626953 0.410156 0.015534 0.038131
1 0.732422 0.609375 0.015651 0.043910
1 0.228516 0.132812 0.034856 0.045547
1 0.945312 0.599609 0.045062 0.046074
1 0.787109 0.960938 0.045971 0.018892
1 0.056641 0.500000 0.036447 0.038085
1 0.103516 0.437500 0.046956 0.046956
1 0.253906 0.591797 0.029883 0.030847
1 0.138672 0.943359 0.032727 0.019408
1 0.314453 0.750000 0.032708 0.042650