0 0.509766 0.931641 0.035156 0.035156
0 0.468750 0.673828 0.031250 0.031250
0 0.271484 0.482422 0.035156 0.035156
0 0.576172 0.501953 0.035156 0.035156
0 0.160156 0.308594 0.027344 0.027344
0 0.195312 0.140625 0.023438 0.023438
0 0.849609 0.701172 0.027344 0.027344
0 0.181641 0.441406 0.035156 0.035156
0 0.804688 0.789062 0.035156 0.035156
0 0.734375 0.554688 0.035156 0.035156
0 0.494141 0.937500 0.023438 0.023438
0 0.339844 0.113281 0.035156 0.035156
0 0.515625 0.916016 0.027344 0.027344
0 0.900391 0.777344 0.031250 0.031250
0 0.521484 0.607422 0.027344 0.027344
0 0.927734 0.287109 0.031250 0.031250
0 0.982422 0.214844 0.031250 0.031250
0 0.761719 0.140625 0.023438 0.023438
0 0.884766 0.806641 0.027344 0.027344
0 0.925781 0.736328 0.035156 0.035156
0 0.146484 0.400391 0.031250 0.031250
0 0.333984 0.833984 0.023438 0.023438
0 0.376953 0.177734 0.027344 0.027344
0 0.628906 0.167969 0.023438 0.023438
0 0.044922 0.716797 0.023438 0.023438
0 0.925781 0.609375 0.027344 0.027344
0 0.306641 0.617188 0.023438 0.023438
0 0.302734 0.498047 0.027344 0.027344
0 0.529297 0.226562 0.027344 0.027344
0 0.863281 0.044922 0.027344 0.027344
1 0.189453 0.820312 0.023656 0.052108
1 0.691406 0.714844 0.012739 0.043545
1 0.064453 0.355469 0.036778 0.053935
1 0.066406 0.326172 0.056378 0.029415
1 0.660156 0.560547 0.036842 0.040310
1 0.585938 0.705078 0.043218 0.026876
1 0.667969 0.287109 0.022476 0.032368
1 0.501953 0.320312 0.034382 0.052307
1 0.505859 0.861328 0.034506 0.054290
1 0.593750 0.845703 0.020276 0.035320
1 0.724609 0.296875 0.023082 0.053465
1 0.580078 0.763672 0.023822 0.043157
1 0.548828 0.626953 0.033379 0.029676
1 0.638672 0.464844 0.045000 0.023661
1 0.277344 0.191406 0.044492 0.031689
1 0.820312 0.953125 0.033027 0.050031
1 0.392578 0.435547 0.037362 0.034279
1 0.906250 0.544922 0.024015 0.037873
1 0.734375 0.130859 0.048646 0.042005
1 0.554688 0.753906 0.042651 0.021935