0 0.919922 0.865234 0.027344 0.027344
0 0.689453 0.453125 0.027344 0.027344
0 0.882812 0.603516 0.023438 0.023438
0 0.460938 0.177734 0.031250 0.031250
0 0.320312 0.164062 0.031250 0.031250
0 0.224609 0.388672 0.027344 0.027344
0 0.859375 0.345703 0.023438 0.023438
0 0.351562 0.136719 0.035156 0.035156
0 0.589844 0.453125 0.023438 0.023438
0 0.750000 0.244141 0.031250 0.031250
0 0.912109 0.734375 0.031250 0.031250
0 0.589844 0.847656 0.031250 0.031250
0 0.417969 0.726562 0.035156 0.035156
0 0.093750 0.578125 0.023438 0.023438
0 0.091797 0.679688 0.031250 0.031250
0 0.300781 0.380859 0.027344 0.027344
0 0.583984 0.751953 0.035156 0.035156
0 0.289062 0.353516 0.031250 0.031250
0 0.666016 0.517578 0.035156 0.035156
0 0.714844 0.628906 0.031250 0.031250
0 0.751953 0.939453 0.035156 0.035156
0 0.972656 0.152344 0.023438 0.023438
0 0.449219 0.894531 0.031250 0.031250
0 0.843750 0.595703 0.035156 0.035156
0 0.509766 0.349609 0.027344 0.027344
0 0.042969 0.361328 0.031250 0.031250
0 0.207031 0.505859 0.023438 0.023438
0 0.279297 0.208984 0.027344 0.027344
0 0.615234 0.195312 0.031250 0.031250
0 0.431641 0.265625 0.031250 0.031250
1 0.556641 0.265625 0.019216 0.055786
1 0.115234 0.171875 0.037120 0.030885
1 0.777344 0.333984 0.043754 0.014204
1 0.339844 0.335938 0.015572 0.055131
1 0.441406 0.304688 0.017985 0.038581
1 0.703125 0.515625 0.044415 0.019702
1 0.957031 0.890625 0.032445 0.015440
1 0.875000 0.146484 0.051989 0.019518
1 0.259766 0.630859 0.038230 0.039098
1 0.298828 0.617188 0.043283 0.011259
1 0.451172 0.208984 0.054244 0.039953
1 0.855469 0.076172 0.042993 0.032656
1 0.566406 0.082031 0.031837 0.020789
1 0.101562 0.126953 0.047845 0.020816
1 0.421875 0.658203 0.037169 0.034472
1 0.388672 0.355469 0.018476 0.032740
1 0.894531 0.216797 0.054460 0.027678
1 0.220703 0.121094 0.025005 0.036883
1 0.730469 0.656250 0.037342 0.030861
1 0.535156 0.552734 0.035695 0.033190