0 0.785156 0.683594 0.023438 0.023438
0 0.792969 0.791016 0.035156 0.035156
0 0.869141 0.269531 0.035156 0.035156
0 0.191406 0.244141 0.027344 0.027344
0 0.380859 0.271484 0.035156 0.035156
0 0.058594 0.802734 0.031250 0.031250
0 0.796875 0.398438 0.027344 0.027344
0 0.367188 0.259766 0.035156 0.035156
0 0.708984 0.048828 0.031250 0.031250
0 0.744141 0.759766 0.027344 0.027344
0 0.300781 0.835938 0.023438 0.023438
0 0.039062 0.021484 0.035156 0.035156
0 0.398438 0.103516 0.031250 0.031250
0 0.185547 0.791016 0.035156 0.035156
0 0.171875 0.146484 0.023438 0.023438
0 0.796875 0.160156 0.027344 0.027344
0 0.439453 0.187500 0.035156 0.035156
0 0.591797 0.177734 0.027344 0.027344
0 0.449219 0.919922 0.031250 0.031250
0 0.912109 0.289062 0.031250 0.031250
0 0.914062 0.921875 0.027344 0.027344
0 0.656250 0.257812 0.035156 0.035156
0 0.785156 0.451172 0.027344 0.027344
0 0.591797 0.923828 0.027344 0.027344
0 0.849609 0.871094 0.031250 0.031250
0 0.216797 0.488281 0.027344 0.027344
0 0.048828 0.812500 0.031250 0.031250
0 0.019531 0.615234 0.027344 0.027344
0 0.736328 0.025391 0.027344 0.027344
0 0.751953 0.888672 0.035156 0.035156
1 0.042969 0.437500 0.037318 0.030467
1 0.580078 0.128906 0.014258 0.049375
1 0.550781 0.544922 0.044230 0.026962
1 0.439453 0.898438 0.050699 0.042057
1 0.906250 0.345703 0.025216 0.045438
1 0.201172 0.166016 0.055946 0.020235
1 0.425781 0.890625 0.051091 0.011532
1 0.828125 0.613281 0.023859 0.045654
1 0.134766 0.521484 0.047548 0.013814
1 0.166016 0.886719 0.042176 0.033743
1 0.611328 0.177734 0.036445 0.016498
1 0.105469 0.675781 0.052279 0.043205
1 0.287109 0.087891 0.041859 0.046193
1 0.167969 0.257812 0.022257 0.057386
1 0.091797 0.187500 0.029187 0.039846
1 0.445312 0.878906 0.031661 0.028773
1 0.644531 0.103516 0.030565 0.016659
1 0.082031 0.423828 0.034011 0.026743
1 0.388672 0.787109 0.034464 0.031575
1 0.062500 0.460938 0.035278 0.047431