0 0.617188 0.390625 0.035156 0.035156
0 0.726562 0.220703 0.031250 0.031250
0 0.378906 0.742188 0.031250 0.031250
0 0.259766 0.333984 0.027344 0.027344
0 0.343750 0.675781 0.035156 0.035156
0 0.867188 0.064453 0.035156 0.035156
0 0.236328 0.798828 0.027344 0.027344
0 0.955078 0.603516 0.027344 0.027344
0 0.597656 0.884766 0.035156 0.035156
0 0.302734 0.152344 0.027344 0.027344
0 0.503906 0.144531 0.031250 0.031250
0 0.675781 0.748047 0.027344 0.027344
0 0.144531 0.058594 0.035156 0.035156
0 0.785156 0.458984 0.035156 0.035156
0 0.300781 0.408203 0.023438 0.023438
0 0.177734 0.417969 0.023438 0.023438
0 0.978516 0.453125 0.023438 0.023438
0 0.751953 0.976562 0.027344 0.027344
0 0.681641 0.062500 0.027344 0.027344
0 0.736328 0.070312 0.035156 0.035156
0 0.906250 0.669922 0.035156 0.035156
0 0.720703 0.576172 0.023438 0.023438
0 0.580078 0.519531 0.031250 0.031250
0 0.728516 0.685547 0.023438 0.023438
0 0.695312 0.396484 0.027344 0.027344
0 0.337891 0.955078 0.035156 0.035156
0 0.652344 0.400391 0.035156 0.035156
0 0.867188 0.320312 0.023438 0.023438
0 0.201172 0.810547 0.031250 0.031250
0 0.933594 0.546875 0.031250 0.031250
1 0.125000 0.431641 0.017380 0.038486
1 0.507812 0.394531 0.022526 0.037056
1 0.394531 0.896484 0.030629 0.045973
1 0.900391 0.646484 0.031895 0.051678
1 0.199219 0.058594 0.033218 0.019408
1 0.763672 0.910156 0.042773 0.052711
1 0.851562 0.617188 0.045645 0.053051
1 0.888672 0.011719 0.027123 0.028087
1 0.556641 0.355469 0.054312 0.030096
1 0.652344 0.076172 0.030885 0.037120
1 0.101562 0.591797 0.033161 0.046082
1 0.564453 0.609375 0.040765 0.021430
1 0.791016 0.498047 0.028809 0.052553
1 0.449219 0.398438 0.054887 0.027038
1 0.152344 0.064453 0.024203 0.035877
1 0.943359 0.181641 0.032810 0.016967
1 0.224609 0.644531 0.018532 0.036486
1 0.222656 0.183594 0.036121 0.032418
1 0.878906 0.384766 0.017685 0.040415
1 0.726562 0.826172 0.025430 0.029275