0 0.816406 0.673828 0.031250 0.031250
0 0.439453 0.830078 0.031250 0.031250
0 0.542969 0.986328 0.023438 0.023438
0 0.933594 0.839844 0.027344 0.027344
0 0.031250 0.500000 0.035156 0.035156
0 0.748047 0.250000 0.031250 0.031250
0 0.105469 0.738281 0.031250 0.031250
0 0.466797 0.220703 0.027344 0.027344
0 0.068359 0.564453 0.027344 0.027344
0 0.228516 0.316406 0.027344 0.027344
0 0.417969 0.519531 0.027344 0.027344
0 0.953125 0.451172 0.023438 0.023438
0 0.054688 0.279297 0.023438 0.023438
0 0.507812 0.667969 0.035156 0.035156
0 0.626953 0.210938 0.023438 0.023438
0 0.494141 0.287109 0.023438 0.023438
0 0.607422 0.785156 0.027344 0.027344
0 0.679688 0.349609 0.035156 0.035156
0 0.869141 0.503906 0.027344 0.027344
0 0.199219 0.128906 0.027344 0.027344
0 0.480469 0.410156 0.027344 0.027344
0 0.099609 0.914062 0.027344 0.027344
0 0.298828 0.595703 0.027344 0.027344
0 0.556641 0.214844 0.027344 0.027344
0 0.855469 0.611328 0.035156 0.035156
0 0.914062 0.363281 0.023438 0.023438
0 0.123047 0.605469 0.035156 0.035156
0 0.390625 0.517578 0.031250 0.031250
0 0.291016 0.484375 0.023438 0.023438
0 0.962891 0.292969 0.031250 0.031250
1 0.283203 0.945312 0.021951 0.040114
1 0.808594 0.367188 0.020926 0.044690
1 0.335938 0.191406 0.042596 0.024434
1 0.541016 0.634766 0.039622 0.013747
1 0.744141 0.408203 0.030096 0.054312
1 0.492188 0.757812 0.046783 0.022713
1 0.847656 0.103516 0.038961 0.035208
1 0.617188 0.896484 0.037362 0.034279
1 0.619141 0.492188 0.044815 0.029967
1 0.718750 0.494141 0.043657 0.044718
1 0.285156 0.136719 0.047501 0.024495
1 0.927734 0.222656 0.027912 0.034229
1 0.800781 0.228516 0.046759 0.036996
1 0.755859 0.593750 0.030620 0.030138
1 0.757812 0.228516 0.031443 0.019772
1 0.101562 0.703125 0.014705 0.030548
1 0.550781 0.769531 0.044055 0.019871
1 0.056641 0.791016 0.012870 0.033592
1 0.800781 0.464844 0.055124 0.012614
1 0.591797 0.628906 0.037262 0.051553