0 0.613281 0.841797 0.023438 0.023438
0 0.945312 0.822266 0.031250 0.031250
0 0.253906 0.373047 0.027344 0.027344
0 0.771484 0.839844 0.031250 0.031250
0 0.828125 0.060547 0.031250 0.031250
0 0.910156 0.775391 0.023438 0.023438
0 0.025391 0.402344 0.027344 0.027344
0 0.132812 0.337891 0.031250 0.031250
0 0.601562 0.705078 0.023438 0.023438
0 0.943359 0.953125 0.023438 0.023438
0 0.355469 0.896484 0.035156 0.035156
0 0.087891 0.439453 0.023438 0.023438
0 0.373047 0.197266 0.027344 0.027344
0 0.744141 0.630859 0.023438 0.023438
0 0.523438 0.673828 0.035156 0.035156
0 0.171875 0.962891 0.031250 0.031250
0 0.617188 0.726562 0.035156 0.035156
0 0.269531 0.818359 0.035156 0.035156
0 0.667969 0.406250 0.027344 0.027344
0 0.802734 0.152344 0.027344 0.027344
0 0.343750 0.869141 0.035156 0.035156
0 0.197266 0.357422 0.035156 0.035156
0 0.292969 0.765625 0.031250 0.031250
0 0.867188 0.457031 0.027344 0.027344
0 0.511719 0.705078 0.023438 0.023438
0 0.167969 0.292969 0.023438 0.023438
0 0.744141 0.029297 0.035156 0.035156
0 0.828125 0.373047 0.023438 0.023438
0 0.910156 0.847656 0.027344 0.027344
0 0.816406 0.425781 0.027344 0.027344
1 0.240234 0.250000 0.027294 0.036430
1 0.085938 0.931641 0.029374 0.035699
1 0.923828 0.748047 0.024035 0.036986
1 0.298828 0.238281 0.033733 0.054516
1 0.917969 0.480469 0.056286 0.034558
1 0.437500 0.712891 0.051314 0.024980
1 0.822266 0.478516 0.028162 0.045014
1 0.419922 0.939453 0.039250 0.034919
1 0.486328 0.861328 0.034677 0.053572
1 0.142578 0.919922 0.055261 0.024461
1 0.841797 0.234375 0.010412 0.037274
1 0.480469 0.916016 0.044722 0.048961
1 0.607422 0.740234 0.033940 0.014006
1 0.576172 0.824219 0.037020 0.047033
1 0.632812 0.904297 0.039036 0.020501
1 0.273438 0.921875 0.048357 0.042294
1 0.816406 0.330078 0.028914 0.026026
1 0.470703 0.582031 0.053555 0.016270
1 0.367188 0.748047 0.044539 0.040878
1 0.210938 0.980469 0.043221 0.025066