0 0.714844 0.578125 0.031250 0.031250
0 0.113281 0.626953 0.031250 0.031250
0 0.716797 0.607422 0.031250 0.031250
0 0.904297 0.166016 0.031250 0.031250
0 0.142578 0.722656 0.027344 0.027344
0 0.781250 0.292969 0.031250 0.031250
0 0.937500 0.267578 0.031250 0.031250
0 0.091797 0.914062 0.031250 0.031250
0 0.316406 0.283203 0.023438 0.023438
0 0.130859 0.074219 0.031250 0.031250
0 0.466797 0.363281 0.035156 0.035156
0 0.429688 0.617188 0.031250 0.031250
0 0.777344 0.603516 0.027344 0.027344
0 0.599609 0.867188 0.035156 0.035156
0 0.888672 0.824219 0.023438 0.023438
0 0.314453 0.681641 0.031250 0.031250
0 0.796875 0.021484 0.031250 0.031250
0 0.173828 0.576172 0.023438 0.023438
0 0.191406 0.488281 0.027344 0.027344
0 0.320312 0.806641 0.023438 0.023438
0 0.650391 0.626953 0.023438 0.023438
0 0.074219 0.205078 0.031250 0.031250
0 0.361328 0.476562 0.027344 0.027344
0 0.140625 0.562500 0.035156 0.035156
0 0.669922 0.679688 0.027344 0.027344
0 0.953125 0.267578 0.023438 0.023438
0 0.083984 0.185547 0.027344 0.027344
0 0.259766 0.107422 0.023438 0.023438
0 0.177734 0.732422 0.035156 0.035156
0 0.544922 0.177734 0.031250 0.031250
1 0.507812 0.353516 0.033062 0.057778
1 0.753906 0.576172 0.023651 0.032285
1 0.603516 0.552734 0.039001 0.038327
1 0.515625 0.373047 0.048961 0.044722
1 0.380859 0.189453 0.036996 0.019569
1 0.634766 0.332031 0.038670 0.038670
1 0.701172 0.248047 0.033901 0.024210
1 0.373047 0.449219 0.038107 0.014835
1 0.767578 0.154297 0.025040 0.042550
1 0.519531 0.179688 0.044943 0.022987
1 0.423828 0.966797 0.027584 0.039462
1 0.230469 0.345703 0.035907 0.025114
1 0.431641 0.029297 0.053788 0.036021
1 0.066406 0.531250 0.040199 0.016392
1 0.347656 0.044922 0.036452 0.017424
1 0.152344 0.617188 0.043816 0.038430
1 0.523438 0.591797 0.016758 0.049786
1 0.480469 0.544922 0.031840 0.028003
1 0.330078 0.648438 0.028733 0.029263
1 0.369141 0.064453 0.038093 0.041704