0 0.140625 0.283203 0.023438 0.023438
0 0.574219 0.767578 0.031250 0.031250
0 0.712891 0.566406 0.023438 0.023438
0 0.929688 0.025391 0.035156 0.035156
0 0.705078 0.396484 0.031250 0.031250
0 0.396484 0.802734 0.023438 0.023438
0 0.757812 0.757812 0.027344 0.027344
0 0.703125 0.673828 0.023438 0.023438
0 0.789062 0.626953 0.031250 0.031250
0 0.748047 0.435547 0.035156 0.035156
0 0.650391 0.345703 0.031250 0.031250
0 0.199219 0.044922 0.035156 0.035156
0 0.083984 0.283203 0.035156 0.035156
0 0.123047 0.070312 0.031250 0.031250
0 0.316406 0.882812 0.035156 0.035156
0 0.910156 0.076172 0.027344 0.027344
0 0.029297 0.277344 0.023438 0.023438
0 0.042969 0.941406 0.027344 0.027344
0 0.074219 0.548828 0.031250 0.031250
0 0.970703 0.224609 0.031250 0.031250
0 0.216797 0.908203 0.027344 0.027344
0 0.437500 0.751953 0.027344 0.027344
0 0.769531 0.447266 0.031250 0.031250
0 0.109375 0.337891 0.027344 0.027344
0 0.140625 0.269531 0.031250 0.031250
0 0.322266 0.380859 0.031250 0.031250
0 0.216797 0.511719 0.031250 0.031250
0 0.638672 0.687500 0.031250 0.031250
0 0.322266 0.406250 0.035156 0.035156
0 0.103516 0.841797 0.031250 0.031250
1 0.240234 0.640625 0.012330 0.037700
1 0.431641 0.277344 0.035879 0.024189
1 0.576172 0.919922 0.050652 0.024305
1 0.529297 0.953125 0.030039 0.037505
1 0.218750 0.316406 0.016772 0.045766
1 0.927734 0.111328 0.030613 0.021620
1 0.753906 0.408203 0.037660 0.033620
1 0.037109 0.601562 0.018453 0.038370
1 0.365234 0.525391 0.031716 0.034414
1 0.718750 0.087891 0.050781 0.011719
1 0.130859 0.205078 0.047626 0.034683
1 0.183594 0.246094 0.023304 0.035175
1 0.373047 0.548828 0.035130 0.030517
1 0.250000 0.863281 0.055226 0.014565
1 0.371094 0.382812 0.011719 0.039062
1 0.339844 0.759766 0.037645 0.036922
1 0.166016 0.822266 0.026750 0.034614
1 0.320312 0.056641 0.022883 0.034219
1 0.244141 0.421875 0.040499 0.047231
1 0.767578 0.962891 0.039448 0.013075