0 0.226562 0.367188 0.023438 0.023438
0 0.761719 0.332031 0.031250 0.031250
0 0.787109 0.859375 0.023438 0.023438
0 0.914062 0.902344 0.031250 0.031250
0 0.587891 0.386719 0.027344 0.027344
0 0.884766 0.019531 0.023438 0.023438
0 0.701172 0.119141 0.027344 0.027344
0 0.925781 0.787109 0.027344 0.027344
0 0.837891 0.544922 0.027344 0.027344
0 0.986328 0.396484 0.023438 0.023438
0 0.029297 0.896484 0.031250 0.031250
0 0.699219 0.582031 0.031250 0.031250
0 0.750000 0.482422 0.023438 0.023438
0 0.525391 0.810547 0.027344 0.027344
0 0.296875 0.335938 0.035156 0.035156
0 0.648438 0.039062 0.023438 0.023438
0 0.384766 0.425781 0.031250 0.031250
0 0.867188 0.375000 0.023438 0.023438
0 0.804688 0.558594 0.023438 0.023438
0 0.468750 0.966797 0.035156 0.035156
0 0.931641 0.287109 0.035156 0.035156
0 0.324219 0.203125 0.027344 0.027344
0 0.777344 0.433594 0.031250 0.031250
0 0.394531 0.421875 0.023438 0.023438
0 0.541016 0.472656 0.031250 0.031250
0 0.625000 0.427734 0.027344 0.027344
0 0.935547 0.255859 0.035156 0.035156
0 0.171875 0.226562 0.023438 0.023438
0 0.023438 0.414062 0.035156 0.035156
0 0.742188 0.070312 0.027344 0.027344
1 0.269531 0.095703 0.030320 0.032968
1 0.742188 0.074219 0.057647 0.018534
1 0.785156 0.148438 0.045372 0.015231
1 0.912109 0.400391 0.033179 0.030003
1 0.044922 0.855469 0.015722 0.036318
1 0.689453 0.576172 0.056045 0.035362
1 0.390625 0.396484 0.029866 0.049525
1 0.263672 0.339844 0.041881 0.015249
1 0.548828 0.787109 0.040993 0.031673
1 0.460938 0.701172 0.044024 0.030320
1 0.576172 0.021484 0.055501 0.016440
1 0.552734 0.527344 0.024093 0.057238
1 0.134766 0.500000 0.022368 0.035209
1 0.341797 0.902344 0.031661 0.028773
1 0.369141 0.453125 0.024160 0.057825
1 0.921875 0.562500 0.031765 0.031765
1 0.568359 0.427734 0.036778 0.053935
1 0.425781 0.587891 0.013440 0.033771
1 0.474609 0.935547 0.039418 0.056167
1 0.376953 0.658203 0.034414 0.031716