0 0.351562 0.439453 0.035156 0.035156
0 0.373047 0.658203 0.023438 0.023438
0 0.933594 0.044922 0.031250 0.031250
0 0.763672 0.779297 0.023438 0.023438
0 0.957031 0.207031 0.027344 0.027344
0 0.488281 0.898438 0.027344 0.027344
0 0.316406 0.189453 0.035156 0.035156
0 0.578125 0.619141 0.027344 0.027344
0 0.771484 0.376953 0.031250 0.031250
0 0.466797 0.146484 0.031250 0.031250
0 0.496094 0.128906 0.031250 0.031250
0 0.935547 0.884766 0.027344 0.027344
0 0.785156 0.535156 0.031250 0.031250
0 0.548828 0.468750 0.023438 0.023438
0 0.337891 0.058594 0.023438 0.023438
0 0.218750 0.888672 0.023438 0.023438
0 0.228516 0.923828 0.035156 0.035156
0 0.828125 0.035156 0.031250 0.031250
0 0.160156 0.662109 0.023438 0.023438
0 0.466797 0.710938 0.031250 0.031250
0 0.087891 0.955078 0.031250 0.031250
0 0.492188 0.910156 0.035156 0.035156
0 0.250000 0.468750 0.023438 0.023438
0 0.390625 0.501953 0.023438 0.023438
0 0.597656 0.406250 0.023438 0.023438
0 0.744141 0.833984 0.031250 0.031250
0 0.587891 0.150391 0.031250 0.031250
0 0.837891 0.378906 0.035156 0.035156
0 0.697266 0.302734 0.023438 0.023438
0 0.027344 0.294922 0.027344 0.027344
1 0.611328 0.212891 0.035912 0.051256
1 0.607422 0.878906 0.023416 0.033315
1 0.437500 0.099609 0.025774 0.032923
1 0.443359 0.083984 0.032547 0.033704
1 0.279297 0.419922 0.042874 0.047930
1 0.871094 0.066406 0.033690 0.037732
1 0.138672 0.917969 0.018216 0.053725
1 0.476562 0.167969 0.025899 0.057021
1 0.859375 0.072266 0.044415 0.019702
1 0.138672 0.986328 0.016154 0.038261
1 0.376953 0.675781 0.045654 0.023859
1 0.734375 0.675781 0.029889 0.024146
1 0.101562 0.185547 0.045119 0.036486
1 0.416016 0.035156 0.028493 0.054427
1 0.242188 0.171875 0.043313 0.036009
1 0.691406 0.105469 0.043816 0.038430
1 0.072266 0.107422 0.037896 0.056674
1 0.785156 0.267578 0.033716 0.029340
1 0.189453 0.306641 0.040984 0.035603
1 0.226562 0.847656 0.028137 0.032177