0 0.568359 0.025391 0.035156 0.035156
0 0.507812 0.771484 0.031250 0.031250
0 0.833984 0.017578 0.031250 0.031250
0 0.408203 0.103516 0.023438 0.023438
0 0.199219 0.628906 0.023438 0.023438
0 0.726562 0.566406 0.023438 0.023438
0 0.933594 0.574219 0.031250 0.031250
0 0.330078 0.375000 0.027344 0.027344
0 0.927734 0.265625 0.027344 0.027344
0 0.917969 0.224609 0.031250 0.031250
0 0.554688 0.488281 0.023438 0.023438
0 0.273438 0.611328 0.023438 0.023438
0 0.533203 0.976562 0.027344 0.027344
0 0.730469 0.152344 0.035156 0.035156
0 0.140625 0.576172 0.023438 0.023438
0 0.189453 0.566406 0.023438 0.023438
0 0.416016 0.640625 0.035156 0.035156
0 0.386719 0.685547 0.031250 0.031250
0 0.158203 0.095703 0.027344 0.027344
0 0.445312 0.085938 0.027344 0.027344
0 0.574219 0.429688 0.035156 0.035156
0 0.335938 0.896484 0.023438 0.023438
0 0.679688 0.134766 0.027344 0.027344
0 0.195312 0.107422 0.027344 0.027344
0 0.712891 0.144531 0.023438 0.023438
0 0.775391 0.345703 0.023438 0.023438
0 0.916016 0.511719 0.027344 0.027344
0 0.304688 0.732422 0.031250 0.031250
0 0.744141 0.589844 0.031250 0.031250
0 0.341797 0.287109 0.023438 0.023438
1 0.304688 0.753906 0.041368 0.026763
1 0.671875 0.037109 0.036824 0.018772
1 0.283203 0.134766 0.040776 0.047128
1 0.123047 0.433594 0.015643 0.030687
1 0.068359 0.376953 0.051529 0.036516
1 0.544922 0.128906 0.053311 0.041251
1 0.621094 0.662109 0.029949 0.039085
1 0.443359 0.808594 0.032642 0.051420
1 0.501953 0.931641 0.040793 0.030896
1 0.759766 0.746094 0.042376 0.018569
1 0.609375 0.250000 0.035735 0.027659
1 0.490234 0.955078 0.030090 0.030668
1 0.609375 0.847656 0.033968 0.032233
1 0.302734 0.095703 0.030216 0.052395
1 0.472656 0.259766 0.049320 0.047296
1 0.308594 0.046875 0.037057 0.022009
1 0.732422 0.914062 0.031816 0.034223
1 0.683594 0.873047 0.041609 0.055279
1 0.765625 0.017578 0.037845 0.029940
1 0.353516 0.687500 0.057836 0.022311