0 0.406250 0.587891 0.031250 0.031250
0 0.099609 0.802734 0.027344 0.027344
0 0.195312 0.900391 0.023438 0.023438
0 0.978516 0.208984 0.023438 0.023438
0 0.046875 0.501953 0.023438 0.023438
0 0.425781 0.494141 0.027344 0.027344
0 0.970703 0.589844 0.023438 0.023438
0 0.876953 0.917969 0.023438 0.023438
0 0.777344 0.033203 0.035156 0.035156
0 0.595703 0.876953 0.031250 0.031250
0 0.726562 0.681641 0.031250 0.031250
0 0.486328 0.773438 0.031250 0.031250
0 0.679688 0.791016 0.023438 0.023438
0 0.476562 0.779297 0.031250 0.031250
0 0.062500 0.968750 0.027344 0.027344
0 0.033203 0.259766 0.031250 0.031250
0 0.423828 0.738281 0.023438 0.023438
0 0.335938 0.283203 0.023438 0.023438
0 0.833984 0.824219 0.023438 0.023438
0 0.960938 0.099609 0.035156 0.035156
0 0.759766 0.568359 0.035156 0.035156
0 0.515625 0.429688 0.035156 0.035156
0 0.541016 0.646484 0.027344 0.027344
0 0.355469 0.294922 0.023438 0.023438
0 0.591797 0.318359 0.035156 0.035156
0 0.341797 0.324219 0.031250 0.031250
0 0.777344 0.402344 0.035156 0.035156
0 0.585938 0.304688 0.031250 0.031250
0 0.126953 0.046875 0.027344 0.027344
0 0.025391 0.898438 0.027344 0.027344
1 0.050781 0.896484 0.045154 0.014454
1 0.755859 0.812500 0.049185 0.044370
1 0.173828 0.785156 0.027388 0.042236
1 0.279297 0.798828 0.040835 0.046894
1 0.109375 0.800781 0.047560 0.036493
1 0.224609 0.736328 0.037681 0.029603
1 0.302734 0.892578 0.029099 0.025732
1 0.794922 0.597656 0.033004 0.018392
1 0.871094 0.919922 0.033071 0.035719
1 0.929688 0.294922 0.047993 0.039536
1 0.433594 0.605469 0.030507 0.015202
1 0.880859 0.058594 0.032539 0.015549
1 0.332031 0.406250 0.041381 0.044128
1 0.832031 0.400391 0.053932 0.031165
1 0.134766 0.730469 0.027912 0.034229
1 0.294922 0.890625 0.032010 0.028166
1 0.361328 0.921875 0.035630 0.049334
1 0.144531 0.414062 0.029263 0.028733
1 0.439453 0.242188 0.019398 0.042160
1 0.083984 0.542969 0.038023 0.014215