0 0.109375 0.060547 0.031250 0.031250
0 0.650391 0.976562 0.023438 0.023438
0 0.080078 0.783203 0.023438 0.023438
0 0.417969 0.441406 0.027344 0.027344
0 0.091797 0.087891 0.023438 0.023438
0 0.138672 0.259766 0.031250 0.031250
0 0.140625 0.296875 0.023438 0.023438
0 0.792969 0.146484 0.027344 0.027344
0 0.945312 0.970703 0.031250 0.031250
0 0.435547 0.763672 0.031250 0.031250
0 0.359375 0.154297 0.023438 0.023438
0 0.794922 0.082031 0.027344 0.027344
0 0.111328 0.591797 0.023438 0.023438
0 0.777344 0.382812 0.027344 0.027344
0 0.308594 0.707031 0.035156 0.035156
0 0.138672 0.810547 0.035156 0.035156
0 0.255859 0.232422 0.031250 0.031250
0 0.490234 0.931641 0.035156 0.035156
0 0.441406 0.458984 0.035156 0.035156
0 0.171875 0.919922 0.035156 0.035156
0 0.386719 0.806641 0.035156 0.035156
0 0.166016 0.306641 0.027344 0.027344
0 0.396484 0.458984 0.023438 0.023438
0 0.087891 0.478516 0.023438 0.023438
0 0.033203 0.070312 0.027344 0.027344
0 0.808594 0.986328 0.023438 0.023438
0 0.966797 0.570312 0.035156 0.035156
0 0.146484 0.199219 0.031250 0.031250
0 0.160156 0.578125 0.027344 0.027344
0 0.052734 0.386719 0.031250 0.031250
1 0.552734 0.781250 0.034011 0.026743
1 0.660156 0.476562 0.046433 0.041619
1 0.679688 0.976562 0.045964 0.047892
1 0.330078 0.824219 0.024186 0.051418
1 0.482422 0.474609 0.028513 0.042002
1 0.117188 0.937500 0.013279 0.045303
1 0.052734 0.707031 0.035908 0.035908
1 0.685547 0.742188 0.025000 0.057138
1 0.175781 0.638672 0.015289 0.031923
1 0.644531 0.626953 0.015923 0.045844
1 0.773438 0.195312 0.027305 0.046964
1 0.460938 0.238281 0.044443 0.051512
1 0.626953 0.917969 0.031738 0.028281
1 0.181641 0.332031 0.044439 0.046656
1 0.470703 0.732422 0.025070 0.044443
1 0.750000 0.701172 0.031495 0.032025
1 0.648438 0.251953 0.051194 0.025766
1 0.816406 0.712891 0.022537 0.040047
1 0.927734 0.261719 0.040363 0.044937
1 0.789062 0.826172 0.034914 0.018366