0 0.675781 0.947266 0.035156 0.035156
0 0.628906 0.255859 0.023438 0.023438
0 0.384766 0.804688 0.031250 0.031250
0 0.121094 0.130859 0.035156 0.035156
0 0.500000 0.021484 0.027344 0.027344
0 0.119141 0.509766 0.035156 0.035156
0 0.656250 0.871094 0.031250 0.031250
0 0.154297 0.146484 0.035156 0.035156
0 0.841797 0.439453 0.023438 0.023438
0 0.287109 0.412109 0.035156 0.035156
0 0.726562 0.173828 0.035156 0.035156
0 0.435547 0.126953 0.027344 0.027344
0 0.546875 0.669922 0.023438 0.023438
0 0.521484 0.871094 0.035156 0.035156
0 0.707031 0.427734 0.031250 0.031250
0 0.832031 0.562500 0.031250 0.031250
0 0.785156 0.152344 0.023438 0.023438
0 0.019531 0.416016 0.035156 0.035156
0 0.453125 0.123047 0.035156 0.035156
0 0.679688 0.341797 0.023438 0.023438
0 0.265625 0.509766 0.023438 0.023438
0 0.408203 0.259766 0.035156 0.035156
0 0.314453 0.652344 0.023438 0.023438
0 0.283203 0.181641 0.027344 0.027344
0 0.644531 0.371094 0.027344 0.027344
0 0.289062 0.482422 0.031250 0.031250
0 0.478516 0.177734 0.023438 0.023438
0 0.453125 0.222656 0.035156 0.035156
0 0.439453 0.355469 0.023438 0.023438
0 0.716797 0.134766 0.023438 0.023438
1 0.361328 0.091797 0.023587 0.055352
1 0.054688 0.570312 0.035169 0.041218
1 0.396484 0.478516 0.020316 0.032674
1 0.685547 0.828125 0.037059 0.030224
1 0.091797 0.835938 0.043313 0.042300
1 0.226562 0.568359 0.028820 0.035502
1 0.144531 0.949219 0.037718 0.025846
1 0.244141 0.091797 0.057825 0.024160
1 0.878906 0.976562 0.045575 0.045575
1 0.451172 0.593750 0.019616 0.038364
1 0.609375 0.949219 0.015299 0.047324
1 0.091797 0.326172 0.045165 0.031437
1 0.900391 0.812500 0.030732 0.056159
1 0.408203 0.041016 0.031959 0.055716
1 0.611328 0.134766 0.037034 0.040117
1 0.666016 0.199219 0.014420 0.043201
1 0.281250 0.257812 0.013672 0.042969
1 0.351562 0.177734 0.028831 0.050560
1 0.408203 0.958984 0.044353 0.053859
1 0.763672 0.972656 0.040125 0.028175