0 0.958984 0.144531 0.027344 0.027344
0 0.781250 0.468750 0.035156 0.035156
0 0.130859 0.242188 0.035156 0.035156
0 0.277344 0.201172 0.027344 0.027344
0 0.181641 0.361328 0.027344 0.027344
0 0.125000 0.283203 0.027344 0.027344
0 0.935547 0.078125 0.023438 0.023438
0 0.806641 0.580078 0.023438 0.023438
0 0.285156 0.097656 0.023438 0.023438
0 0.205078 0.646484 0.023438 0.023438
0 0.052734 0.011719 0.023438 0.023438
0 0.822266 0.523438 0.035156 0.035156
0 0.330078 0.255859 0.035156 0.035156
0 0.744141 0.556641 0.031250 0.031250
0 0.158203 0.107422 0.031250 0.031250
0 0.744141 0.658203 0.027344 0.027344
0 0.304688 0.550781 0.035156 0.035156
0 0.294922 0.593750 0.027344 0.027344
0 0.447266 0.117188 0.035156 0.035156
0 0.083984 0.943359 0.023438 0.023438
0 0.845703 0.128906 0.027344 0.027344
0 0.501953 0.720703 0.027344 0.027344
0 0.439453 0.613281 0.023438 0.023438
0 0.607422 0.578125 0.031250 0.031250
0 0.851562 0.117188 0.031250 0.031250
0 0.121094 0.386719 0.031250 0.031250
0 0.046875 0.652344 0.027344 0.027344
0 0.265625 0.208984 0.023438 0.023438
0 0.285156 0.351562 0.031250 0.031250
0 0.808594 0.765625 0.031250 0.031250
1 0.892578 0.763672 0.045844 0.015923
1 0.726562 0.570312 0.031484 0.014215
1 0.968750 0.474609 0.011785 0.029907
1 0.390625 0.160156 0.039462 0.027584
1 0.878906 0.371094 0.022846 0.049628
1 0.568359 0.968750 0.021016 0.034497
1 0.806641 0.964844 0.038267 0.021315
1 0.156250 0.044922 0.042274 0.040539
1 0.150391 0.421875 0.054425 0.024337
1 0.218750 0.626953 0.034541 0.020533
1 0.300781 0.837891 0.036940 0.024524
1 0.775391 0.484375 0.048790 0.024606
1 0.705078 0.412109 0.035888 0.032998
1 0.697266 0.712891 0.042633 0.048170
1 0.207031 0.880859 0.039234 0.021669
1 0.417969 0.017578 0.025149 0.058245
1 0.917969 0.111328 0.030613 0.021620
1 0.216797 0.613281 0.042633 0.031327
1 0.875000 0.240234 0.048380 0.029486
1 0.277344 0.070312 0.014495 0.055331