0 0.181641 0.830078 0.027344 0.027344
0 0.777344 0.404297 0.031250 0.031250
0 0.638672 0.103516 0.027344 0.027344
0 0.765625 0.648438 0.027344 0.027344
0 0.482422 0.650391 0.031250 0.031250
0 0.587891 0.585938 0.031250 0.031250
0 0.824219 0.724609 0.023438 0.023438
0 0.259766 0.783203 0.023438 0.023438
0 0.562500 0.972656 0.035156 0.035156
0 0.289062 0.111328 0.027344 0.027344
0 0.232422 0.835938 0.027344 0.027344
0 0.359375 0.685547 0.035156 0.035156
0 0.484375 0.468750 0.031250 0.031250
0 0.601562 0.546875 0.023438 0.023438
0 0.330078 0.601562 0.023438 0.023438
0 0.955078 0.429688 0.023438 0.023438
0 0.871094 0.843750 0.027344 0.027344
0 0.871094 0.023438 0.035156 0.035156
0 0.134766 0.978516 0.035156 0.035156
0 0.634766 0.093750 0.035156 0.035156
0 0.486328 0.111328 0.031250 0.031250
0 0.888672 0.617188 0.035156 0.035156
0 0.521484 0.503906 0.027344 0.027344
0 0.542969 0.085938 0.035156 0.035156
0 0.064453 0.619141 0.035156 0.035156
0 0.242188 0.603516 0.035156 0.035156
0 0.853516 0.152344 0.023438 0.023438
0 0.181641 0.902344 0.027344 0.027344
0 0.982422 0.433594 0.031250 0.031250
0 0.087891 0.162109 0.027344 0.027344
1 0.609375 0.199219 0.036437 0.040479
1 0.558594 0.011719 0.045896 0.016673
1 0.693359 0.808594 0.049119 0.040909
1 0.732422 0.320312 0.015643 0.030687
1 0.460938 0.417969 0.045371 0.012103
1 0.136719 0.910156 0.051903 0.043831
1 0.375000 0.671875 0.027376 0.027858
1 0.333984 0.757812 0.035912 0.051256
1 0.130859 0.289062 0.038651 0.018703
1 0.234375 0.910156 0.021604 0.048537
1 0.476562 0.667969 0.036870 0.034847
1 0.890625 0.201172 0.035879 0.024189
1 0.511719 0.712891 0.049527 0.015096
1 0.808594 0.970703 0.045814 0.022473
1 0.421875 0.708984 0.034628 0.016769
1 0.640625 0.933594 0.027085 0.039501
1 0.089844 0.138672 0.017820 0.051831
1 0.740234 0.906250 0.013133 0.039765
1 0.527344 0.476562 0.032304 0.014921
1 0.318359 0.816406 0.036457 0.032081