0 0.451172 0.181641 0.035156 0.035156
0 0.671875 0.458984 0.023438 0.023438
0 0.810547 0.654297 0.023438 0.023438
0 0.433594 0.224609 0.027344 0.027344
0 0.644531 0.646484 0.031250 0.031250
0 0.322266 0.041016 0.027344 0.027344
0 0.332031 0.607422 0.023438 0.023438
0 0.080078 0.232422 0.023438 0.023438
0 0.824219 0.664062 0.035156 0.035156
0 0.179688 0.765625 0.031250 0.031250
0 0.365234 0.132812 0.031250 0.031250
0 0.255859 0.433594 0.027344 0.027344
0 0.927734 0.537109 0.031250 0.031250
0 0.220703 0.033203 0.023438 0.023438
0 0.486328 0.230469 0.031250 0.031250
0 0.035156 0.082031 0.031250 0.031250
0 0.847656 0.755859 0.035156 0.035156
0 0.623047 0.337891 0.031250 0.031250
0 0.810547 0.728516 0.031250 0.031250
0 0.298828 0.613281 0.023438 0.023438
0 0.576172 0.449219 0.035156 0.035156
0 0.322266 0.730469 0.031250 0.031250
0 0.912109 0.560547 0.023438 0.023438
0 0.865234 0.355469 0.023438 0.023438
0 0.933594 0.960938 0.027344 0.027344
0 0.250000 0.873047 0.031250 0.031250
0 0.183594 0.828125 0.035156 0.035156
0 0.062500 0.357422 0.023438 0.023438
0 0.023438 0.210938 0.023438 0.023438
0 0.369141 0.525391 0.031250 0.031250
1 0.337891 0.355469 0.031930 0.021218
1 0.671875 0.376953 0.046116 0.017857
1 0.308594 0.232422 0.031895 0.051678
1 0.632812 0.173828 0.039184 0.029493
1 0.378906 0.125000 0.027533 0.034368
1 0.550781 0.701172 0.034988 0.018887
1 0.244141 0.613281 0.038767 0.041225
1 0.289062 0.496094 0.037318 0.030467
1 0.482422 0.125000 0.033325 0.044048
1 0.052734 0.677734 0.050944 0.010650
1 0.207031 0.242188 0.044194 0.044194
1 0.306641 0.248047 0.024724 0.050167
1 0.638672 0.589844 0.044530 0.049154
1 0.269531 0.675781 0.033899 0.027465
1 0.179688 0.773438 0.029297 0.011719
1 0.107422 0.656250 0.045901 0.016350
1 0.376953 0.419922 0.026962 0.044230
1 0.892578 0.103516 0.014488 0.047106
1 0.726562 0.224609 0.023704 0.038879
1 0.746094 0.328125 0.027755 0.034607