0 0.449219 0.552734 0.027344 0.027344
0 0.484375 0.054688 0.035156 0.035156
0 0.691406 0.474609 0.031250 0.031250
0 0.296875 0.683594 0.023438 0.023438
0 0.968750 0.625000 0.027344 0.027344
0 0.841797 0.902344 0.031250 0.031250
0 0.103516 0.236328 0.023438 0.023438
0 0.111328 0.175781 0.027344 0.027344
0 0.156250 0.474609 0.027344 0.027344
0 0.378906 0.144531 0.031250 0.031250
0 0.644531 0.044922 0.023438 0.023438
0 0.802734 0.380859 0.023438 0.023438
0 0.585938 0.308594 0.031250 0.031250
0 0.564453 0.626953 0.023438 0.023438
0 0.607422 0.839844 0.023438 0.023438
0 0.833984 0.164062 0.023438 0.023438
0 0.429688 0.183594 0.031250 0.031250
0 0.335938 0.123047 0.027344 0.027344
0 0.779297 0.248047 0.027344 0.027344
0 0.218750 0.681641 0.035156 0.035156
0 0.621094 0.490234 0.027344 0.027344
0 0.687500 0.873047 0.023438 0.023438
0 0.882812 0.582031 0.023438 0.023438
0 0.351562 0.832031 0.035156 0.035156
0 0.517578 0.949219 0.031250 0.031250
0 0.300781 0.601562 0.023438 0.023438
0 0.351562 0.726562 0.027344 0.027344
0 0.250000 0.632812 0.031250 0.031250
0 0.371094 0.921875 0.031250 0.031250
0 0.578125 0.236328 0.035156 0.035156
1 0.431641 0.085938 0.040187 0.029495
1 0.824219 0.630859 0.049923 0.031038
1 0.941406 0.314453 0.014624 0.054918
1 0.822266 0.855469 0.042399 0.033766
1 0.888672 0.974609 0.053572 0.034677
1 0.066406 0.572266 0.057112 0.036328
1 0.423828 0.396484 0.020448 0.048250
1 0.302734 0.152344 0.033684 0.035274
1 0.548828 0.111328 0.032900 0.033382
1 0.812500 0.257812 0.057836 0.022311
1 0.513672 0.042969 0.013672 0.042969
1 0.261719 0.048828 0.036657 0.035115
1 0.333984 0.150391 0.021328 0.057433
1 0.128906 0.822266 0.032017 0.027422
1 0.146484 0.861328 0.030145 0.035330
1 0.341797 0.923828 0.023376 0.031469
1 0.144531 0.357422 0.041318 0.023909
1 0.509766 0.691406 0.019037 0.038372
1 0.474609 0.199219 0.054427 0.028493
1 0.808594 0.808594 0.034074 0.023963