0 0.351562 0.355469 0.027344 0.027344
0 0.662109 0.505859 0.031250 0.031250
0 0.560547 0.949219 0.035156 0.035156
0 0.281250 0.373047 0.035156 0.035156
0 0.826172 0.953125 0.027344 0.027344
0 0.611328 0.912109 0.023438 0.023438
0 0.250000 0.130859 0.023438 0.023438
0 0.285156 0.857422 0.023438 0.023438
0 0.224609 0.175781 0.023438 0.023438
0 0.205078 0.046875 0.031250 0.031250
0 0.644531 0.771484 0.035156 0.035156
0 0.144531 0.570312 0.023438 0.023438
0 0.177734 0.240234 0.027344 0.027344
0 0.513672 0.097656 0.031250 0.031250
0 0.384766 0.839844 0.023438 0.023438
0 0.060547 0.583984 0.027344 0.027344
0 0.320312 0.841797 0.027344 0.027344
0 0.939453 0.226562 0.035156 0.035156
0 0.244141 0.671875 0.023438 0.023438
0 0.679688 0.429688 0.031250 0.031250
0 0.630859 0.287109 0.027344 0.027344
0 0.947266 0.945312 0.035156 0.035156
0 0.833984 0.578125 0.035156 0.035156
0 0.054688 0.835938 0.023438 0.023438
0 0.705078 0.355469 0.027344 0.027344
0 0.650391 0.587891 0.023438 0.023438
0 0.642578 0.128906 0.023438 0.023438
0 0.199219 0.632812 0.023438 0.023438
0 0.158203 0.652344 0.023438 0.023438
0 0.636719 0.718750 0.035156 0.035156
1 0.523438 0.804688 0.034933 0.018698
1 0.273438 0.029297 0.022473 0.045814
1 0.322266 0.720703 0.026813 0.042334
1 0.347656 0.599609 0.049581 0.014816
1 0.285156 0.771484 0.030507 0.015202
1 0.447266 0.771484 0.034527 0.034527
1 0.429688 0.380859 0.025499 0.040608
1 0.140625 0.949219 0.055946 0.020235
1 0.894531 0.949219 0.033440 0.029124
1 0.673828 0.486328 0.037585 0.049180
1 0.148438 0.230469 0.031364 0.036640
1 0.083984 0.552734 0.032014 0.021640
1 0.777344 0.679688 0.051966 0.039539
1 0.824219 0.666016 0.041886 0.051112
1 0.808594 0.861328 0.028401 0.036441
1 0.410156 0.537109 0.025287 0.038738
1 0.255859 0.158203 0.046387 0.019791
1 0.126953 0.835938 0.035803 0.023263
1 0.160156 0.343750 0.041411 0.035352
1 0.359375 0.806641 0.045119 0.036486