0 0.556641 0.425781 0.023438 0.023438
0 0.199219 0.765625 0.027344 0.027344
0 0.750000 0.634766 0.031250 0.031250
0 0.871094 0.056641 0.031250 0.031250
0 0.794922 0.900391 0.035156 0.035156
0 0.921875 0.261719 0.023438 0.023438
0 0.306641 0.750000 0.027344 0.027344
0 0.277344 0.230469 0.031250 0.031250
0 0.341797 0.460938 0.035156 0.035156
0 0.912109 0.582031 0.027344 0.027344
0 0.962891 0.523438 0.027344 0.027344
0 0.455078 0.214844 0.023438 0.023438
0 0.550781 0.855469 0.035156 0.035156
0 0.960938 0.804688 0.035156 0.035156
0 0.173828 0.919922 0.027344 0.027344
0 0.714844 0.537109 0.027344 0.027344
0 0.361328 0.673828 0.023438 0.023438
0 0.480469 0.898438 0.031250 0.031250
0 0.185547 0.951172 0.023438 0.023438
0 0.640625 0.251953 0.023438 0.023438
0 0.507812 0.074219 0.023438 0.023438
0 0.490234 0.542969 0.027344 0.027344
0 0.099609 0.714844 0.031250 0.031250
0 0.582031 0.728516 0.031250 0.031250
0 0.816406 0.708984 0.035156 0.035156
0 0.070312 0.400391 0.023438 0.023438
0 0.492188 0.074219 0.023438 0.023438
0 0.732422 0.220703 0.035156 0.035156
0 0.900391 0.025391 0.031250 0.031250
0 0.195312 0.138672 0.035156 0.035156
1 0.806641 0.839844 0.024745 0.052555
1 0.484375 0.556641 0.028982 0.038302
1 0.234375 0.388672 0.029883 0.030847
1 0.449219 0.523438 0.036986 0.024035
1 0.296875 0.154297 0.019114 0.055552
1 0.164062 0.316406 0.036430 0.027294
1 0.457031 0.914062 0.042873 0.039790
1 0.472656 0.361328 0.036317 0.042799
1 0.695312 0.796875 0.021193 0.052084
1 0.664062 0.505859 0.042491 0.025639
1 0.931641 0.349609 0.046950 0.025524
1 0.960938 0.888672 0.015391 0.033873
1 0.607422 0.437500 0.039227 0.010446
1 0.283203 0.898438 0.024524 0.036940
1 0.191406 0.865234 0.028885 0.055523
1 0.048828 0.134766 0.028282 0.034080
1 0.906250 0.130859 0.036478 0.031725
1 0.927734 0.460938 0.035419 0.033540
1 0.482422 0.859375 0.026026 0.028914
1 0.273438 0.421875 0.021200 0.032582