0 0.978516 0.400391 0.031250 0.031250
0 0.390625 0.783203 0.023438 0.023438
0 0.367188 0.757812 0.031250 0.031250
0 0.689453 0.613281 0.035156 0.035156
0 0.546875 0.058594 0.031250 0.031250
0 0.982422 0.416016 0.027344 0.027344
0 0.052734 0.148438 0.027344 0.027344
0 0.384766 0.884766 0.023438 0.023438
0 0.851562 0.445312 0.035156 0.035156
0 0.158203 0.921875 0.023438 0.023438
0 0.351562 0.816406 0.035156 0.035156
0 0.539062 0.150391 0.023438 0.023438
0 0.783203 0.355469 0.031250 0.031250
0 0.109375 0.718750 0.027344 0.027344
0 0.546875 0.615234 0.035156 0.035156
0 0.130859 0.677734 0.031250 0.031250
0 0.697266 0.685547 0.023438 0.023438
0 0.960938 0.335938 0.027344 0.027344
0 0.957031 0.439453 0.027344 0.027344
0 0.132812 0.763672 0.027344 0.027344
0 0.167969 0.935547 0.023438 0.023438
0 0.595703 0.101562 0.031250 0.031250
0 0.337891 0.697266 0.035156 0.035156
0 0.292969 0.921875 0.027344 0.027344
0 0.240234 0.705078 0.023438 0.023438
0 0.867188 0.263672 0.031250 0.031250
0 0.837891 0.294922 0.027344 0.027344
0 0.550781 0.050781 0.035156 0.035156
0 0.824219 0.062500 0.023438 0.023438
0 0.880859 0.562500 0.023438 0.023438
1 0.439453 0.253906 0.026208 0.041383
1 0.216797 0.853516 0.030870 0.019197
1 0.523438 0.832031 0.023188 0.043105
1 0.496094 0.039062 0.042556 0.019990
1 0.734375 0.187500 0.013012 0.047442
1 0.572266 0.216797 0.028003 0.031840
1 0.050781 0.851562 0.024189 0.035879
1 0.943359 0.224609 0.010918 0.033524
1 0.382812 0.193359 0.018293 0.046105
1 0.150391 0.058594 0.016294 0.036374
1 0.298828 0.451172 0.015641 0.057320
1 0.578125 0.732422 0.044815 0.029967
1 0.453125 0.351562 0.039629 0.037605
1 0.339844 0.097656 0.034208 0.034835
1 0.056641 0.367188 0.020693 0.042119
1 0.884766 0.140625 0.034074 0.023963
1 0.812500 0.607422 0.049919 0.039847
1 0.619141 0.738281 0.020922 0.055523
1 0.628906 0.982422 0.029541 0.054364
1 0.515625 0.933594 0.029419 0.028551