0 0.263672 0.246094 0.035156 0.035156
0 0.035156 0.142578 0.027344 0.027344
0 0.287109 0.886719 0.027344 0.027344
0 0.935547 0.568359 0.023438 0.023438
0 0.964844 0.593750 0.027344 0.027344
0 0.562500 0.355469 0.023438 0.023438
0 0.890625 0.341797 0.031250 0.031250
0 0.367188 0.425781 0.035156 0.035156
0 0.486328 0.337891 0.031250 0.031250
0 0.789062 0.884766 0.035156 0.035156
0 0.759766 0.669922 0.027344 0.027344
0 0.058594 0.638672 0.031250 0.031250
0 0.207031 0.492188 0.031250 0.031250
0 0.333984 0.308594 0.035156 0.035156
0 0.804688 0.302734 0.031250 0.031250
0 0.900391 0.087891 0.031250 0.031250
0 0.271484 0.949219 0.035156 0.035156
0 0.660156 0.367188 0.031250 0.031250
0 0.451172 0.556641 0.023438 0.023438
0 0.570312 0.541016 0.031250 0.031250
0 0.974609 0.619141 0.023438 0.023438
0 0.703125 0.560547 0.031250 0.031250
0 0.935547 0.533203 0.027344 0.027344
0 0.804688 0.066406 0.027344 0.027344
0 0.410156 0.951172 0.031250 0.031250
0 0.496094 0.033203 0.035156 0.035156
0 0.250000 0.732422 0.035156 0.035156
0 0.332031 0.646484 0.027344 0.027344
0 0.705078 0.238281 0.031250 0.031250
0 0.919922 0.849609 0.023438 0.023438
1 0.781250 0.259766 0.051039 0.041447
1 0.894531 0.130859 0.041915 0.052983
1 0.185547 0.257812 0.050646 0.042567
1 0.716797 0.369141 0.047479 0.046419
1 0.228516 0.935547 0.048202 0.025630
1 0.363281 0.878906 0.050198 0.021615
1 0.904297 0.607422 0.029764 0.035520
1 0.183594 0.505859 0.034664 0.036976
1 0.855469 0.626953 0.040208 0.017040
1 0.089844 0.375000 0.043040 0.022548
1 0.205078 0.349609 0.027039 0.046138
1 0.394531 0.564453 0.039440 0.023371
1 0.939453 0.458984 0.032683 0.017378
1 0.203125 0.949219 0.038491 0.026800
1 0.203125 0.212891 0.029442 0.025121
1 0.765625 0.031250 0.034883 0.034160
1 0.921875 0.068359 0.034096 0.024383
1 0.146484 0.173828 0.031527 0.025210
1 0.275391 0.164062 0.049984 0.018400
1 0.765625 0.259766 0.019621 0.045967