0 0.890625 0.974609 0.027344 0.027344
0 0.447266 0.826172 0.027344 0.027344
0 0.203125 0.058594 0.023438 0.023438
0 0.513672 0.117188 0.027344 0.027344
0 0.304688 0.507812 0.031250 0.031250
0 0.277344 0.914062 0.035156 0.035156
0 0.099609 0.447266 0.035156 0.035156
0 0.615234 0.859375 0.023438 0.023438
0 0.812500 0.414062 0.023438 0.023438
0 0.482422 0.927734 0.023438 0.023438
0 0.630859 0.287109 0.035156 0.035156
0 0.583984 0.458984 0.027344 0.027344
0 0.570312 0.615234 0.031250 0.031250
0 0.724609 0.134766 0.035156 0.035156
0 0.765625 0.171875 0.027344 0.027344
0 0.136719 0.939453 0.027344 0.027344
0 0.349609 0.265625 0.035156 0.035156
0 0.160156 0.664062 0.031250 0.031250
0 0.230469 0.257812 0.031250 0.031250
0 0.240234 0.748047 0.023438 0.023438
0 0.671875 0.619141 0.031250 0.031250
0 0.091797 0.357422 0.027344 0.027344
0 0.517578 0.978516 0.031250 0.031250
0 0.824219 0.433594 0.027344 0.027344
0 0.087891 0.396484 0.035156 0.035156
0 0.535156 0.101562 0.023438 0.023438
0 0.972656 0.496094 0.031250 0.031250
0 0.677734 0.675781 0.027344 0.027344
0 0.703125 0.525391 0.031250 0.031250
0 0.611328 0.568359 0.031250 0.031250
1 0.052734 0.222656 0.034472 0.037169
1 0.582031 0.914062 0.047840 0.039206
1 0.562500 0.451172 0.032090 0.027119
1 0.306641 0.878906 0.014665 0.057276
1 0.654297 0.931641 0.031081 0.047268
1 0.261719 0.750000 0.034716 0.057480
1 0.224609 0.710938 0.031816 0.024466
1 0.798828 0.898438 0.017589 0.051684
1 0.441406 0.244141 0.031946 0.024082
1 0.425781 0.353516 0.014822 0.033660
1 0.519531 0.660156 0.037599 0.030405
1 0.400391 0.068359 0.026313 0.028720
1 0.662109 0.376953 0.056295 0.029064
1 0.533203 0.955078 0.025262 0.052044
1 0.324219 0.738281 0.020129 0.055847
1 0.875000 0.611328 0.051323 0.030629
1 0.304688 0.945312 0.017015 0.030826
1 0.121094 0.505859 0.027881 0.054729
1 0.947266 0.037109 0.035885 0.043231
1 0.042969 0.921875 0.035836 0.026843