0 0.796875 0.292969 0.023438 0.023438
0 0.375000 0.296875 0.027344 0.027344
0 0.744141 0.880859 0.031250 0.031250
0 0.587891 0.230469 0.035156 0.035156
0 0.408203 0.652344 0.027344 0.027344
0 0.576172 0.574219 0.035156 0.035156
0 0.679688 0.410156 0.035156 0.035156
0 0.636719 0.783203 0.031250 0.031250
0 0.523438 0.789062 0.035156 0.035156
0 0.830078 0.349609 0.035156 0.035156
0 0.109375 0.593750 0.035156 0.035156
0 0.203125 0.496094 0.035156 0.035156
0 0.878906 0.111328 0.027344 0.027344
0 0.265625 0.419922 0.031250 0.031250
0 0.970703 0.677734 0.027344 0.027344
0 0.679688 0.242188 0.031250 0.031250
0 0.863281 0.664062 0.027344 0.027344
0 0.126953 0.576172 0.027344 0.027344
0 0.072266 0.339844 0.027344 0.027344
0 0.615234 0.025391 0.031250 0.031250
0 0.296875 0.699219 0.027344 0.027344
0 0.123047 0.250000 0.035156 0.035156
0 0.695312 0.642578 0.035156 0.035156
0 0.328125 0.876953 0.023438 0.023438
0 0.531250 0.652344 0.023438 0.023438
0 0.578125 0.134766 0.027344 0.027344
0 0.070312 0.087891 0.023438 0.023438
0 0.875000 0.982422 0.023438 0.023438
0 0.197266 0.148438 0.035156 0.035156
0 0.984375 0.580078 0.027344 0.027344
1 0.277344 0.900391 0.022311 0.057836
1 0.046875 0.529297 0.039765 0.013133
1 0.275391 0.542969 0.032167 0.040781
1 0.220703 0.298828 0.050130 0.019521
1 0.929688 0.287109 0.027213 0.052894
1 0.785156 0.263672 0.045014 0.028162
1 0.937500 0.703125 0.012622 0.033928
1 0.906250 0.302734 0.042199 0.032844
1 0.152344 0.775391 0.019309 0.038791
1 0.375000 0.507812 0.014624 0.054918
1 0.250000 0.080078 0.041432 0.041432
1 0.203125 0.156250 0.041137 0.022109
1 0.679688 0.941406 0.038364 0.019616
1 0.375000 0.388672 0.045131 0.043203
1 0.460938 0.175781 0.038613 0.045959
1 0.417969 0.087891 0.044811 0.037033
1 0.777344 0.908203 0.047718 0.015760
1 0.355469 0.900391 0.025800 0.053922
1 0.292969 0.853516 0.034308 0.044322
1 0.769531 0.689453 0.034664 0.036976