0 0.373047 0.023438 0.031250 0.031250
0 0.722656 0.742188 0.027344 0.027344
0 0.304688 0.238281 0.035156 0.035156
0 0.128906 0.712891 0.035156 0.035156
0 0.416016 0.435547 0.035156 0.035156
0 0.132812 0.816406 0.027344 0.027344
0 0.753906 0.341797 0.023438 0.023438
0 0.376953 0.224609 0.035156 0.035156
0 0.771484 0.943359 0.027344 0.027344
0 0.072266 0.292969 0.035156 0.035156
0 0.251953 0.326172 0.031250 0.031250
0 0.892578 0.634766 0.027344 0.027344
0 0.302734 0.056641 0.035156 0.035156
0 0.361328 0.480469 0.035156 0.035156
0 0.490234 0.255859 0.035156 0.035156
0 0.962891 0.083984 0.035156 0.035156
0 0.595703 0.921875 0.031250 0.031250
0 0.533203 0.742188 0.027344 0.027344
0 0.410156 0.441406 0.023438 0.023438
0 0.812500 0.216797 0.027344 0.027344
0 0.353516 0.769531 0.023438 0.023438
0 0.552734 0.544922 0.035156 0.035156
0 0.794922 0.662109 0.023438 0.023438
0 0.890625 0.884766 0.035156 0.035156
0 0.966797 0.933594 0.027344 0.027344
0 0.095703 0.398438 0.035156 0.035156
0 0.478516 0.248047 0.023438 0.023438
0 0.263672 0.367188 0.035156 0.035156
0 0.173828 0.568359 0.031250 0.031250
0 0.365234 0.435547 0.023438 0.023438
1 0.441406 0.197266 0.053179 0.015504
1 0.687500 0.718750 0.051475 0.015233
1 0.314453 0.318359 0.055523 0.020922
1 0.300781 0.035156 0.024383 0.034096
1 0.410156 0.126953 0.021447 0.052295
1 0.378906 0.734375 0.056337 0.028216
1 0.154297 0.505859 0.055514 0.017282
1 0.382812 0.611328 0.031071 0.032372
1 0.085938 0.107422 0.019276 0.051712
1 0.421875 0.072266 0.012308 0.049272
1 0.382812 0.648438 0.019519 0.044453
1 0.759766 0.056641 0.013591 0.037927
1 0.185547 0.150391 0.029515 0.028455
1 0.310547 0.445312 0.025645 0.041385
1 0.578125 0.013672 0.014960 0.047578
1 0.873047 0.382812 0.042813 0.042813
1 0.058594 0.958984 0.022402 0.050213
1 0.837891 0.490234 0.032206 0.022867
1 0.808594 0.306641 0.030520 0.043441
1 0.230469 0.023438 0.044379 0.037465