0 0.410156 0.578125 0.031250 0.031250
0 0.798828 0.853516 0.035156 0.035156
0 0.046875 0.419922 0.035156 0.035156
0 0.539062 0.960938 0.031250 0.031250
0 0.714844 0.921875 0.031250 0.031250
0 0.103516 0.365234 0.023438 0.023438
0 0.017578 0.593750 0.023438 0.023438
0 0.123047 0.429688 0.035156 0.035156
0 0.835938 0.730469 0.035156 0.035156
0 0.414062 0.353516 0.035156 0.035156
0 0.226562 0.035156 0.023438 0.023438
0 0.423828 0.128906 0.027344 0.027344
0 0.097656 0.029297 0.023438 0.023438
0 0.091797 0.740234 0.031250 0.031250
0 0.265625 0.589844 0.035156 0.035156
0 0.072266 0.400391 0.031250 0.031250
0 0.527344 0.548828 0.023438 0.023438
0 0.593750 0.597656 0.031250 0.031250
0 0.423828 0.527344 0.031250 0.031250
0 0.902344 0.156250 0.035156 0.035156
0 0.105469 0.146484 0.035156 0.035156
0 0.125000 0.427734 0.035156 0.035156
0 0.210938 0.500000 0.035156 0.035156
0 0.726562 0.337891 0.035156 0.035156
0 0.751953 0.826172 0.023438 0.023438
0 0.779297 0.859375 0.035156 0.035156
0 0.283203 0.900391 0.031250 0.031250
0 0.099609 0.625000 0.031250 0.031250
0 0.179688 0.548828 0.027344 0.027344
0 0.320312 0.427734 0.023438 0.023438
1 0.300781 0.341797 0.038797 0.024767
1 0.810547 0.566406 0.052555 0.024745
1 0.576172 0.867188 0.038267 0.021315
1 0.164062 0.921875 0.030884 0.054230
1 0.808594 0.468750 0.035874 0.012793
1 0.958984 0.591797 0.016854 0.038160
1 0.130859 0.949219 0.032208 0.026489
1 0.544922 0.179688 0.055124 0.012614
1 0.259766 0.080078 0.034628 0.016769
1 0.787109 0.927734 0.027849 0.032170
1 0.097656 0.804688 0.044012 0.017079
1 0.326172 0.582031 0.032100 0.012979
1 0.060547 0.958984 0.030638 0.026935
1 0.333984 0.025391 0.038914 0.022056
1 0.802734 0.734375 0.016154 0.038261
1 0.828125 0.300781 0.031718 0.011388
1 0.279297 0.416016 0.011719 0.042969
1 0.585938 0.164062 0.034628 0.016769
1 0.826172 0.712891 0.051427 0.016311
1 0.046875 0.335938 0.043997 0.017365