0 0.052734 0.914062 0.031250 0.031250
0 0.441406 0.314453 0.023438 0.023438
0 0.394531 0.912109 0.027344 0.027344
0 0.789062 0.259766 0.031250 0.031250
0 0.464844 0.599609 0.035156 0.035156
0 0.875000 0.607422 0.035156 0.035156
0 0.488281 0.890625 0.035156 0.035156
0 0.136719 0.044922 0.035156 0.035156
0 0.945312 0.708984 0.035156 0.035156
0 0.031250 0.337891 0.031250 0.031250
0 0.550781 0.925781 0.031250 0.031250
0 0.662109 0.847656 0.035156 0.035156
0 0.593750 0.291016 0.027344 0.027344
0 0.171875 0.474609 0.027344 0.027344
0 0.125000 0.917969 0.023438 0.023438
0 0.253906 0.298828 0.023438 0.023438
0 0.296875 0.027344 0.027344 0.027344
0 0.273438 0.720703 0.027344 0.027344
0 0.500000 0.783203 0.031250 0.031250
0 0.714844 0.478516 0.031250 0.031250
0 0.955078 0.056641 0.035156 0.035156
0 0.328125 0.156250 0.035156 0.035156
0 0.412109 0.503906 0.027344 0.027344
0 0.925781 0.855469 0.023438 0.023438
0 0.439453 0.837891 0.023438 0.023438
0 0.773438 0.513672 0.023438 0.023438
0 0.019531 0.230469 0.035156 0.035156
0 0.216797 0.792969 0.031250 0.031250
0 0.300781 0.560547 0.027344 0.027344
0 0.648438 0.841797 0.035156 0.035156
1 0.375000 0.623047 0.025844 0.050703
1 0.916016 0.394531 0.043523 0.049875
1 0.875000 0.898438 0.038623 0.041369
1 0.150391 0.591797 0.055929 0.022833
1 0.068359 0.498047 0.036726 0.034991
1 0.115234 0.505859 0.054476 0.026855
1 0.330078 0.728516 0.027196 0.055724
1 0.345703 0.099609 0.023119 0.048693
1 0.439453 0.580078 0.033589 0.040070
1 0.208984 0.638672 0.058006 0.031367
1 0.623047 0.750000 0.031546 0.047697
1 0.812500 0.679688 0.041080 0.038912
1 0.228516 0.501953 0.031816 0.034223
1 0.302734 0.074219 0.021669 0.039234
1 0.117188 0.292969 0.045771 0.048084
1 0.832031 0.753906 0.014590 0.052965
1 0.962891 0.951172 0.036543 0.026852
1 0.429688 0.228516 0.040772 0.023216
1 0.169922 0.222656 0.025472 0.033490
1 0.152344 0.333984 0.017181 0.051611