0 0.238281 0.101562 0.027344 0.027344
0 0.210938 0.263672 0.023438 0.023438
0 0.224609 0.652344 0.027344 0.027344
0 0.818359 0.158203 0.023438 0.023438
0 0.777344 0.546875 0.031250 0.031250
0 0.076172 0.599609 0.035156 0.035156
0 0.082031 0.048828 0.023438 0.023438
0 0.796875 0.267578 0.035156 0.035156
0 0.234375 0.433594 0.031250 0.031250
0 0.933594 0.652344 0.031250 0.031250
0 0.525391 0.767578 0.027344 0.027344
0 0.841797 0.537109 0.035156 0.035156
0 0.968750 0.830078 0.031250 0.031250
0 0.544922 0.623047 0.023438 0.023438
0 0.142578 0.937500 0.027344 0.027344
0 0.660156 0.839844 0.023438 0.023438
0 0.814453 0.619141 0.023438 0.023438
0 0.679688 0.839844 0.031250 0.031250
0 0.359375 0.093750 0.031250 0.031250
0 0.662109 0.443359 0.027344 0.027344
0 0.408203 0.761719 0.023438 0.023438
0 0.048828 0.355469 0.027344 0.027344
0 0.970703 0.468750 0.023438 0.023438
0 0.978516 0.701172 0.031250 0.031250
0 0.482422 0.802734 0.035156 0.035156
0 0.201172 0.294922 0.035156 0.035156
0 0.150391 0.898438 0.035156 0.035156
0 0.042969 0.558594 0.035156 0.035156
0 0.498047 0.974609 0.027344 0.027344
0 0.214844 0.423828 0.035156 0.035156
1 0.533203 0.847656 0.017466 0.032912
1 0.523438 0.156250 0.049551 0.040477
1 0.763672 0.513672 0.033716 0.029340
1 0.628906 0.042969 0.032233 0.033968
1 0.171875 0.580078 0.047255 0.013348
1 0.824219 0.873047 0.038903 0.023162
1 0.806641 0.447266 0.012512 0.053173
1 0.250000 0.191406 0.027584 0.039462
1 0.789062 0.623047 0.031231 0.029305
1 0.248047 0.380859 0.025400 0.033013
1 0.589844 0.208984 0.035867 0.028976
1 0.177734 0.027344 0.056065 0.031552
1 0.685547 0.207031 0.021902 0.043946
1 0.591797 0.455078 0.018975 0.040585
1 0.677734 0.583984 0.018486 0.044060
1 0.896484 0.482422 0.012870 0.033592
1 0.332031 0.546875 0.043446 0.052288
1 0.896484 0.986328 0.057021 0.025899
1 0.740234 0.308594 0.034745 0.030901
1 0.798828 0.656250 0.036824 0.018772