0 0.878906 0.800781 0.035156 0.035156
0 0.671875 0.400391 0.031250 0.031250
0 0.236328 0.042969 0.023438 0.023438
0 0.626953 0.152344 0.035156 0.035156
0 0.652344 0.396484 0.035156 0.035156
0 0.609375 0.363281 0.031250 0.031250
0 0.939453 0.345703 0.027344 0.027344
0 0.847656 0.982422 0.031250 0.031250
0 0.794922 0.591797 0.023438 0.023438
0 0.273438 0.617188 0.031250 0.031250
0 0.222656 0.585938 0.027344 0.027344
0 0.728516 0.406250 0.027344 0.027344
0 0.257812 0.455078 0.031250 0.031250
0 0.369141 0.130859 0.023438 0.023438
0 0.113281 0.230469 0.031250 0.031250
0 0.265625 0.203125 0.023438 0.023438
0 0.740234 0.933594 0.031250 0.031250
0 0.150391 0.693359 0.035156 0.035156
0 0.457031 0.531250 0.023438 0.023438
0 0.667969 0.789062 0.023438 0.023438
0 0.189453 0.636719 0.031250 0.031250
0 0.462891 0.111328 0.027344 0.027344
0 0.310547 0.941406 0.031250 0.031250
0 0.777344 0.843750 0.035156 0.035156
0 0.570312 0.335938 0.031250 0.031250
0 0.324219 0.162109 0.035156 0.035156
0 0.669922 0.841797 0.035156 0.035156
0 0.738281 0.537109 0.035156 0.035156
0 0.105469 0.121094 0.031250 0.031250
0 0.357422 0.382812 0.023438 0.023438
1 0.179688 0.248047 0.018907 0.048131
1 0.382812 0.667969 0.056286 0.034558
1 0.576172 0.226562 0.045446 0.048338
1 0.414062 0.669922 0.018330 0.040438
1 0.609375 0.470703 0.031332 0.018902
1 0.560547 0.962891 0.048383 0.031556
1 0.349609 0.703125 0.026837 0.051917
1 0.654297 0.673828 0.039462 0.027584
1 0.289062 0.406250 0.035255 0.030542
1 0.183594 0.123047 0.034609 0.018539
1 0.306641 0.345703 0.022987 0.044943
1 0.654297 0.023438 0.042903 0.050309
1 0.869141 0.390625 0.036829 0.052980
1 0.412109 0.554688 0.018096 0.049782
1 0.089844 0.109375 0.022782 0.035750
1 0.429688 0.218750 0.052279 0.043205
1 0.925781 0.654297 0.040843 0.020247
1 0.837891 0.515625 0.038712 0.035582
1 0.523438 0.345703 0.014143 0.035888
1 0.462891 0.734375 0.015299 0.047324