0 0.400391 0.416016 0.035156 0.035156
0 0.216797 0.857422 0.035156 0.035156
0 0.373047 0.298828 0.027344 0.027344
0 0.654297 0.285156 0.035156 0.035156
0 0.175781 0.333984 0.035156 0.035156
0 0.667969 0.501953 0.023438 0.023438
0 0.230469 0.722656 0.035156 0.035156
0 0.509766 0.193359 0.035156 0.035156
0 0.056641 0.769531 0.031250 0.031250
0 0.671875 0.216797 0.031250 0.031250
0 0.259766 0.585938 0.023438 0.023438
0 0.824219 0.115234 0.035156 0.035156
0 0.402344 0.138672 0.031250 0.031250
0 0.060547 0.496094 0.023438 0.023438
0 0.951172 0.062500 0.035156 0.035156
0 0.808594 0.050781 0.031250 0.031250
0 0.808594 0.730469 0.031250 0.031250
0 0.119141 0.949219 0.023438 0.023438
0 0.687500 0.150391 0.027344 0.027344
0 0.767578 0.839844 0.035156 0.035156
0 0.980469 0.593750 0.027344 0.027344
0 0.718750 0.525391 0.023438 0.023438
0 0.234375 0.417969 0.023438 0.023438
0 0.824219 0.980469 0.027344 0.027344
0 0.486328 0.636719 0.031250 0.031250
0 0.734375 0.544922 0.023438 0.023438
0 0.960938 0.164062 0.027344 0.027344
0 0.355469 0.060547 0.035156 0.035156
0 0.359375 0.927734 0.027344 0.027344
0 0.179688 0.693359 0.027344 0.027344
1 0.648438 0.312500 0.010480 0.041180
1 0.570312 0.625000 0.046419 0.047479
1 0.107422 0.929688 0.026398 0.043226
1 0.052734 0.945312 0.032822 0.026140
1 0.503906 0.791016 0.049275 0.036848
1 0.392578 0.292969 0.053859 0.044353
1 0.767578 0.841797 0.051012 0.014556
1 0.357422 0.281250 0.034021 0.039638
1 0.125000 0.482422 0.049712 0.016466
1 0.146484 0.865234 0.027338 0.034803
1 0.691406 0.134766 0.048961 0.044722
1 0.306641 0.787109 0.046956 0.046956
1 0.845703 0.869141 0.013849 0.041573
1 0.251953 0.308594 0.043008 0.054602
1 0.226562 0.679688 0.031256 0.049206
1 0.080078 0.746094 0.021869 0.038211
1 0.167969 0.630859 0.029979 0.030751
1 0.730469 0.853516 0.033410 0.019870
1 0.435547 0.396484 0.031640 0.012802
1 0.341797 0.953125 0.028486 0.033655