0 0.845703 0.685547 0.023438 0.023438
0 0.365234 0.724609 0.031250 0.031250
0 0.953125 0.306641 0.035156 0.035156
0 0.791016 0.310547 0.035156 0.035156
0 0.783203 0.894531 0.027344 0.027344
0 0.732422 0.214844 0.027344 0.027344
0 0.746094 0.695312 0.023438 0.023438
0 0.615234 0.525391 0.023438 0.023438
0 0.609375 0.873047 0.031250 0.031250
0 0.380859 0.607422 0.023438 0.023438
0 0.333984 0.496094 0.027344 0.027344
0 0.199219 0.376953 0.035156 0.035156
0 0.253906 0.232422 0.027344 0.027344
0 0.755859 0.244141 0.023438 0.023438
0 0.140625 0.375000 0.027344 0.027344
0 0.181641 0.818359 0.035156 0.035156
0 0.978516 0.564453 0.035156 0.035156
0 0.164062 0.416016 0.031250 0.031250
0 0.398438 0.398438 0.031250 0.031250
0 0.123047 0.335938 0.023438 0.023438
0 0.154297 0.468750 0.035156 0.035156
0 0.167969 0.941406 0.023438 0.023438
0 0.908203 0.429688 0.035156 0.035156
0 0.658203 0.707031 0.027344 0.027344
0 0.728516 0.464844 0.031250 0.031250
0 0.457031 0.548828 0.023438 0.023438
0 0.833984 0.296875 0.035156 0.035156
0 0.275391 0.382812 0.027344 0.027344
0 0.753906 0.806641 0.031250 0.031250
0 0.445312 0.472656 0.023438 0.023438
1 0.212891 0.337891 0.049718 0.049718
1 0.111328 0.585938 0.016350 0.045901
1 0.480469 0.630859 0.043889 0.049666
1 0.769531 0.455078 0.046884 0.033519
1 0.802734 0.095703 0.029419 0.028551
1 0.939453 0.119141 0.031712 0.028823
1 0.681641 0.029297 0.033783 0.035229
1 0.474609 0.705078 0.030560 0.032727
1 0.638672 0.376953 0.029972 0.015186
1 0.281250 0.322266 0.022745 0.030358
1 0.869141 0.644531 0.033231 0.042419
1 0.353516 0.449219 0.038607 0.043804
1 0.632812 0.164062 0.035202 0.019756
1 0.628906 0.554688 0.049456 0.024376
1 0.808594 0.183594 0.053220 0.037492
1 0.763672 0.314453 0.045610 0.039547
1 0.505859 0.912109 0.043040 0.035845
1 0.878906 0.468750 0.057138 0.025000
1 0.921875 0.843750 0.054230 0.030884
1 0.875000 0.550781 0.038385 0.027289