0 0.802734 0.501953 0.027344 0.027344
0 0.691406 0.726562 0.023438 0.023438
0 0.070312 0.457031 0.027344 0.027344
0 0.417969 0.490234 0.031250 0.031250
0 0.531250 0.449219 0.035156 0.035156
0 0.445312 0.064453 0.035156 0.035156
0 0.074219 0.699219 0.027344 0.027344
0 0.583984 0.355469 0.031250 0.031250
0 0.910156 0.794922 0.023438 0.023438
0 0.603516 0.521484 0.035156 0.035156
0 0.414062 0.251953 0.035156 0.035156
0 0.892578 0.261719 0.027344 0.027344
0 0.263672 0.523438 0.035156 0.035156
0 0.058594 0.304688 0.027344 0.027344
0 0.488281 0.564453 0.027344 0.027344
0 0.900391 0.935547 0.023438 0.023438
0 0.906250 0.160156 0.031250 0.031250
0 0.091797 0.421875 0.031250 0.031250
0 0.392578 0.283203 0.035156 0.035156
0 0.494141 0.648438 0.027344 0.027344
0 0.779297 0.873047 0.035156 0.035156
0 0.724609 0.382812 0.035156 0.035156
0 0.566406 0.468750 0.035156 0.035156
0 0.126953 0.703125 0.035156 0.035156
0 0.730469 0.818359 0.023438 0.023438
0 0.568359 0.285156 0.027344 0.027344
0 0.222656 0.275391 0.023438 0.023438
0 0.166016 0.121094 0.035156 0.035156
0 0.121094 0.861328 0.035156 0.035156
0 0.468750 0.537109 0.027344 0.027344
1 0.224609 0.763672 0.029521 0.057370
1 0.708984 0.080078 0.016630 0.042138
1 0.375000 0.384766 0.018058 0.053769
1 0.937500 0.728516 0.021494 0.038902
1 0.820312 0.566406 0.009766 0.056641
1 0.917969 0.228516 0.034549 0.016984
1 0.578125 0.146484 0.050976 0.032082
1 0.199219 0.642578 0.025040 0.042550
1 0.386719 0.457031 0.049773 0.020499
1 0.884766 0.910156 0.045950 0.020343
1 0.527344 0.462891 0.012467 0.039649
1 0.052734 0.076172 0.014215 0.031484
1 0.107422 0.027344 0.044718 0.043657
1 0.689453 0.958984 0.037873 0.050570
1 0.806641 0.888672 0.022587 0.041960
1 0.355469 0.162109 0.012194 0.035752
1 0.472656 0.439453 0.014738 0.036044
1 0.033203 0.568359 0.016984 0.034549
1 0.750000 0.152344 0.033540 0.035419
1 0.394531 0.806641 0.036254 0.049122