0 0.630859 0.208984 0.027344 0.027344
0 0.937500 0.333984 0.023438 0.023438
0 0.496094 0.578125 0.035156 0.035156
0 0.031250 0.013672 0.023438 0.023438
0 0.533203 0.085938 0.023438 0.023438
0 0.880859 0.853516 0.035156 0.035156
0 0.560547 0.853516 0.027344 0.027344
0 0.808594 0.474609 0.023438 0.023438
0 0.750000 0.017578 0.027344 0.027344
0 0.980469 0.703125 0.027344 0.027344
0 0.609375 0.789062 0.035156 0.035156
0 0.126953 0.476562 0.023438 0.023438
0 0.617188 0.431641 0.027344 0.027344
0 0.445312 0.896484 0.035156 0.035156
0 0.050781 0.037109 0.023438 0.023438
0 0.140625 0.546875 0.027344 0.027344
0 0.078125 0.705078 0.027344 0.027344
0 0.312500 0.837891 0.023438 0.023438
0 0.523438 0.941406 0.023438 0.023438
0 0.685547 0.208984 0.023438 0.023438
0 0.966797 0.224609 0.023438 0.023438
0 0.197266 0.316406 0.023438 0.023438
0 0.750000 0.798828 0.023438 0.023438
0 0.650391 0.087891 0.027344 0.027344
0 0.791016 0.345703 0.031250 0.031250
0 0.958984 0.625000 0.035156 0.035156
0 0.513672 0.392578 0.035156 0.035156
0 0.923828 0.339844 0.023438 0.023438
0 0.173828 0.496094 0.023438 0.023438
0 0.470703 0.050781 0.035156 0.035156
1 0.423828 0.580078 0.030620 0.030138
1 0.070312 0.857422 0.034803 0.027338
1 0.904297 0.728516 0.046391 0.038181
1 0.355469 0.435547 0.037289 0.037289
1 0.117188 0.935547 0.033669 0.011490
1 0.443359 0.457031 0.045228 0.043107
1 0.292969 0.246094 0.033345 0.022998
1 0.189453 0.111328 0.050031 0.033027
1 0.806641 0.728516 0.030638 0.026935
1 0.958984 0.703125 0.022867 0.032206
1 0.458984 0.681641 0.024653 0.035045
1 0.957031 0.541016 0.039321 0.037972
1 0.453125 0.984375 0.032294 0.040372
1 0.285156 0.642578 0.033650 0.052535
1 0.281250 0.736328 0.030915 0.017616
1 0.117188 0.603516 0.033270 0.019878
1 0.400391 0.726562 0.047175 0.043850
1 0.869141 0.955078 0.037120 0.030885
1 0.597656 0.697266 0.047881 0.019298
1 0.681641 0.710938 0.016554 0.047843