0 0.210938 0.765625 0.035156 0.035156
0 0.027344 0.677734 0.035156 0.035156
0 0.248047 0.421875 0.035156 0.035156
0 0.560547 0.687500 0.027344 0.027344
0 0.980469 0.134766 0.027344 0.027344
0 0.910156 0.279297 0.031250 0.031250
0 0.484375 0.259766 0.027344 0.027344
0 0.583984 0.396484 0.023438 0.023438
0 0.136719 0.712891 0.023438 0.023438
0 0.529297 0.906250 0.027344 0.027344
0 0.876953 0.107422 0.035156 0.035156
0 0.607422 0.064453 0.027344 0.027344
0 0.335938 0.814453 0.031250 0.031250
0 0.210938 0.109375 0.023438 0.023438
0 0.439453 0.199219 0.031250 0.031250
0 0.822266 0.449219 0.027344 0.027344
0 0.789062 0.388672 0.031250 0.031250
0 0.673828 0.285156 0.035156 0.035156
0 0.886719 0.593750 0.027344 0.027344
0 0.777344 0.070312 0.031250 0.031250
0 0.298828 0.765625 0.023438 0.023438
0 0.634766 0.318359 0.031250 0.031250
0 0.927734 0.699219 0.023438 0.023438
0 0.384766 0.683594 0.035156 0.035156
0 0.658203 0.408203 0.023438 0.023438
0 0.599609 0.826172 0.027344 0.027344
0 0.492188 0.078125 0.027344 0.027344
0 0.478516 0.470703 0.027344 0.027344
0 0.671875 0.523438 0.035156 0.035156
0 0.216797 0.431641 0.027344 0.027344
1 0.181641 0.636719 0.028486 0.033655
1 0.716797 0.531250 0.013075 0.039448
1 0.613281 0.556641 0.033684 0.035274
1 0.501953 0.628906 0.042657 0.022570
1 0.294922 0.833984 0.032684 0.017036
1 0.083984 0.300781 0.015651 0.043910
1 0.564453 0.541016 0.044489 0.037569
1 0.341797 0.457031 0.036838 0.040208
1 0.933594 0.093750 0.050742 0.028078
1 0.390625 0.449219 0.031525 0.039199
1 0.931641 0.691406 0.041331 0.011191
1 0.818359 0.234375 0.033638 0.025059
1 0.042969 0.445312 0.035175 0.023304
1 0.707031 0.462891 0.015163 0.043420
1 0.130859 0.691406 0.040265 0.018926
1 0.380859 0.642578 0.057184 0.013693
1 0.791016 0.720703 0.032323 0.016343
1 0.523438 0.330078 0.040979 0.027322
1 0.248047 0.060547 0.044347 0.041071
1 0.492188 0.669922 0.053918 0.039885