0 0.871094 0.179688 0.035156 0.035156
0 0.644531 0.142578 0.035156 0.035156
0 0.843750 0.332031 0.023438 0.023438
0 0.531250 0.541016 0.031250 0.031250
0 0.744141 0.652344 0.027344 0.027344
0 0.177734 0.908203 0.031250 0.031250
0 0.652344 0.771484 0.031250 0.031250
0 0.373047 0.685547 0.031250 0.031250
0 0.880859 0.298828 0.023438 0.023438
0 0.783203 0.898438 0.031250 0.031250
0 0.244141 0.189453 0.031250 0.031250
0 0.367188 0.257812 0.031250 0.031250
0 0.699219 0.601562 0.031250 0.031250
0 0.933594 0.947266 0.031250 0.031250
0 0.039062 0.312500 0.035156 0.035156
0 0.761719 0.583984 0.035156 0.035156
0 0.966797 0.611328 0.027344 0.027344
0 0.281250 0.542969 0.027344 0.027344
0 0.603516 0.904297 0.023438 0.023438
0 0.900391 0.742188 0.027344 0.027344
0 0.199219 0.423828 0.027344 0.027344
0 0.033203 0.603516 0.023438 0.023438
0 0.703125 0.257812 0.031250 0.031250
0 0.845703 0.281250 0.031250 0.031250
0 0.271484 0.603516 0.027344 0.027344
0 0.781250 0.603516 0.027344 0.027344
0 0.080078 0.394531 0.023438 0.023438
0 0.841797 0.306641 0.023438 0.023438
0 0.220703 0.685547 0.023438 0.023438
0 0.126953 0.708984 0.031250 0.031250
1 0.142578 0.660156 0.017553 0.057449
1 0.064453 0.587891 0.036838 0.040208
1 0.865234 0.140625 0.012512 0.053173
1 0.458984 0.585938 0.041248 0.014386
1 0.173828 0.679688 0.034268 0.016514
1 0.708984 0.792969 0.013133 0.039765
1 0.904297 0.984375 0.042874 0.047930
1 0.083984 0.982422 0.057992 0.021422
1 0.466797 0.697266 0.044358 0.032244
1 0.611328 0.458984 0.042752 0.030802
1 0.695312 0.056641 0.055426 0.022706
1 0.910156 0.037109 0.030132 0.035514
1 0.656250 0.630859 0.047539 0.039761
1 0.642578 0.242188 0.028782 0.048579
1 0.115234 0.203125 0.048971 0.037486
1 0.833984 0.644531 0.015756 0.040109
1 0.724609 0.300781 0.023770 0.044517
1 0.564453 0.384766 0.057233 0.030384
1 0.671875 0.205078 0.037700 0.012330
1 0.634766 0.572266 0.034416 0.054901