0 0.802734 0.125000 0.031250 0.031250
0 0.662109 0.826172 0.027344 0.027344
0 0.345703 0.296875 0.027344 0.027344
0 0.847656 0.417969 0.035156 0.035156
0 0.601562 0.052734 0.031250 0.031250
0 0.289062 0.277344 0.031250 0.031250
0 0.927734 0.712891 0.027344 0.027344
0 0.255859 0.939453 0.023438 0.023438
0 0.824219 0.750000 0.035156 0.035156
0 0.021484 0.267578 0.027344 0.027344
0 0.328125 0.697266 0.023438 0.023438
0 0.960938 0.746094 0.035156 0.035156
0 0.412109 0.691406 0.031250 0.031250
0 0.417969 0.806641 0.023438 0.023438
0 0.392578 0.593750 0.027344 0.027344
0 0.119141 0.681641 0.023438 0.023438
0 0.390625 0.316406 0.031250 0.031250
0 0.064453 0.027344 0.035156 0.035156
0 0.171875 0.207031 0.031250 0.031250
0 0.353516 0.824219 0.035156 0.035156
0 0.867188 0.109375 0.027344 0.027344
0 0.324219 0.728516 0.035156 0.035156
0 0.224609 0.164062 0.023438 0.023438
0 0.097656 0.671875 0.023438 0.023438
0 0.056641 0.761719 0.031250 0.031250
0 0.078125 0.230469 0.023438 0.023438
0 0.234375 0.802734 0.031250 0.031250
0 0.832031 0.652344 0.027344 0.027344
0 0.353516 0.873047 0.027344 0.027344
0 0.132812 0.347656 0.027344 0.027344
1 0.498047 0.904297 0.032890 0.030291
1 0.677734 0.292969 0.017575 0.057555
1 0.853516 0.728516 0.041057 0.035860
1 0.351562 0.132812 0.053173 0.012512
1 0.140625 0.166016 0.044048 0.033325
1 0.771484 0.279297 0.055786 0.019216
1 0.144531 0.117188 0.045645 0.053051
1 0.367188 0.439453 0.038093 0.041704
1 0.462891 0.712891 0.057233 0.030384
1 0.791016 0.953125 0.051420 0.032642
1 0.833984 0.625000 0.043682 0.014688
1 0.160156 0.666016 0.044194 0.044194
1 0.906250 0.906250 0.043441 0.030520
1 0.601562 0.505859 0.031124 0.044613
1 0.548828 0.310547 0.052553 0.028809
1 0.390625 0.179688 0.044690 0.020926
1 0.662109 0.699219 0.027989 0.038712
1 0.326172 0.593750 0.057885 0.020473
1 0.363281 0.312500 0.036123 0.053194
1 0.921875 0.257812 0.052466 0.029460