0 0.521484 0.347656 0.035156 0.035156
0 0.117188 0.169922 0.023438 0.023438
0 0.697266 0.482422 0.031250 0.031250
0 0.939453 0.832031 0.023438 0.023438
0 0.460938 0.195312 0.023438 0.023438
0 0.982422 0.177734 0.031250 0.031250
0 0.017578 0.339844 0.027344 0.027344
0 0.662109 0.437500 0.023438 0.023438
0 0.966797 0.126953 0.027344 0.027344
0 0.242188 0.708984 0.027344 0.027344
0 0.544922 0.632812 0.031250 0.031250
0 0.416016 0.244141 0.027344 0.027344
0 0.525391 0.375000 0.031250 0.031250
0 0.664062 0.130859 0.035156 0.035156
0 0.617188 0.097656 0.023438 0.023438
0 0.205078 0.074219 0.035156 0.035156
0 0.937500 0.480469 0.023438 0.023438
0 0.220703 0.289062 0.031250 0.031250
0 0.087891 0.080078 0.027344 0.027344
0 0.548828 0.982422 0.023438 0.023438
0 0.892578 0.267578 0.023438 0.023438
0 0.421875 0.509766 0.023438 0.023438
0 0.916016 0.304688 0.035156 0.035156
0 0.621094 0.130859 0.031250 0.031250
0 0.865234 0.451172 0.031250 0.031250
0 0.906250 0.740234 0.035156 0.035156
0 0.720703 0.814453 0.035156 0.035156
0 0.050781 0.117188 0.035156 0.035156
0 0.765625 0.341797 0.035156 0.035156
0 0.861328 0.324219 0.027344 0.027344
1 0.814453 0.333984 0.054726 0.032949
1 0.753906 0.583984 0.039217 0.054586
1 0.107422 0.878906 0.025766 0.051194
1 0.755859 0.552734 0.048836 0.047824
1 0.333984 0.085938 0.038385 0.027289
1 0.691406 0.156250 0.027488 0.048806
1 0.529297 0.248047 0.028661 0.046610
1 0.183594 0.511719 0.022402 0.050213
1 0.097656 0.195312 0.034157 0.046584
1 0.150391 0.591797 0.013870 0.031991
1 0.419922 0.160156 0.012963 0.037819
1 0.574219 0.285156 0.051891 0.040296
1 0.789062 0.595703 0.019453 0.057476
1 0.919922 0.464844 0.029139 0.051608
1 0.859375 0.066406 0.050681 0.045626
1 0.242188 0.689453 0.036317 0.042799
1 0.648438 0.353516 0.014658 0.056871
1 0.054688 0.187500 0.031250 0.009766
1 0.449219 0.347656 0.027376 0.027858
1 0.742188 0.898438 0.040310 0.036842