0 0.390625 0.748047 0.023438 0.023438
0 0.257812 0.732422 0.035156 0.035156
0 0.238281 0.904297 0.031250 0.031250
0 0.839844 0.037109 0.027344 0.027344
0 0.742188 0.910156 0.023438 0.023438
0 0.933594 0.148438 0.023438 0.023438
0 0.769531 0.423828 0.027344 0.027344
0 0.085938 0.837891 0.023438 0.023438
0 0.558594 0.611328 0.035156 0.035156
0 0.158203 0.951172 0.023438 0.023438
0 0.095703 0.771484 0.023438 0.023438
0 0.121094 0.470703 0.023438 0.023438
0 0.111328 0.480469 0.023438 0.023438
0 0.669922 0.691406 0.035156 0.035156
0 0.363281 0.443359 0.031250 0.031250
0 0.154297 0.115234 0.035156 0.035156
0 0.906250 0.384766 0.031250 0.031250
0 0.886719 0.687500 0.035156 0.035156
0 0.416016 0.605469 0.035156 0.035156
0 0.302734 0.384766 0.035156 0.035156
0 0.496094 0.605469 0.031250 0.031250
0 0.050781 0.119141 0.031250 0.031250
0 0.517578 0.466797 0.027344 0.027344
0 0.843750 0.728516 0.031250 0.031250
0 0.863281 0.841797 0.023438 0.023438
0 0.957031 0.701172 0.031250 0.031250
0 0.710938 0.765625 0.035156 0.035156
0 0.638672 0.291016 0.027344 0.027344
0 0.142578 0.876953 0.027344 0.027344
0 0.759766 0.818359 0.027344 0.027344
1 0.597656 0.523438 0.038241 0.016061
1 0.195312 0.558594 0.050213 0.023183
1 0.474609 0.287109 0.036192 0.035613
1 0.064453 0.937500 0.023304 0.035175
1 0.714844 0.658203 0.045941 0.035400
1 0.468750 0.150391 0.023216 0.040772
1 0.859375 0.472656 0.029215 0.028781
1 0.382812 0.589844 0.046253 0.019045
1 0.707031 0.527344 0.026837 0.051917
1 0.521484 0.535156 0.047324 0.015299
1 0.277344 0.240234 0.057480 0.034716
1 0.714844 0.265625 0.042633 0.048170
1 0.175781 0.201172 0.033743 0.042176
1 0.691406 0.531250 0.049892 0.017582
1 0.818359 0.904297 0.031080 0.029539
1 0.660156 0.150391 0.041791 0.023816
1 0.050781 0.392578 0.050781 0.011719
1 0.128906 0.898438 0.042950 0.036555
1 0.466797 0.607422 0.041084 0.032124
1 0.285156 0.259766 0.025200 0.034109