0 0.107422 0.937500 0.023438 0.023438
0 0.244141 0.093750 0.031250 0.031250
0 0.765625 0.773438 0.031250 0.031250
0 0.097656 0.451172 0.031250 0.031250
0 0.867188 0.478516 0.027344 0.027344
0 0.162109 0.125000 0.035156 0.035156
0 0.214844 0.468750 0.027344 0.027344
0 0.355469 0.134766 0.031250 0.031250
0 0.054688 0.626953 0.031250 0.031250
0 0.736328 0.429688 0.035156 0.035156
0 0.558594 0.400391 0.031250 0.031250
0 0.330078 0.394531 0.027344 0.027344
0 0.882812 0.621094 0.023438 0.023438
0 0.658203 0.958984 0.035156 0.035156
0 0.656250 0.638672 0.035156 0.035156
0 0.025391 0.050781 0.023438 0.023438
0 0.171875 0.648438 0.023438 0.023438
0 0.503906 0.583984 0.031250 0.031250
0 0.937500 0.228516 0.035156 0.035156
0 0.267578 0.224609 0.023438 0.023438
0 0.738281 0.931641 0.027344 0.027344
0 0.734375 0.941406 0.027344 0.027344
0 0.693359 0.970703 0.027344 0.027344
0 0.851562 0.626953 0.023438 0.023438
0 0.634766 0.162109 0.035156 0.035156
0 0.109375 0.929688 0.035156 0.035156
0 0.556641 0.039062 0.027344 0.027344
0 0.343750 0.890625 0.023438 0.023438
0 0.603516 0.871094 0.035156 0.035156
0 0.732422 0.859375 0.027344 0.027344
1 0.343750 0.646484 0.012671 0.054884
1 0.519531 0.335938 0.022307 0.044872
1 0.199219 0.167969 0.023859 0.045654
1 0.285156 0.056641 0.030079 0.033208
1 0.548828 0.109375 0.035762 0.029713
1 0.589844 0.925781 0.049586 0.043812
1 0.470703 0.271484 0.016061 0.038241
1 0.474609 0.263672 0.043133 0.010514
1 0.898438 0.294922 0.032354 0.046890
1 0.285156 0.019531 0.040438 0.018330
1 0.539062 0.470703 0.056175 0.030272
1 0.208984 0.722656 0.036891 0.019327
1 0.556641 0.175781 0.044962 0.028773
1 0.773438 0.294922 0.047322 0.012205
1 0.486328 0.025391 0.018302 0.040258
1 0.582031 0.447266 0.050197 0.023957
1 0.263672 0.050781 0.015391 0.033873
1 0.767578 0.962891 0.027271 0.030301
1 0.570312 0.591797 0.046956 0.046956
1 0.677734 0.144531 0.044922 0.013672