0 0.740234 0.863281 0.023438 0.023438
0 0.218750 0.341797 0.027344 0.027344
0 0.017578 0.435547 0.035156 0.035156
0 0.978516 0.294922 0.027344 0.027344
0 0.148438 0.724609 0.027344 0.027344
0 0.302734 0.056641 0.023438 0.023438
0 0.478516 0.792969 0.035156 0.035156
0 0.765625 0.199219 0.023438 0.023438
0 0.597656 0.531250 0.023438 0.023438
0 0.386719 0.882812 0.023438 0.023438
0 0.916016 0.740234 0.031250 0.031250
0 0.400391 0.460938 0.031250 0.031250
0 0.976562 0.619141 0.031250 0.031250
0 0.205078 0.324219 0.035156 0.035156
0 0.349609 0.234375 0.027344 0.027344
0 0.460938 0.093750 0.023438 0.023438
0 0.742188 0.500000 0.023438 0.023438
0 0.117188 0.294922 0.023438 0.023438
0 0.113281 0.595703 0.031250 0.031250
0 0.275391 0.597656 0.035156 0.035156
0 0.787109 0.630859 0.027344 0.027344
0 0.132812 0.742188 0.027344 0.027344
0 0.582031 0.599609 0.023438 0.023438
0 0.964844 0.312500 0.035156 0.035156
0 0.617188 0.818359 0.031250 0.031250
0 0.599609 0.976562 0.023438 0.023438
0 0.177734 0.320312 0.035156 0.035156
0 0.470703 0.919922 0.031250 0.031250
0 0.476562 0.621094 0.023438 0.023438
0 0.660156 0.560547 0.027344 0.027344
1 0.406250 0.716797 0.030272 0.056175
1 0.441406 0.070312 0.048806 0.027488
1 0.341797 0.951172 0.041882 0.023205
1 0.750000 0.238281 0.021962 0.042026
1 0.341797 0.972656 0.043441 0.030520
1 0.302734 0.488281 0.052084 0.024463
1 0.080078 0.882812 0.050121 0.020020
1 0.240234 0.263672 0.037779 0.039514
1 0.875000 0.154297 0.041468 0.015095
1 0.394531 0.121094 0.039717 0.030529
1 0.416016 0.677734 0.027712 0.049891
1 0.808594 0.982422 0.040557 0.032651
1 0.259766 0.828125 0.030820 0.032554
1 0.542969 0.544922 0.046407 0.021524
1 0.351562 0.455078 0.019383 0.033285
1 0.494141 0.748047 0.033410 0.019870
1 0.865234 0.875000 0.053613 0.017895
1 0.076172 0.753906 0.032220 0.057901
1 0.921875 0.589844 0.052205 0.031699
1 0.414062 0.570312 0.052108 0.022021