0 0.515625 0.443359 0.035156 0.035156
0 0.117188 0.140625 0.023438 0.023438
0 0.554688 0.894531 0.035156 0.035156
0 0.726562 0.863281 0.035156 0.035156
0 0.541016 0.699219 0.027344 0.027344
0 0.130859 0.265625 0.035156 0.035156
0 0.347656 0.062500 0.035156 0.035156
0 0.056641 0.566406 0.031250 0.031250
0 0.498047 0.978516 0.023438 0.023438
0 0.458984 0.298828 0.031250 0.031250
0 0.910156 0.439453 0.031250 0.031250
0 0.376953 0.589844 0.023438 0.023438
0 0.052734 0.433594 0.023438 0.023438
0 0.244141 0.917969 0.031250 0.031250
0 0.058594 0.111328 0.031250 0.031250
0 0.101562 0.269531 0.035156 0.035156
0 0.560547 0.707031 0.027344 0.027344
0 0.453125 0.347656 0.035156 0.035156
0 0.457031 0.708984 0.027344 0.027344
0 0.595703 0.445312 0.023438 0.023438
0 0.296875 0.111328 0.035156 0.035156
0 0.908203 0.800781 0.031250 0.031250
0 0.582031 0.613281 0.023438 0.023438
0 0.289062 0.501953 0.031250 0.031250
0 0.890625 0.941406 0.027344 0.027344
0 0.187500 0.734375 0.031250 0.031250
0 0.515625 0.945312 0.035156 0.035156
0 0.917969 0.392578 0.031250 0.031250
0 0.505859 0.451172 0.027344 0.027344
0 0.033203 0.066406 0.031250 0.031250
1 0.228516 0.029297 0.017378 0.032683
1 0.435547 0.730469 0.044721 0.030550
1 0.109375 0.410156 0.035419 0.033540
1 0.751953 0.304688 0.030384 0.057233
1 0.361328 0.183594 0.021037 0.055892
1 0.603516 0.906250 0.047431 0.046467
1 0.939453 0.085938 0.023931 0.052514
1 0.251953 0.507812 0.017535 0.045943
1 0.535156 0.375000 0.054516 0.033733
1 0.076172 0.359375 0.045666 0.029606
1 0.822266 0.640625 0.031712 0.028823
1 0.873047 0.982422 0.051039 0.041447
1 0.832031 0.201172 0.017582 0.049892
1 0.740234 0.943359 0.015505 0.055372
1 0.486328 0.710938 0.035531 0.050232
1 0.498047 0.748047 0.011668 0.054995
1 0.587891 0.339844 0.021963 0.048310
1 0.132812 0.046875 0.036870 0.034847
1 0.537109 0.029297 0.052395 0.030216
1 0.404297 0.130859 0.034270 0.041649