0 0.324219 0.916016 0.031250 0.031250
0 0.316406 0.753906 0.027344 0.027344
0 0.173828 0.792969 0.031250 0.031250
0 0.804688 0.333984 0.031250 0.031250
0 0.800781 0.158203 0.023438 0.023438
0 0.392578 0.984375 0.027344 0.027344
0 0.080078 0.460938 0.027344 0.027344
0 0.197266 0.800781 0.031250 0.031250
0 0.363281 0.048828 0.031250 0.031250
0 0.972656 0.462891 0.027344 0.027344
0 0.789062 0.669922 0.031250 0.031250
0 0.972656 0.861328 0.023438 0.023438
0 0.976562 0.787109 0.023438 0.023438
0 0.412109 0.906250 0.035156 0.035156
0 0.142578 0.162109 0.023438 0.023438
0 0.826172 0.066406 0.023438 0.023438
0 0.535156 0.746094 0.035156 0.035156
0 0.921875 0.968750 0.035156 0.035156
0 0.587891 0.160156 0.027344 0.027344
0 0.326172 0.873047 0.035156 0.035156
0 0.625000 0.037109 0.027344 0.027344
0 0.140625 0.234375 0.023438 0.023438
0 0.320312 0.525391 0.023438 0.023438
0 0.982422 0.492188 0.023438 0.023438
0 0.876953 0.287109 0.035156 0.035156
0 0.035156 0.906250 0.035156 0.035156
0 0.097656 0.031250 0.031250 0.031250
0 0.939453 0.017578 0.023438 0.023438
0 0.490234 0.037109 0.023438 0.023438
0 0.238281 0.480469 0.035156 0.035156
1 0.396484 0.083984 0.043258 0.039404
1 0.062500 0.248047 0.029275 0.025430
1 0.236328 0.484375 0.040125 0.028175
1 0.232422 0.212891 0.046202 0.018602
1 0.644531 0.148438 0.020501 0.039036
1 0.251953 0.320312 0.045303 0.013279
1 0.523438 0.228516 0.032073 0.031446
1 0.558594 0.671875 0.019230 0.035073
1 0.748047 0.550781 0.044517 0.023770
1 0.736328 0.376953 0.016667 0.038291
1 0.648438 0.445312 0.043827 0.015419
1 0.525391 0.775391 0.034737 0.041651
1 0.529297 0.929688 0.052279 0.043205
1 0.488281 0.111328 0.039773 0.024252
1 0.839844 0.742188 0.031712 0.028823
1 0.705078 0.416016 0.033775 0.024638
1 0.388672 0.126953 0.030826 0.017015
1 0.800781 0.419922 0.036778 0.053935
1 0.925781 0.707031 0.029902 0.056236
1 0.503906 0.183594 0.044092 0.038318