0 0.126953 0.261719 0.027344 0.027344
0 0.083984 0.164062 0.031250 0.031250
0 0.482422 0.671875 0.031250 0.031250
0 0.564453 0.873047 0.023438 0.023438
0 0.601562 0.675781 0.027344 0.027344
0 0.345703 0.193359 0.027344 0.027344
0 0.898438 0.505859 0.031250 0.031250
0 0.158203 0.787109 0.023438 0.023438
0 0.894531 0.259766 0.031250 0.031250
0 0.597656 0.494141 0.031250 0.031250
0 0.291016 0.271484 0.031250 0.031250
0 0.593750 0.343750 0.031250 0.031250
0 0.130859 0.945312 0.031250 0.031250
0 0.470703 0.845703 0.023438 0.023438
0 0.347656 0.566406 0.035156 0.035156
0 0.250000 0.675781 0.023438 0.023438
0 0.347656 0.703125 0.027344 0.027344
0 0.603516 0.673828 0.023438 0.023438
0 0.849609 0.166016 0.035156 0.035156
0 0.408203 0.898438 0.027344 0.027344
0 0.765625 0.279297 0.023438 0.023438
0 0.435547 0.574219 0.027344 0.027344
0 0.500000 0.082031 0.027344 0.027344
0 0.671875 0.765625 0.031250 0.031250
0 0.382812 0.484375 0.023438 0.023438
0 0.724609 0.695312 0.027344 0.027344
0 0.517578 0.500000 0.027344 0.027344
0 0.294922 0.511719 0.023438 0.023438
0 0.544922 0.564453 0.023438 0.023438
0 0.462891 0.734375 0.023438 0.023438
1 0.695312 0.396484 0.034525 0.048558
1 0.687500 0.617188 0.035403 0.029189
1 0.478516 0.437500 0.045971 0.018892
1 0.080078 0.251953 0.016740 0.042088
1 0.408203 0.605469 0.023661 0.045000
1 0.378906 0.687500 0.027552 0.046926
1 0.587891 0.667969 0.017757 0.047859
1 0.871094 0.658203 0.043071 0.031633
1 0.474609 0.234375 0.030506 0.058093
1 0.638672 0.968750 0.027146 0.034496
1 0.783203 0.775391 0.053391 0.035405
1 0.792969 0.873047 0.057238 0.024093
1 0.832031 0.130859 0.033586 0.046454
1 0.240234 0.406250 0.040313 0.017041
1 0.673828 0.324219 0.048250 0.020448
1 0.207031 0.662109 0.032947 0.038333
1 0.095703 0.904297 0.030132 0.035514
1 0.128906 0.568359 0.048136 0.026341
1 0.326172 0.570312 0.015572 0.055131
1 0.824219 0.244141 0.028281 0.031738