0 0.660156 0.039062 0.027344 0.027344
0 0.966797 0.781250 0.027344 0.027344
0 0.373047 0.019531 0.031250 0.031250
0 0.306641 0.222656 0.035156 0.035156
0 0.787109 0.779297 0.031250 0.031250
0 0.958984 0.328125 0.031250 0.031250
0 0.089844 0.859375 0.023438 0.023438
0 0.494141 0.406250 0.027344 0.027344
0 0.662109 0.917969 0.023438 0.023438
0 0.072266 0.726562 0.035156 0.035156
0 0.843750 0.544922 0.035156 0.035156
0 0.242188 0.808594 0.027344 0.027344
0 0.632812 0.910156 0.027344 0.027344
0 0.335938 0.181641 0.035156 0.035156
0 0.156250 0.847656 0.027344 0.027344
0 0.572266 0.583984 0.035156 0.035156
0 0.886719 0.412109 0.035156 0.035156
0 0.726562 0.845703 0.023438 0.023438
0 0.314453 0.685547 0.031250 0.031250
0 0.390625 0.117188 0.031250 0.031250
0 0.109375 0.162109 0.031250 0.031250
0 0.048828 0.259766 0.035156 0.035156
0 0.656250 0.044922 0.027344 0.027344
0 0.130859 0.892578 0.035156 0.035156
0 0.421875 0.740234 0.023438 0.023438
0 0.539062 0.914062 0.023438 0.023438
0 0.894531 0.931641 0.027344 0.027344
0 0.835938 0.304688 0.023438 0.023438
0 0.652344 0.939453 0.031250 0.031250
0 0.074219 0.179688 0.031250 0.031250
1 0.162109 0.566406 0.041597 0.012603
1 0.716797 0.164062 0.048661 0.029562
1 0.625000 0.570312 0.035603 0.040984
1 0.738281 0.835938 0.054919 0.032155
1 0.818359 0.785156 0.028164 0.034400
1 0.091797 0.462891 0.033850 0.043873
1 0.349609 0.691406 0.029907 0.011785
1 0.603516 0.884766 0.030371 0.013748
1 0.207031 0.757812 0.022627 0.040782
1 0.376953 0.082031 0.036848 0.049275
1 0.857422 0.492188 0.039390 0.025901
1 0.703125 0.773438 0.048693 0.023119
1 0.384766 0.404297 0.037681 0.029603
1 0.435547 0.224609 0.030224 0.037059
1 0.638672 0.162109 0.038959 0.046028
1 0.240234 0.205078 0.018602 0.046202
1 0.126953 0.716797 0.025549 0.037498
1 0.044922 0.337891 0.039514 0.037779
1 0.369141 0.781250 0.039111 0.040942
1 0.558594 0.894531 0.055153 0.025328