0 0.199219 0.851562 0.027344 0.027344
0 0.136719 0.726562 0.035156 0.035156
0 0.150391 0.345703 0.031250 0.031250
0 0.861328 0.298828 0.035156 0.035156
0 0.468750 0.615234 0.027344 0.027344
0 0.429688 0.984375 0.027344 0.027344
0 0.632812 0.466797 0.023438 0.023438
0 0.335938 0.324219 0.023438 0.023438
0 0.431641 0.185547 0.027344 0.027344
0 0.613281 0.734375 0.023438 0.023438
0 0.277344 0.720703 0.031250 0.031250
0 0.720703 0.753906 0.035156 0.035156
0 0.326172 0.666016 0.023438 0.023438
0 0.666016 0.695312 0.031250 0.031250
0 0.404297 0.099609 0.027344 0.027344
0 0.191406 0.580078 0.035156 0.035156
0 0.777344 0.033203 0.035156 0.035156
0 0.193359 0.451172 0.035156 0.035156
0 0.398438 0.771484 0.035156 0.035156
0 0.371094 0.126953 0.027344 0.027344
0 0.068359 0.099609 0.023438 0.023438
0 0.632812 0.074219 0.031250 0.031250
0 0.220703 0.099609 0.031250 0.031250
0 0.134766 0.074219 0.031250 0.031250
0 0.775391 0.433594 0.031250 0.031250
0 0.648438 0.066406 0.023438 0.023438
0 0.697266 0.753906 0.035156 0.035156
0 0.931641 0.951172 0.027344 0.027344
0 0.380859 0.494141 0.035156 0.035156
0 0.052734 0.750000 0.031250 0.031250
1 0.224609 0.396484 0.055929 0.022833
1 0.767578 0.033203 0.035214 0.054595
1 0.195312 0.642578 0.051157 0.031360
1 0.875000 0.761719 0.048126 0.038639
1 0.304688 0.777344 0.036848 0.049275
1 0.701172 0.453125 0.020760 0.040211
1 0.617188 0.892578 0.018957 0.040581
1 0.121094 0.500000 0.029263 0.028733
1 0.296875 0.623047 0.044077 0.016868
1 0.056641 0.710938 0.033589 0.040070
1 0.794922 0.830078 0.031991 0.013870
1 0.894531 0.638672 0.041526 0.043983
1 0.503906 0.396484 0.022713 0.046783
1 0.542969 0.718750 0.049983 0.040045
1 0.220703 0.427734 0.039367 0.050399
1 0.816406 0.169922 0.039050 0.038278
1 0.550781 0.960938 0.042688 0.045579
1 0.732422 0.173828 0.026990 0.030450
1 0.689453 0.837891 0.015202 0.030507
1 0.453125 0.449219 0.027044 0.048056