0 0.511719 0.802734 0.035156 0.035156
0 0.794922 0.865234 0.031250 0.031250
0 0.300781 0.494141 0.031250 0.031250
0 0.138672 0.660156 0.023438 0.023438
0 0.130859 0.505859 0.023438 0.023438
0 0.738281 0.587891 0.031250 0.031250
0 0.812500 0.791016 0.031250 0.031250
0 0.808594 0.470703 0.027344 0.027344
0 0.181641 0.410156 0.031250 0.031250
0 0.781250 0.798828 0.035156 0.035156
0 0.169922 0.822266 0.035156 0.035156
0 0.011719 0.890625 0.023438 0.023438
0 0.306641 0.578125 0.027344 0.027344
0 0.951172 0.423828 0.023438 0.023438
0 0.466797 0.445312 0.035156 0.035156
0 0.828125 0.664062 0.027344 0.027344
0 0.250000 0.087891 0.031250 0.031250
0 0.263672 0.091797 0.023438 0.023438
0 0.292969 0.593750 0.035156 0.035156
0 0.277344 0.886719 0.031250 0.031250
0 0.576172 0.208984 0.035156 0.035156
0 0.076172 0.912109 0.031250 0.031250
0 0.642578 0.707031 0.023438 0.023438
0 0.083984 0.357422 0.035156 0.035156
0 0.599609 0.031250 0.031250 0.031250
0 0.666016 0.228516 0.023438 0.023438
0 0.890625 0.230469 0.023438 0.023438
0 0.861328 0.283203 0.023438 0.023438
0 0.273438 0.779297 0.035156 0.035156
0 0.226562 0.072266 0.023438 0.023438
1 0.716797 0.845703 0.029029 0.039272
1 0.048828 0.033203 0.034783 0.018160
1 0.529297 0.144531 0.047199 0.049416
1 0.853516 0.582031 0.050779 0.032794
1 0.455078 0.419922 0.042178 0.040636
1 0.951172 0.283203 0.021406 0.035199
1 0.453125 0.798828 0.050309 0.042903
1 0.597656 0.986328 0.037749 0.046823
1 0.279297 0.435547 0.022621 0.054307
1 0.845703 0.884766 0.031437 0.045165
1 0.892578 0.812500 0.044752 0.051393
1 0.201172 0.974609 0.013645 0.037672
1 0.072266 0.376953 0.035502 0.028820
1 0.253906 0.392578 0.044453 0.019519
1 0.638672 0.580078 0.011922 0.031855
1 0.115234 0.259766 0.025708 0.044385
1 0.107422 0.193359 0.041137 0.022109
1 0.570312 0.113281 0.040944 0.041908
1 0.925781 0.261719 0.027717 0.031933
1 0.384766 0.216797 0.033945 0.022660