0 0.816406 0.841797 0.035156 0.035156
0 0.082031 0.470703 0.023438 0.023438
0 0.833984 0.621094 0.035156 0.035156
0 0.224609 0.953125 0.027344 0.027344
0 0.638672 0.828125 0.031250 0.031250
0 0.748047 0.777344 0.035156 0.035156
0 0.611328 0.160156 0.035156 0.035156
0 0.287109 0.164062 0.035156 0.035156
0 0.498047 0.400391 0.035156 0.035156
0 0.103516 0.955078 0.027344 0.027344
0 0.570312 0.251953 0.035156 0.035156
0 0.048828 0.908203 0.031250 0.031250
0 0.441406 0.048828 0.023438 0.023438
0 0.457031 0.513672 0.027344 0.027344
0 0.568359 0.693359 0.027344 0.027344
0 0.335938 0.279297 0.035156 0.035156
0 0.818359 0.076172 0.023438 0.023438
0 0.865234 0.767578 0.027344 0.027344
0 0.982422 0.962891 0.031250 0.031250
0 0.419922 0.841797 0.031250 0.031250
0 0.865234 0.392578 0.035156 0.035156
0 0.554688 0.160156 0.031250 0.031250
0 0.605469 0.105469 0.031250 0.031250
0 0.287109 0.593750 0.035156 0.035156
0 0.853516 0.257812 0.027344 0.027344
0 0.816406 0.273438 0.035156 0.035156
0 0.546875 0.853516 0.031250 0.031250
0 0.406250 0.931641 0.031250 0.031250
0 0.560547 0.396484 0.035156 0.035156
0 0.867188 0.675781 0.035156 0.035156
1 0.207031 0.572266 0.039337 0.030638
1 0.904297 0.878906 0.056510 0.033743
1 0.787109 0.748047 0.016984 0.034549
1 0.625000 0.611328 0.036870 0.034847
1 0.675781 0.259766 0.029002 0.029002
1 0.259766 0.849609 0.031572 0.010850
1 0.058594 0.636719 0.034818 0.025935
1 0.431641 0.699219 0.053465 0.023082
1 0.478516 0.253906 0.021753 0.054224
1 0.873047 0.292969 0.035419 0.033540
1 0.703125 0.031250 0.030769 0.016158
1 0.550781 0.683594 0.039129 0.045664
1 0.554688 0.677734 0.033979 0.037443
1 0.654297 0.759766 0.029064 0.031472
1 0.414062 0.662109 0.034472 0.037169
1 0.427734 0.880859 0.040051 0.040051
1 0.248047 0.867188 0.040984 0.035603
1 0.724609 0.921875 0.041882 0.023205
1 0.908203 0.503906 0.053884 0.033190
1 0.226562 0.611328 0.045547 0.034856