0 0.796875 0.470703 0.035156 0.035156
0 0.798828 0.701172 0.031250 0.031250
0 0.083984 0.337891 0.027344 0.027344
0 0.740234 0.314453 0.023438 0.023438
0 0.417969 0.283203 0.027344 0.027344
0 0.238281 0.890625 0.035156 0.035156
0 0.277344 0.250000 0.023438 0.023438
0 0.839844 0.390625 0.023438 0.023438
0 0.949219 0.443359 0.031250 0.031250
0 0.488281 0.255859 0.023438 0.023438
0 0.937500 0.369141 0.031250 0.031250
0 0.111328 0.982422 0.023438 0.023438
0 0.103516 0.181641 0.035156 0.035156
0 0.830078 0.187500 0.027344 0.027344
0 0.898438 0.175781 0.023438 0.023438
0 0.208984 0.580078 0.027344 0.027344
0 0.929688 0.093750 0.027344 0.027344
0 0.230469 0.681641 0.035156 0.035156
0 0.082031 0.400391 0.027344 0.027344
0 0.150391 0.337891 0.027344 0.027344
0 0.939453 0.179688 0.023438 0.023438
0 0.699219 0.041016 0.035156 0.035156
0 0.689453 0.083984 0.031250 0.031250
0 0.392578 0.509766 0.035156 0.035156
0 0.865234 0.242188 0.027344 0.027344
0 0.494141 0.808594 0.023438 0.023438
0 0.529297 0.226562 0.027344 0.027344
0 0.646484 0.322266 0.031250 0.031250
0 0.121094 0.167969 0.035156 0.035156
0 0.205078 0.628906 0.031250 0.031250
1 0.333984 0.958984 0.033085 0.018448
1 0.457031 0.216797 0.032201 0.048261
1 0.261719 0.937500 0.041675 0.015800
1 0.900391 0.058594 0.037109 0.009766
1 0.882812 0.228516 0.043754 0.044621
1 0.408203 0.812500 0.020693 0.042119
1 0.945312 0.716797 0.043754 0.044621
1 0.093750 0.554688 0.036240 0.035565
1 0.402344 0.951172 0.030870 0.019197
1 0.791016 0.095703 0.043614 0.024516
1 0.914062 0.171875 0.015589 0.045772
1 0.853516 0.314453 0.053875 0.019109
1 0.080078 0.503906 0.036453 0.020152
1 0.402344 0.048828 0.025800 0.053922
1 0.816406 0.757812 0.040029 0.033178
1 0.400391 0.636719 0.050121 0.025483
1 0.732422 0.718750 0.050749 0.048628
1 0.304688 0.101562 0.031121 0.055954
1 0.806641 0.056641 0.042874 0.047930
1 0.767578 0.085938 0.043850 0.047175