0 0.505859 0.074219 0.023438 0.023438
0 0.789062 0.578125 0.027344 0.027344
0 0.394531 0.302734 0.023438 0.023438
0 0.759766 0.224609 0.031250 0.031250
0 0.423828 0.804688 0.035156 0.035156
0 0.714844 0.746094 0.031250 0.031250
0 0.710938 0.626953 0.035156 0.035156
0 0.283203 0.695312 0.027344 0.027344
0 0.056641 0.148438 0.027344 0.027344
0 0.654297 0.236328 0.023438 0.023438
0 0.539062 0.634766 0.035156 0.035156
0 0.962891 0.919922 0.023438 0.023438
0 0.951172 0.308594 0.031250 0.031250
0 0.873047 0.775391 0.035156 0.035156
0 0.357422 0.134766 0.023438 0.023438
0 0.822266 0.306641 0.035156 0.035156
0 0.607422 0.800781 0.035156 0.035156
0 0.900391 0.718750 0.027344 0.027344
0 0.216797 0.148438 0.027344 0.027344
0 0.546875 0.126953 0.027344 0.027344
0 0.058594 0.685547 0.035156 0.035156
0 0.582031 0.621094 0.027344 0.027344
0 0.472656 0.113281 0.027344 0.027344
0 0.767578 0.449219 0.027344 0.027344
0 0.066406 0.367188 0.027344 0.027344
0 0.142578 0.210938 0.023438 0.023438
0 0.621094 0.552734 0.031250 0.031250
0 0.121094 0.365234 0.023438 0.023438
0 0.691406 0.359375 0.023438 0.023438
0 0.640625 0.531250 0.023438 0.023438
1 0.320312 0.546875 0.039296 0.045692
1 0.513672 0.042969 0.028489 0.038513
1 0.712891 0.148438 0.029486 0.048380
1 0.271484 0.763672 0.050604 0.023525
1 0.138672 0.158203 0.030550 0.044721
1 0.404297 0.599609 0.022224 0.036255
1 0.111328 0.464844 0.029680 0.039688
1 0.697266 0.412109 0.037460 0.039773
1 0.708984 0.068359 0.033922 0.048387
1 0.521484 0.542969 0.038291 0.016667
1 0.767578 0.343750 0.029967 0.044815
1 0.892578 0.160156 0.047324 0.015299
1 0.271484 0.607422 0.036537 0.051906
1 0.781250 0.984375 0.025130 0.049347
1 0.593750 0.843750 0.028425 0.047852
1 0.378906 0.556641 0.047840 0.039206
1 0.126953 0.332031 0.029712 0.044248
1 0.615234 0.970703 0.052288 0.043446
1 0.345703 0.460938 0.042199 0.032844
1 0.886719 0.884766 0.032427 0.052086