0 0.492188 0.291016 0.031250 0.031250
0 0.779297 0.607422 0.023438 0.023438
0 0.736328 0.525391 0.031250 0.031250
0 0.431641 0.451172 0.035156 0.035156
0 0.500000 0.908203 0.035156 0.035156
0 0.449219 0.892578 0.027344 0.027344
0 0.771484 0.478516 0.031250 0.031250
0 0.048828 0.402344 0.027344 0.027344
0 0.837891 0.816406 0.023438 0.023438
0 0.583984 0.640625 0.027344 0.027344
0 0.498047 0.849609 0.027344 0.027344
0 0.431641 0.273438 0.035156 0.035156
0 0.544922 0.224609 0.023438 0.023438
0 0.390625 0.960938 0.023438 0.023438
0 0.625000 0.666016 0.031250 0.031250
0 0.750000 0.451172 0.035156 0.035156
0 0.285156 0.398438 0.023438 0.023438
0 0.544922 0.970703 0.031250 0.031250
0 0.455078 0.742188 0.031250 0.031250
0 0.097656 0.523438 0.031250 0.031250
0 0.205078 0.505859 0.035156 0.035156
0 0.451172 0.757812 0.031250 0.031250
0 0.343750 0.716797 0.035156 0.035156
0 0.351562 0.033203 0.027344 0.027344
0 0.179688 0.972656 0.035156 0.035156
0 0.537109 0.744141 0.031250 0.031250
0 0.710938 0.617188 0.031250 0.031250
0 0.464844 0.494141 0.035156 0.035156
0 0.945312 0.755859 0.035156 0.035156
0 0.093750 0.839844 0.035156 0.035156
1 0.166016 0.730469 0.050256 0.020334
1 0.423828 0.050781 0.019756 0.035202
1 0.109375 0.847656 0.014624 0.054918
1 0.382812 0.710938 0.033203 0.011719
1 0.134766 0.203125 0.013420 0.053287
1 0.753906 0.023438 0.057885 0.020473
1 0.386719 0.498047 0.051238 0.037205
1 0.792969 0.447266 0.018907 0.048131
1 0.728516 0.117188 0.045950 0.020343
1 0.314453 0.417969 0.035528 0.057305
1 0.392578 0.375000 0.039885 0.053918
1 0.462891 0.853516 0.021359 0.040168
1 0.640625 0.982422 0.023489 0.037975
1 0.925781 0.078125 0.017045 0.049663
1 0.572266 0.568359 0.053119 0.042087
1 0.162109 0.613281 0.043040 0.035845
1 0.205078 0.193359 0.046233 0.032576
1 0.685547 0.281250 0.022377 0.030452
1 0.113281 0.380859 0.038211 0.052912
1 0.841797 0.830078 0.053555 0.016270