0 0.751953 0.728516 0.027344 0.027344
0 0.673828 0.884766 0.035156 0.035156
0 0.054688 0.699219 0.027344 0.027344
0 0.460938 0.808594 0.035156 0.035156
0 0.255859 0.755859 0.031250 0.031250
0 0.529297 0.562500 0.035156 0.035156
0 0.904297 0.529297 0.035156 0.035156
0 0.859375 0.904297 0.031250 0.031250
0 0.535156 0.839844 0.031250 0.031250
0 0.542969 0.728516 0.023438 0.023438
0 0.525391 0.515625 0.027344 0.027344
0 0.113281 0.855469 0.031250 0.031250
0 0.380859 0.695312 0.023438 0.023438
0 0.642578 0.564453 0.031250 0.031250
0 0.894531 0.162109 0.031250 0.031250
0 0.091797 0.435547 0.023438 0.023438
0 0.908203 0.128906 0.035156 0.035156
0 0.542969 0.898438 0.031250 0.031250
0 0.306641 0.201172 0.027344 0.027344
0 0.816406 0.312500 0.031250 0.031250
0 0.228516 0.515625 0.031250 0.031250
0 0.431641 0.871094 0.031250 0.031250
0 0.832031 0.929688 0.027344 0.027344
0 0.892578 0.970703 0.035156 0.035156
0 0.898438 0.306641 0.035156 0.035156
0 0.228516 0.492188 0.031250 0.031250
0 0.441406 0.580078 0.035156 0.035156
0 0.548828 0.212891 0.027344 0.027344
0 0.371094 0.554688 0.035156 0.035156
0 0.736328 0.824219 0.035156 0.035156
1 0.125000 0.681641 0.046719 0.037606
1 0.517578 0.896484 0.037873 0.024015
1 0.113281 0.949219 0.038058 0.032873
1 0.943359 0.527344 0.038490 0.032441
1 0.326172 0.458984 0.033873 0.015391
1 0.810547 0.050781 0.037873 0.024015
1 0.222656 0.716797 0.041218 0.035169
1 0.117188 0.167969 0.035362 0.056045
1 0.533203 0.082031 0.045741 0.023169
1 0.958984 0.916016 0.022368 0.035209
1 0.396484 0.857422 0.034472 0.037169
1 0.193359 0.857422 0.045576 0.016004
1 0.517578 0.710938 0.038513 0.028489
1 0.195312 0.126953 0.018672 0.051918
1 0.839844 0.597656 0.040443 0.042371
1 0.265625 0.787109 0.038021 0.033401
1 0.076172 0.882812 0.028015 0.052731
1 0.126953 0.101562 0.039773 0.024252
1 0.447266 0.779297 0.040909 0.030410
1 0.593750 0.693359 0.042334 0.026813