0 0.515625 0.574219 0.027344 0.027344
0 0.742188 0.253906 0.035156 0.035156
0 0.435547 0.578125 0.031250 0.031250
0 0.513672 0.316406 0.031250 0.031250
0 0.830078 0.126953 0.027344 0.027344
0 0.945312 0.027344 0.027344 0.027344
0 0.232422 0.261719 0.035156 0.035156
0 0.654297 0.277344 0.035156 0.035156
0 0.218750 0.042969 0.027344 0.027344
0 0.146484 0.498047 0.035156 0.035156
0 0.894531 0.037109 0.031250 0.031250
0 0.974609 0.240234 0.023438 0.023438
0 0.427734 0.734375 0.031250 0.031250
0 0.664062 0.945312 0.027344 0.027344
0 0.976562 0.492188 0.023438 0.023438
0 0.550781 0.558594 0.023438 0.023438
0 0.433594 0.218750 0.027344 0.027344
0 0.673828 0.896484 0.027344 0.027344
0 0.105469 0.173828 0.027344 0.027344
0 0.101562 0.527344 0.031250 0.031250
0 0.193359 0.082031 0.023438 0.023438
0 0.695312 0.146484 0.023438 0.023438
0 0.910156 0.699219 0.035156 0.035156
0 0.095703 0.507812 0.027344 0.027344
0 0.750000 0.357422 0.031250 0.031250
0 0.681641 0.615234 0.023438 0.023438
0 0.908203 0.207031 0.035156 0.035156
0 0.863281 0.806641 0.035156 0.035156
0 0.281250 0.792969 0.031250 0.031250
0 0.425781 0.232422 0.031250 0.031250
1 0.039062 0.550781 0.037635 0.025045
1 0.570312 0.154297 0.038297 0.053209
1 0.166016 0.470703 0.041753 0.034834
1 0.572266 0.171875 0.029002 0.029002
1 0.417969 0.357422 0.034301 0.045739
1 0.193359 0.132812 0.029712 0.044248
1 0.767578 0.859375 0.021869 0.038211
1 0.603516 0.488281 0.032087 0.043271
1 0.923828 0.160156 0.019298 0.047881
1 0.779297 0.433594 0.042650 0.032708
1 0.050781 0.744141 0.030383 0.030383
1 0.628906 0.205078 0.020878 0.054124
1 0.849609 0.062500 0.025877 0.049223
1 0.277344 0.771484 0.053852 0.018944
1 0.300781 0.125000 0.021439 0.031551
1 0.484375 0.261719 0.039958 0.030017
1 0.767578 0.720703 0.020334 0.050256
1 0.505859 0.087891 0.039295 0.014352
1 0.634766 0.306641 0.057490 0.028648
1 0.099609 0.513672 0.038065 0.022956