0 0.873047 0.146484 0.035156 0.035156
0 0.464844 0.480469 0.031250 0.031250
0 0.425781 0.646484 0.023438 0.023438
0 0.871094 0.662109 0.023438 0.023438
0 0.828125 0.279297 0.027344 0.027344
0 0.876953 0.894531 0.023438 0.023438
0 0.298828 0.904297 0.023438 0.023438
0 0.822266 0.158203 0.035156 0.035156
0 0.626953 0.957031 0.027344 0.027344
0 0.037109 0.912109 0.031250 0.031250
0 0.234375 0.841797 0.035156 0.035156
0 0.808594 0.041016 0.031250 0.031250
0 0.189453 0.224609 0.027344 0.027344
0 0.242188 0.363281 0.023438 0.023438
0 0.263672 0.833984 0.023438 0.023438
0 0.796875 0.503906 0.027344 0.027344
0 0.578125 0.242188 0.035156 0.035156
0 0.283203 0.289062 0.027344 0.027344
0 0.960938 0.281250 0.031250 0.031250
0 0.480469 0.109375 0.023438 0.023438
0 0.039062 0.958984 0.035156 0.035156
0 0.544922 0.031250 0.031250 0.031250
0 0.142578 0.837891 0.035156 0.035156
0 0.583984 0.525391 0.035156 0.035156
0 0.035156 0.966797 0.027344 0.027344
0 0.914062 0.263672 0.031250 0.031250
0 0.314453 0.962891 0.035156 0.035156
0 0.085938 0.873047 0.035156 0.035156
0 0.601562 0.359375 0.035156 0.035156
0 0.478516 0.794922 0.027344 0.027344
1 0.062500 0.785156 0.048836 0.047824
1 0.505859 0.248047 0.051475 0.015233
1 0.888672 0.880859 0.050781 0.009766
1 0.246094 0.740234 0.041997 0.037666
1 0.375000 0.750000 0.027417 0.032602
1 0.552734 0.751953 0.044415 0.019702
1 0.714844 0.607422 0.031838 0.040525
1 0.755859 0.962891 0.019518 0.051989
1 0.167969 0.941406 0.044415 0.019702
1 0.873047 0.968750 0.014454 0.045154
1 0.458984 0.394531 0.048828 0.026063
1 0.503906 0.556641 0.057446 0.016611
1 0.074219 0.691406 0.032918 0.056717
1 0.261719 0.816406 0.017575 0.057555
1 0.710938 0.585938 0.049792 0.019704
1 0.636719 0.820312 0.050435 0.046004
1 0.111328 0.361328 0.032025 0.031495
1 0.560547 0.072266 0.046048 0.038745
1 0.476562 0.904297 0.033004 0.018392
1 0.472656 0.886719 0.042544 0.036778