0 0.066406 0.056641 0.035156 0.035156
0 0.535156 0.761719 0.031250 0.031250
0 0.107422 0.578125 0.027344 0.027344
0 0.263672 0.839844 0.023438 0.023438
0 0.486328 0.603516 0.023438 0.023438
0 0.769531 0.289062 0.023438 0.023438
0 0.511719 0.675781 0.031250 0.031250
0 0.248047 0.521484 0.023438 0.023438
0 0.134766 0.093750 0.031250 0.031250
0 0.136719 0.839844 0.023438 0.023438
0 0.886719 0.394531 0.031250 0.031250
0 0.291016 0.724609 0.023438 0.023438
0 0.759766 0.361328 0.023438 0.023438
0 0.974609 0.423828 0.035156 0.035156
0 0.189453 0.490234 0.031250 0.031250
0 0.775391 0.677734 0.035156 0.035156
0 0.296875 0.220703 0.027344 0.027344
0 0.777344 0.162109 0.031250 0.031250
0 0.365234 0.060547 0.031250 0.031250
0 0.205078 0.095703 0.023438 0.023438
0 0.224609 0.019531 0.035156 0.035156
0 0.962891 0.042969 0.023438 0.023438
0 0.912109 0.521484 0.031250 0.031250
0 0.650391 0.660156 0.031250 0.031250
0 0.794922 0.750000 0.031250 0.031250
0 0.289062 0.144531 0.023438 0.023438
0 0.648438 0.585938 0.027344 0.027344
0 0.783203 0.955078 0.023438 0.023438
0 0.142578 0.501953 0.035156 0.035156
0 0.941406 0.494141 0.023438 0.023438
1 0.919922 0.568359 0.035845 0.023737
1 0.882812 0.845703 0.053875 0.019109
1 0.125000 0.769531 0.051989 0.019518
1 0.527344 0.134766 0.040954 0.020874
1 0.437500 0.240234 0.020152 0.036453
1 0.457031 0.507812 0.052295 0.021447
1 0.435547 0.605469 0.038318 0.044092
1 0.087891 0.220703 0.021493 0.034444
1 0.839844 0.884766 0.018158 0.045960
1 0.302734 0.089844 0.030901 0.048491
1 0.664062 0.484375 0.052244 0.038879
1 0.517578 0.476562 0.019997 0.054007
1 0.343750 0.064453 0.029768 0.011286
1 0.755859 0.326172 0.026614 0.047120
1 0.251953 0.695312 0.030622 0.015176
1 0.578125 0.927734 0.053971 0.024968
1 0.949219 0.498047 0.016854 0.038160
1 0.505859 0.509766 0.044315 0.018807
1 0.671875 0.390625 0.055124 0.012614
1 0.593750 0.933594 0.025359 0.039530