0 0.238281 0.554688 0.035156 0.035156
0 0.882812 0.724609 0.031250 0.031250
0 0.099609 0.958984 0.035156 0.035156
0 0.123047 0.738281 0.023438 0.023438
0 0.431641 0.964844 0.035156 0.035156
0 0.431641 0.656250 0.023438 0.023438
0 0.904297 0.843750 0.027344 0.027344
0 0.162109 0.417969 0.023438 0.023438
0 0.900391 0.619141 0.027344 0.027344
0 0.908203 0.042969 0.031250 0.031250
0 0.544922 0.750000 0.035156 0.035156
0 0.449219 0.494141 0.031250 0.031250
0 0.949219 0.466797 0.031250 0.031250
0 0.580078 0.076172 0.027344 0.027344
0 0.101562 0.673828 0.027344 0.027344
0 0.125000 0.353516 0.027344 0.027344
0 0.460938 0.964844 0.031250 0.031250
0 0.113281 0.126953 0.035156 0.035156
0 0.031250 0.263672 0.035156 0.035156
0 0.046875 0.667969 0.035156 0.035156
0 0.648438 0.634766 0.035156 0.035156
0 0.552734 0.363281 0.035156 0.035156
0 0.660156 0.027344 0.023438 0.023438
0 0.031250 0.931641 0.035156 0.035156
0 0.466797 0.646484 0.031250 0.031250
0 0.072266 0.035156 0.035156 0.035156
0 0.167969 0.382812 0.023438 0.023438
0 0.240234 0.203125 0.027344 0.027344
0 0.587891 0.605469 0.027344 0.027344
0 0.558594 0.115234 0.027344 0.027344
1 0.652344 0.384766 0.042286 0.037377
1 0.195312 0.898438 0.038664 0.018584
1 0.814453 0.306641 0.057446 0.016611
1 0.101562 0.345703 0.052116 0.022842
1 0.667969 0.541016 0.016758 0.049786
1 0.082031 0.451172 0.036537 0.051906
1 0.218750 0.902344 0.024743 0.056335
1 0.066406 0.904297 0.040259 0.019543
1 0.283203 0.025391 0.053580 0.021378
1 0.632812 0.121094 0.054307 0.022621
1 0.548828 0.654297 0.048828 0.009766
1 0.925781 0.980469 0.048433 0.042038
1 0.101562 0.291016 0.035208 0.038961
1 0.783203 0.943359 0.019865 0.032705
1 0.685547 0.396484 0.036839 0.027484
1 0.642578 0.886719 0.035366 0.043519
1 0.292969 0.625000 0.048124 0.032837
1 0.355469 0.947266 0.058163 0.029635
1 0.558594 0.208984 0.017344 0.047954
1 0.392578 0.974609 0.040105 0.017024