0 0.171875 0.193359 0.027344 0.027344
0 0.242188 0.251953 0.035156 0.035156
0 0.708984 0.794922 0.035156 0.035156
0 0.287109 0.734375 0.027344 0.027344
0 0.064453 0.283203 0.027344 0.027344
0 0.296875 0.623047 0.035156 0.035156
0 0.660156 0.808594 0.023438 0.023438
0 0.332031 0.060547 0.031250 0.031250
0 0.544922 0.490234 0.027344 0.027344
0 0.603516 0.968750 0.035156 0.035156
0 0.166016 0.833984 0.027344 0.027344
0 0.220703 0.197266 0.023438 0.023438
0 0.914062 0.259766 0.035156 0.035156
0 0.515625 0.230469 0.023438 0.023438
0 0.462891 0.500000 0.035156 0.035156
0 0.562500 0.142578 0.027344 0.027344
0 0.951172 0.800781 0.027344 0.027344
0 0.914062 0.849609 0.031250 0.031250
0 0.037109 0.914062 0.031250 0.031250
0 0.189453 0.968750 0.031250 0.031250
0 0.794922 0.085938 0.027344 0.027344
0 0.015625 0.419922 0.027344 0.027344
0 0.851562 0.359375 0.031250 0.031250
0 0.800781 0.205078 0.023438 0.023438
0 0.869141 0.166016 0.035156 0.035156
0 0.724609 0.775391 0.031250 0.031250
0 0.652344 0.820312 0.023438 0.023438
0 0.201172 0.462891 0.023438 0.023438
0 0.791016 0.023438 0.031250 0.031250
0 0.291016 0.271484 0.031250 0.031250
1 0.123047 0.310547 0.051804 0.035816
1 0.085938 0.843750 0.042544 0.036778
1 0.537109 0.300781 0.039683 0.040406
1 0.476562 0.888672 0.012205 0.047322
1 0.634766 0.906250 0.040070 0.033589
1 0.550781 0.292969 0.030020 0.023807
1 0.361328 0.013672 0.033940 0.014006
1 0.951172 0.660156 0.044132 0.027576
1 0.722656 0.320312 0.038677 0.050799
1 0.382812 0.921875 0.030881 0.018341
1 0.156250 0.267578 0.038726 0.048319
1 0.179688 0.062500 0.033004 0.018392
1 0.220703 0.904297 0.043218 0.026876
1 0.871094 0.666016 0.044415 0.019702
1 0.111328 0.148438 0.041784 0.038123
1 0.820312 0.380859 0.026269 0.031022
1 0.523438 0.390625 0.042371 0.040443
1 0.490234 0.199219 0.053530 0.022233
1 0.517578 0.539062 0.046894 0.040835
1 0.138672 0.621094 0.029189 0.035403