0 0.462891 0.160156 0.027344 0.027344
0 0.873047 0.765625 0.035156 0.035156
0 0.861328 0.935547 0.023438 0.023438
0 0.089844 0.427734 0.035156 0.035156
0 0.894531 0.970703 0.035156 0.035156
0 0.535156 0.306641 0.035156 0.035156
0 0.201172 0.328125 0.031250 0.031250
0 0.359375 0.828125 0.035156 0.035156
0 0.798828 0.183594 0.027344 0.027344
0 0.224609 0.978516 0.031250 0.031250
0 0.814453 0.630859 0.027344 0.027344
0 0.976562 0.123047 0.035156 0.035156
0 0.066406 0.552734 0.035156 0.035156
0 0.970703 0.464844 0.031250 0.031250
0 0.208984 0.433594 0.035156 0.035156
0 0.246094 0.130859 0.031250 0.031250
0 0.355469 0.093750 0.035156 0.035156
0 0.111328 0.287109 0.027344 0.027344
0 0.615234 0.912109 0.031250 0.031250
0 0.802734 0.767578 0.031250 0.031250
0 0.888672 0.332031 0.027344 0.027344
0 0.644531 0.402344 0.023438 0.023438
0 0.486328 0.570312 0.035156 0.035156
0 0.041016 0.076172 0.023438 0.023438
0 0.634766 0.935547 0.035156 0.035156
0 0.541016 0.572266 0.027344 0.027344
0 0.730469 0.960938 0.031250 0.031250
0 0.882812 0.843750 0.035156 0.035156
0 0.257812 0.962891 0.035156 0.035156
0 0.021484 0.171875 0.027344 0.027344
1 0.214844 0.580078 0.053725 0.018216
1 0.105469 0.517578 0.029460 0.052466
1 0.166016 0.851562 0.022211 0.033882
1 0.535156 0.646484 0.012535 0.047072
1 0.605469 0.095703 0.025149 0.058245
1 0.599609 0.824219 0.046253 0.019045
1 0.195312 0.441406 0.045073 0.024986
1 0.140625 0.369141 0.036474 0.017981
1 0.857422 0.650391 0.049525 0.029866
1 0.308594 0.232422 0.035156 0.013672
1 0.439453 0.380859 0.038794 0.019766
1 0.851562 0.662109 0.033004 0.018392
1 0.099609 0.296875 0.022706 0.055426
1 0.603516 0.984375 0.052190 0.020606
1 0.150391 0.039062 0.025472 0.033490
1 0.361328 0.855469 0.042371 0.040443
1 0.400391 0.482422 0.018905 0.051932
1 0.705078 0.691406 0.038791 0.019309
1 0.664062 0.876953 0.036434 0.046997
1 0.767578 0.025391 0.038085 0.036447