0 0.468750 0.755859 0.027344 0.027344
0 0.197266 0.431641 0.031250 0.031250
0 0.519531 0.646484 0.035156 0.035156
0 0.332031 0.919922 0.027344 0.027344
0 0.625000 0.437500 0.035156 0.035156
0 0.332031 0.984375 0.023438 0.023438
0 0.244141 0.414062 0.035156 0.035156
0 0.662109 0.212891 0.035156 0.035156
0 0.167969 0.732422 0.027344 0.027344
0 0.314453 0.708984 0.023438 0.023438
0 0.423828 0.908203 0.027344 0.027344
0 0.894531 0.953125 0.027344 0.027344
0 0.572266 0.857422 0.027344 0.027344
0 0.525391 0.117188 0.035156 0.035156
0 0.585938 0.667969 0.035156 0.035156
0 0.583984 0.392578 0.031250 0.031250
0 0.798828 0.050781 0.035156 0.035156
0 0.527344 0.201172 0.035156 0.035156
0 0.462891 0.310547 0.027344 0.027344
0 0.615234 0.978516 0.027344 0.027344
0 0.351562 0.171875 0.023438 0.023438
0 0.048828 0.884766 0.023438 0.023438
0 0.220703 0.337891 0.035156 0.035156
0 0.482422 0.939453 0.031250 0.031250
0 0.822266 0.583984 0.031250 0.031250
0 0.531250 0.294922 0.031250 0.031250
0 0.048828 0.363281 0.031250 0.031250
0 0.185547 0.681641 0.027344 0.027344
0 0.578125 0.935547 0.023438 0.023438
0 0.759766 0.208984 0.031250 0.031250
1 0.359375 0.185547 0.031231 0.024797
1 0.291016 0.070312 0.015633 0.057351
1 0.382812 0.917969 0.052894 0.027213
1 0.662109 0.472656 0.021963 0.048310
1 0.337891 0.283203 0.020129 0.055847
1 0.917969 0.427734 0.041398 0.038508
1 0.154297 0.072266 0.035845 0.023737
1 0.365234 0.095703 0.055888 0.040161
1 0.132812 0.787109 0.029676 0.033379
1 0.910156 0.343750 0.046221 0.026376
1 0.751953 0.384766 0.048654 0.037469
1 0.095703 0.035156 0.026304 0.038585
1 0.205078 0.238281 0.031472 0.029064
1 0.587891 0.900391 0.033766 0.042399
1 0.808594 0.699219 0.031332 0.018902
1 0.458984 0.441406 0.038920 0.019908
1 0.654297 0.914062 0.038241 0.016061
1 0.255859 0.443359 0.028550 0.031625
1 0.236328 0.884766 0.024495 0.047501
1 0.525391 0.033203 0.034579 0.017508