0 0.785156 0.152344 0.035156 0.035156
0 0.955078 0.511719 0.035156 0.035156
0 0.542969 0.671875 0.031250 0.031250
0 0.675781 0.316406 0.023438 0.023438
0 0.523438 0.564453 0.035156 0.035156
0 0.318359 0.406250 0.027344 0.027344
0 0.046875 0.544922 0.027344 0.027344
0 0.429688 0.519531 0.031250 0.031250
0 0.246094 0.273438 0.035156 0.035156
0 0.458984 0.363281 0.035156 0.035156
0 0.226562 0.687500 0.027344 0.027344
0 0.228516 0.945312 0.035156 0.035156
0 0.820312 0.744141 0.035156 0.035156
0 0.142578 0.646484 0.027344 0.027344
0 0.619141 0.146484 0.035156 0.035156
0 0.939453 0.201172 0.023438 0.023438
0 0.392578 0.941406 0.035156 0.035156
0 0.269531 0.808594 0.027344 0.027344
0 0.531250 0.519531 0.027344 0.027344
0 0.767578 0.021484 0.027344 0.027344
0 0.742188 0.960938 0.027344 0.027344
0 0.281250 0.218750 0.027344 0.027344
0 0.970703 0.152344 0.023438 0.023438
0 0.451172 0.607422 0.027344 0.027344
0 0.103516 0.230469 0.023438 0.023438
0 0.539062 0.929688 0.023438 0.023438
0 0.328125 0.285156 0.027344 0.027344
0 0.966797 0.457031 0.023438 0.023438
0 0.574219 0.601562 0.035156 0.035156
0 0.531250 0.958984 0.027344 0.027344
1 0.132812 0.523438 0.011123 0.039380
1 0.089844 0.609375 0.052589 0.026349
1 0.697266 0.064453 0.012875 0.045494
1 0.957031 0.716797 0.024662 0.035758
1 0.187500 0.449219 0.047560 0.036493
1 0.650391 0.871094 0.016061 0.038241
1 0.328125 0.365234 0.042419 0.026230
1 0.931641 0.292969 0.050060 0.026234
1 0.855469 0.556641 0.045165 0.031437
1 0.412109 0.939453 0.037819 0.012963
1 0.867188 0.638672 0.030994 0.036791
1 0.519531 0.619141 0.020645 0.042601
1 0.218750 0.410156 0.050121 0.025483
1 0.337891 0.107422 0.036555 0.042950
1 0.746094 0.919922 0.057279 0.016617
1 0.832031 0.976562 0.036318 0.015722
1 0.558594 0.544922 0.014398 0.032152
1 0.441406 0.888672 0.026341 0.048136
1 0.644531 0.888672 0.037282 0.029418
1 0.654297 0.394531 0.047526 0.016106