0 0.318359 0.654297 0.027344 0.027344
0 0.628906 0.224609 0.035156 0.035156
0 0.205078 0.335938 0.035156 0.035156
0 0.693359 0.601562 0.031250 0.031250
0 0.292969 0.691406 0.035156 0.035156
0 0.718750 0.375000 0.031250 0.031250
0 0.083984 0.380859 0.023438 0.023438
0 0.873047 0.140625 0.031250 0.031250
0 0.650391 0.878906 0.023438 0.023438
0 0.757812 0.214844 0.031250 0.031250
0 0.496094 0.166016 0.027344 0.027344
0 0.630859 0.027344 0.031250 0.031250
0 0.148438 0.474609 0.027344 0.027344
0 0.837891 0.062500 0.023438 0.023438
0 0.876953 0.140625 0.023438 0.023438
0 0.353516 0.720703 0.027344 0.027344
0 0.080078 0.917969 0.035156 0.035156
0 0.164062 0.320312 0.035156 0.035156
0 0.337891 0.589844 0.027344 0.027344
0 0.617188 0.369141 0.027344 0.027344
0 0.708984 0.451172 0.035156 0.035156
0 0.460938 0.876953 0.031250 0.031250
0 0.822266 0.589844 0.031250 0.031250
0 0.691406 0.751953 0.027344 0.027344
0 0.984375 0.349609 0.027344 0.027344
0 0.164062 0.140625 0.023438 0.023438
0 0.484375 0.447266 0.027344 0.027344
0 0.923828 0.804688 0.035156 0.035156
0 0.558594 0.185547 0.035156 0.035156
0 0.439453 0.806641 0.031250 0.031250
1 0.263672 0.212891 0.033185 0.029726
1 0.570312 0.208984 0.027693 0.046041
1 0.669922 0.429688 0.036199 0.049564
1 0.546875 0.666016 0.055512 0.036938
1 0.728516 0.062500 0.037020 0.047033
1 0.316406 0.562500 0.042871 0.021247
1 0.623047 0.144531 0.037617 0.023353
1 0.279297 0.849609 0.026968 0.058266
1 0.033203 0.695312 0.035179 0.020914
1 0.119141 0.210938 0.015954 0.032577
1 0.203125 0.193359 0.035528 0.057305
1 0.544922 0.853516 0.051339 0.013284
1 0.296875 0.189453 0.041791 0.023816
1 0.277344 0.701172 0.041218 0.035169
1 0.218750 0.271484 0.043240 0.049973
1 0.187500 0.041016 0.054374 0.023483
1 0.121094 0.341797 0.012452 0.031982
1 0.470703 0.744141 0.046048 0.038745
1 0.525391 0.800781 0.019109 0.053875
1 0.767578 0.792969 0.056802 0.010753