0 0.173828 0.109375 0.031250 0.031250
0 0.980469 0.505859 0.027344 0.027344
0 0.265625 0.486328 0.027344 0.027344
0 0.349609 0.556641 0.027344 0.027344
0 0.052734 0.187500 0.035156 0.035156
0 0.347656 0.146484 0.023438 0.023438
0 0.048828 0.281250 0.031250 0.031250
0 0.419922 0.906250 0.023438 0.023438
0 0.935547 0.080078 0.031250 0.031250
0 0.773438 0.679688 0.027344 0.027344
0 0.101562 0.140625 0.035156 0.035156
0 0.523438 0.224609 0.031250 0.031250
0 0.744141 0.597656 0.031250 0.031250
0 0.238281 0.310547 0.027344 0.027344
0 0.734375 0.390625 0.035156 0.035156
0 0.242188 0.259766 0.035156 0.035156
0 0.398438 0.658203 0.035156 0.035156
0 0.937500 0.160156 0.031250 0.031250
0 0.068359 0.640625 0.023438 0.023438
0 0.136719 0.056641 0.027344 0.027344
0 0.974609 0.296875 0.031250 0.031250
0 0.224609 0.919922 0.023438 0.023438
0 0.656250 0.916016 0.027344 0.027344
0 0.906250 0.207031 0.031250 0.031250
0 0.074219 0.837891 0.035156 0.035156
0 0.318359 0.410156 0.023438 0.023438
0 0.558594 0.160156 0.031250 0.031250
0 0.833984 0.800781 0.023438 0.023438
0 0.369141 0.705078 0.031250 0.031250
0 0.218750 0.626953 0.023438 0.023438
1 0.035156 0.109375 0.030590 0.026701
1 0.689453 0.718750 0.012739 0.043545
1 0.693359 0.238281 0.017167 0.053670
1 0.201172 0.984375 0.029463 0.010275
1 0.140625 0.888672 0.018386 0.055671
1 0.318359 0.845703 0.040241 0.020154
1 0.544922 0.199219 0.030182 0.048167
1 0.888672 0.955078 0.032305 0.014020
1 0.681641 0.123047 0.047224 0.040304
1 0.191406 0.421875 0.040720 0.019614
1 0.230469 0.183594 0.038490 0.032441
1 0.763672 0.152344 0.046215 0.034187
1 0.455078 0.011719 0.036778 0.053935
1 0.117188 0.281250 0.020516 0.053612
1 0.878906 0.195312 0.033062 0.057778
1 0.570312 0.115234 0.032102 0.034028
1 0.865234 0.564453 0.040051 0.040051
1 0.312500 0.484375 0.036940 0.024524
1 0.054688 0.798828 0.010719 0.054850
1 0.046875 0.644531 0.017380 0.038486