0 0.193359 0.830078 0.035156 0.035156
0 0.816406 0.953125 0.027344 0.027344
0 0.318359 0.869141 0.027344 0.027344
0 0.136719 0.027344 0.035156 0.035156
0 0.128906 0.216797 0.023438 0.023438
0 0.810547 0.208984 0.023438 0.023438
0 0.791016 0.439453 0.035156 0.035156
0 0.335938 0.570312 0.031250 0.031250
0 0.298828 0.269531 0.035156 0.035156
0 0.734375 0.789062 0.023438 0.023438
0 0.695312 0.513672 0.035156 0.035156
0 0.244141 0.361328 0.023438 0.023438
0 0.843750 0.269531 0.023438 0.023438
0 0.158203 0.873047 0.023438 0.023438
0 0.812500 0.916016 0.031250 0.031250
0 0.640625 0.753906 0.027344 0.027344
0 0.205078 0.781250 0.035156 0.035156
0 0.466797 0.220703 0.027344 0.027344
0 0.283203 0.109375 0.027344 0.027344
0 0.576172 0.720703 0.023438 0.023438
0 0.970703 0.052734 0.023438 0.023438
0 0.097656 0.373047 0.031250 0.031250
0 0.660156 0.814453 0.031250 0.031250
0 0.101562 0.785156 0.027344 0.027344
0 0.273438 0.644531 0.031250 0.031250
0 0.244141 0.281250 0.035156 0.035156
0 0.728516 0.070312 0.031250 0.031250
0 0.671875 0.431641 0.031250 0.031250
0 0.621094 0.681641 0.023438 0.023438
0 0.406250 0.843750 0.027344 0.027344
1 0.554688 0.929688 0.045962 0.034778
1 0.740234 0.472656 0.057351 0.015633
1 0.685547 0.816406 0.018902 0.031332
1 0.445312 0.876953 0.050485 0.030262
1 0.056641 0.517578 0.032377 0.033823
1 0.259766 0.656250 0.033094 0.025018
1 0.714844 0.583984 0.027249 0.037640
1 0.519531 0.525391 0.052244 0.038879
1 0.748047 0.333984 0.022613 0.038914
1 0.216797 0.638672 0.041554 0.030134
1 0.658203 0.468750 0.030826 0.017015
1 0.511719 0.947266 0.036597 0.040449
1 0.957031 0.031250 0.039840 0.033605
1 0.605469 0.826172 0.035912 0.051256
1 0.765625 0.238281 0.034664 0.036976
1 0.611328 0.210938 0.023931 0.052514
1 0.234375 0.917969 0.043107 0.045228
1 0.609375 0.892578 0.045446 0.048338
1 0.332031 0.570312 0.044718 0.043657
1 0.896484 0.222656 0.021232 0.030679