0 0.515625 0.816406 0.027344 0.027344
0 0.916016 0.857422 0.027344 0.027344
0 0.923828 0.662109 0.023438 0.023438
0 0.367188 0.646484 0.031250 0.031250
0 0.695312 0.935547 0.027344 0.027344
0 0.765625 0.908203 0.023438 0.023438
0 0.570312 0.353516 0.031250 0.031250
0 0.796875 0.160156 0.023438 0.023438
0 0.125000 0.318359 0.023438 0.023438
0 0.593750 0.777344 0.027344 0.027344
0 0.582031 0.441406 0.023438 0.023438
0 0.597656 0.150391 0.027344 0.027344
0 0.250000 0.513672 0.035156 0.035156
0 0.427734 0.179688 0.027344 0.027344
0 0.255859 0.630859 0.027344 0.027344
0 0.847656 0.494141 0.035156 0.035156
0 0.138672 0.496094 0.035156 0.035156
0 0.748047 0.533203 0.031250 0.031250
0 0.267578 0.470703 0.023438 0.023438
0 0.394531 0.746094 0.023438 0.023438
0 0.349609 0.703125 0.035156 0.035156
0 0.494141 0.410156 0.023438 0.023438
0 0.650391 0.529297 0.031250 0.031250
0 0.763672 0.949219 0.035156 0.035156
0 0.974609 0.960938 0.031250 0.031250
0 0.072266 0.943359 0.031250 0.031250
0 0.640625 0.177734 0.027344 0.027344
0 0.507812 0.525391 0.031250 0.031250
0 0.882812 0.029297 0.031250 0.031250
0 0.507812 0.673828 0.035156 0.035156
1 0.869141 0.982422 0.039337 0.030638
1 0.855469 0.867188 0.041369 0.038623
1 0.105469 0.353516 0.041609 0.055279
1 0.808594 0.552734 0.057839 0.023239
1 0.527344 0.738281 0.048310 0.021963
1 0.226562 0.820312 0.021142 0.050366
1 0.496094 0.945312 0.025114 0.035907
1 0.562500 0.792969 0.034146 0.013739
1 0.744141 0.394531 0.042178 0.040636
1 0.779297 0.330078 0.034835 0.034208
1 0.537109 0.744141 0.038726 0.048319
1 0.410156 0.267578 0.037377 0.029002
1 0.451172 0.427734 0.041193 0.051563
1 0.166016 0.804688 0.032177 0.023294
1 0.910156 0.300781 0.039529 0.026578
1 0.736328 0.812500 0.037274 0.010412
1 0.607422 0.236328 0.048799 0.038247
1 0.248047 0.792969 0.035503 0.055342
1 0.193359 0.767578 0.027614 0.042901
1 0.630859 0.865234 0.054458 0.025184