0 0.804688 0.236328 0.035156 0.035156
0 0.796875 0.677734 0.035156 0.035156
0 0.144531 0.894531 0.023438 0.023438
0 0.107422 0.425781 0.031250 0.031250
0 0.412109 0.937500 0.035156 0.035156
0 0.890625 0.400391 0.023438 0.023438
0 0.753906 0.980469 0.027344 0.027344
0 0.707031 0.574219 0.035156 0.035156
0 0.058594 0.652344 0.027344 0.027344
0 0.037109 0.523438 0.031250 0.031250
0 0.343750 0.681641 0.031250 0.031250
0 0.261719 0.726562 0.035156 0.035156
0 0.761719 0.140625 0.035156 0.035156
0 0.214844 0.787109 0.027344 0.027344
0 0.117188 0.501953 0.031250 0.031250
0 0.808594 0.623047 0.027344 0.027344
0 0.408203 0.804688 0.027344 0.027344
0 0.345703 0.820312 0.031250 0.031250
0 0.302734 0.269531 0.023438 0.023438
0 0.171875 0.587891 0.031250 0.031250
0 0.376953 0.611328 0.023438 0.023438
0 0.107422 0.181641 0.023438 0.023438
0 0.730469 0.519531 0.035156 0.035156
0 0.912109 0.638672 0.031250 0.031250
0 0.935547 0.064453 0.035156 0.035156
0 0.042969 0.550781 0.035156 0.035156
0 0.810547 0.099609 0.023438 0.023438
0 0.390625 0.564453 0.027344 0.027344
0 0.308594 0.734375 0.023438 0.023438
0 0.544922 0.544922 0.035156 0.035156
1 0.062500 0.257812 0.021232 0.030679
1 0.783203 0.353516 0.030968 0.050394
1 0.404297 0.074219 0.024466 0.031816
1 0.181641 0.593750 0.050604 0.023525
1 0.859375 0.402344 0.032890 0.030291
1 0.634766 0.984375 0.044443 0.051512
1 0.800781 0.855469 0.037057 0.022009
1 0.308594 0.455078 0.029594 0.052358
1 0.130859 0.701172 0.014691 0.041900
1 0.667969 0.162109 0.021495 0.041051
1 0.162109 0.267578 0.048583 0.030236
1 0.146484 0.148438 0.027190 0.032460
1 0.035156 0.398438 0.035591 0.028442
1 0.517578 0.888672 0.035626 0.025127
1 0.558594 0.380859 0.047255 0.013348
1 0.496094 0.017578 0.035101 0.039193
1 0.099609 0.052734 0.029099 0.025732
1 0.046875 0.171875 0.039992 0.028686
1 0.332031 0.750000 0.040993 0.031673
1 0.750000 0.767578 0.032867 0.038249