0 0.421875 0.037109 0.031250 0.031250
0 0.533203 0.156250 0.031250 0.031250
0 0.742188 0.205078 0.027344 0.027344
0 0.488281 0.798828 0.035156 0.035156
0 0.277344 0.320312 0.035156 0.035156
0 0.898438 0.191406 0.023438 0.023438
0 0.132812 0.982422 0.023438 0.023438
0 0.146484 0.660156 0.023438 0.023438
0 0.292969 0.048828 0.031250 0.031250
0 0.712891 0.439453 0.031250 0.031250
0 0.951172 0.353516 0.027344 0.027344
0 0.830078 0.523438 0.023438 0.023438
0 0.550781 0.328125 0.031250 0.031250
0 0.375000 0.931641 0.027344 0.027344
0 0.375000 0.943359 0.023438 0.023438
0 0.929688 0.162109 0.023438 0.023438
0 0.390625 0.542969 0.027344 0.027344
0 0.548828 0.380859 0.031250 0.031250
0 0.894531 0.052734 0.027344 0.027344
0 0.310547 0.726562 0.031250 0.031250
0 0.109375 0.253906 0.031250 0.031250
0 0.371094 0.605469 0.027344 0.027344
0 0.515625 0.421875 0.023438 0.023438
0 0.564453 0.818359 0.027344 0.027344
0 0.257812 0.195312 0.027344 0.027344
0 0.492188 0.824219 0.023438 0.023438
0 0.441406 0.839844 0.023438 0.023438
0 0.130859 0.082031 0.023438 0.023438
0 0.320312 0.160156 0.035156 0.035156
0 0.023438 0.240234 0.027344 0.027344
1 0.843750 0.291016 0.023708 0.035990
1 0.480469 0.134766 0.049745 0.039731
1 0.109375 0.056641 0.053572 0.034677
1 0.736328 0.845703 0.035907 0.025114
1 0.935547 0.451172 0.021218 0.031930
1 0.462891 0.761719 0.021669 0.039234
1 0.878906 0.242188 0.017863 0.038355
1 0.398438 0.503906 0.049223 0.025877
1 0.644531 0.761719 0.040193 0.033658
1 0.910156 0.572266 0.027465 0.033899
1 0.740234 0.310547 0.029002 0.037377
1 0.400391 0.982422 0.041012 0.029916
1 0.570312 0.556641 0.035946 0.038450
1 0.794922 0.853516 0.023371 0.039440
1 0.486328 0.199219 0.033960 0.027108
1 0.269531 0.025391 0.030620 0.053284
1 0.697266 0.525391 0.057490 0.028648
1 0.486328 0.652344 0.035209 0.021890
1 0.798828 0.373047 0.015383 0.034394
1 0.126953 0.945312 0.054475 0.026023