0 0.419922 0.068359 0.031250 0.031250
0 0.244141 0.609375 0.023438 0.023438
0 0.548828 0.636719 0.023438 0.023438
0 0.675781 0.875000 0.023438 0.023438
0 0.333984 0.892578 0.035156 0.035156
0 0.800781 0.945312 0.031250 0.031250
0 0.175781 0.218750 0.023438 0.023438
0 0.976562 0.173828 0.027344 0.027344
0 0.060547 0.939453 0.035156 0.035156
0 0.628906 0.396484 0.035156 0.035156
0 0.761719 0.451172 0.023438 0.023438
0 0.244141 0.113281 0.023438 0.023438
0 0.437500 0.234375 0.035156 0.035156
0 0.958984 0.806641 0.027344 0.027344
0 0.564453 0.812500 0.031250 0.031250
0 0.156250 0.404297 0.031250 0.031250
0 0.404297 0.091797 0.023438 0.023438
0 0.607422 0.439453 0.023438 0.023438
0 0.406250 0.761719 0.035156 0.035156
0 0.763672 0.314453 0.035156 0.035156
0 0.154297 0.962891 0.035156 0.035156
0 0.281250 0.263672 0.023438 0.023438
0 0.443359 0.265625 0.031250 0.031250
0 0.757812 0.722656 0.031250 0.031250
0 0.126953 0.964844 0.035156 0.035156
0 0.908203 0.953125 0.027344 0.027344
0 0.214844 0.054688 0.027344 0.027344
0 0.044922 0.316406 0.027344 0.027344
0 0.130859 0.806641 0.023438 0.023438
0 0.232422 0.568359 0.031250 0.031250
1 0.685547 0.960938 0.055255 0.030539
1 0.699219 0.857422 0.040355 0.027129
1 0.285156 0.691406 0.053852 0.018944
1 0.353516 0.722656 0.051593 0.015882
1 0.470703 0.099609 0.023353 0.037617
1 0.720703 0.644531 0.049347 0.025130
1 0.796875 0.927734 0.035906 0.025559
1 0.058594 0.626953 0.039315 0.022243
1 0.714844 0.265625 0.037465 0.044379
1 0.326172 0.623047 0.038261 0.016154
1 0.201172 0.148438 0.028755 0.058215
1 0.394531 0.748047 0.043258 0.039404
1 0.523438 0.777344 0.044895 0.029374
1 0.912109 0.363281 0.042371 0.040443
1 0.250000 0.042969 0.035036 0.033975
1 0.253906 0.970703 0.032851 0.033430
1 0.914062 0.812500 0.034080 0.028282
1 0.570312 0.523438 0.018128 0.048050
1 0.796875 0.560547 0.037990 0.014908
1 0.349609 0.144531 0.018200 0.055542