0 0.304688 0.689453 0.031250 0.031250
0 0.304688 0.689453 0.035156 0.035156
0 0.650391 0.724609 0.031250 0.031250
0 0.826172 0.689453 0.023438 0.023438
0 0.253906 0.173828 0.027344 0.027344
0 0.488281 0.470703 0.031250 0.031250
0 0.041016 0.193359 0.027344 0.027344
0 0.167969 0.103516 0.035156 0.035156
0 0.873047 0.605469 0.023438 0.023438
0 0.212891 0.056641 0.031250 0.031250
0 0.230469 0.943359 0.031250 0.031250
0 0.427734 0.556641 0.027344 0.027344
0 0.593750 0.160156 0.035156 0.035156
0 0.949219 0.865234 0.031250 0.031250
0 0.074219 0.855469 0.035156 0.035156
0 0.654297 0.591797 0.035156 0.035156
0 0.974609 0.753906 0.027344 0.027344
0 0.511719 0.195312 0.027344 0.027344
0 0.583984 0.511719 0.031250 0.031250
0 0.412109 0.066406 0.027344 0.027344
0 0.703125 0.429688 0.031250 0.031250
0 0.236328 0.804688 0.023438 0.023438
0 0.029297 0.773438 0.031250 0.031250
0 0.486328 0.462891 0.027344 0.027344
0 0.527344 0.234375 0.023438 0.023438
0 0.748047 0.265625 0.035156 0.035156
0 0.625000 0.892578 0.023438 0.023438
0 0.507812 0.355469 0.023438 0.023438
0 0.507812 0.783203 0.035156 0.035156
0 0.152344 0.123047 0.027344 0.027344
1 0.191406 0.037109 0.036557 0.017074
1 0.896484 0.605469 0.025262 0.052044
1 0.367188 0.841797 0.037497 0.022305
1 0.576172 0.640625 0.023036 0.037044
1 0.578125 0.843750 0.055898 0.024601
1 0.500000 0.623047 0.023770 0.044517
1 0.675781 0.664062 0.046385 0.024341
1 0.359375 0.070312 0.032576 0.046233
1 0.841797 0.091797 0.030802 0.042752
1 0.878906 0.222656 0.022782 0.035750
1 0.390625 0.912109 0.037505 0.030039
1 0.382812 0.750000 0.031923 0.015289
1 0.330078 0.203125 0.043441 0.047487
1 0.607422 0.677734 0.016062 0.042038
1 0.500000 0.085938 0.026663 0.032988
1 0.929688 0.015625 0.041733 0.014551
1 0.638672 0.419922 0.022745 0.030358
1 0.445312 0.523438 0.033094 0.025018
1 0.560547 0.015625 0.021060 0.045919
1 0.431641 0.089844 0.027193 0.045010