0 0.408203 0.544922 0.031250 0.031250
0 0.080078 0.250000 0.027344 0.027344
0 0.710938 0.628906 0.031250 0.031250
0 0.158203 0.242188 0.031250 0.031250
0 0.175781 0.646484 0.031250 0.031250
0 0.904297 0.695312 0.035156 0.035156
0 0.328125 0.882812 0.023438 0.023438
0 0.701172 0.417969 0.023438 0.023438
0 0.535156 0.451172 0.031250 0.031250
0 0.177734 0.324219 0.035156 0.035156
0 0.732422 0.847656 0.023438 0.023438
0 0.621094 0.228516 0.027344 0.027344
0 0.615234 0.140625 0.035156 0.035156
0 0.875000 0.574219 0.031250 0.031250
0 0.796875 0.140625 0.027344 0.027344
0 0.591797 0.474609 0.035156 0.035156
0 0.640625 0.308594 0.031250 0.031250
0 0.125000 0.460938 0.023438 0.023438
0 0.341797 0.062500 0.035156 0.035156
0 0.015625 0.169922 0.027344 0.027344
0 0.382812 0.343750 0.031250 0.031250
0 0.548828 0.718750 0.027344 0.027344
0 0.330078 0.949219 0.031250 0.031250
0 0.335938 0.238281 0.027344 0.027344
0 0.724609 0.689453 0.027344 0.027344
0 0.896484 0.550781 0.023438 0.023438
0 0.818359 0.617188 0.031250 0.031250
0 0.085938 0.181641 0.023438 0.023438
0 0.333984 0.830078 0.031250 0.031250
0 0.257812 0.123047 0.023438 0.023438
1 0.761719 0.115234 0.028862 0.046838
1 0.333984 0.029297 0.018302 0.040258
1 0.884766 0.179688 0.033638 0.025059
1 0.121094 0.535156 0.015095 0.041468
1 0.779297 0.199219 0.025877 0.049223
1 0.388672 0.796875 0.029374 0.044895
1 0.070312 0.417969 0.033203 0.011719
1 0.738281 0.507812 0.009766 0.039062
1 0.060547 0.531250 0.032949 0.054726
1 0.599609 0.119141 0.045167 0.026542
1 0.521484 0.791016 0.055786 0.019216
1 0.769531 0.822266 0.030371 0.013748
1 0.878906 0.195312 0.043663 0.035453
1 0.181641 0.125000 0.027322 0.040979
1 0.734375 0.478516 0.021447 0.052295
1 0.095703 0.166016 0.039367 0.050399
1 0.279297 0.138672 0.024434 0.042596
1 0.287109 0.677734 0.055523 0.028885
1 0.525391 0.046875 0.035528 0.057305
1 0.861328 0.761719 0.027484 0.036839