0 0.632812 0.607422 0.031250 0.031250
0 0.982422 0.824219 0.027344 0.027344
0 0.382812 0.748047 0.031250 0.031250
0 0.439453 0.128906 0.027344 0.027344
0 0.023438 0.013672 0.023438 0.023438
0 0.570312 0.074219 0.035156 0.035156
0 0.212891 0.388672 0.031250 0.031250
0 0.812500 0.226562 0.035156 0.035156
0 0.892578 0.548828 0.031250 0.031250
0 0.416016 0.802734 0.027344 0.027344
0 0.789062 0.964844 0.027344 0.027344
0 0.273438 0.058594 0.031250 0.031250
0 0.505859 0.078125 0.035156 0.035156
0 0.253906 0.451172 0.031250 0.031250
0 0.650391 0.929688 0.023438 0.023438
0 0.826172 0.828125 0.035156 0.035156
0 0.798828 0.365234 0.023438 0.023438
0 0.056641 0.431641 0.023438 0.023438
0 0.824219 0.890625 0.031250 0.031250
0 0.332031 0.275391 0.023438 0.023438
0 0.556641 0.529297 0.035156 0.035156
0 0.078125 0.023438 0.023438 0.023438
0 0.712891 0.890625 0.027344 0.027344
0 0.566406 0.783203 0.035156 0.035156
0 0.359375 0.751953 0.035156 0.035156
0 0.435547 0.152344 0.023438 0.023438
0 0.492188 0.037109 0.031250 0.031250
0 0.123047 0.640625 0.027344 0.027344
0 0.378906 0.093750 0.035156 0.035156
0 0.898438 0.169922 0.031250 0.031250
1 0.830078 0.603516 0.052897 0.010684
1 0.794922 0.658203 0.023205 0.041882
1 0.753906 0.074219 0.026968 0.058266
1 0.453125 0.750000 0.044541 0.033181
1 0.197266 0.042969 0.042095 0.029942
1 0.287109 0.046875 0.037465 0.044379
1 0.326172 0.736328 0.055847 0.020129
1 0.062500 0.298828 0.017554 0.031093
1 0.259766 0.830078 0.042901 0.027614
1 0.646484 0.859375 0.019488 0.057720
1 0.800781 0.609375 0.055946 0.020235
1 0.673828 0.876953 0.020060 0.047870
1 0.595703 0.720703 0.033940 0.014006
1 0.087891 0.857422 0.042419 0.033231
1 0.642578 0.083984 0.034527 0.034527
1 0.398438 0.943359 0.038670 0.038670
1 0.814453 0.384766 0.048167 0.030182
1 0.587891 0.472656 0.047086 0.031722
1 0.738281 0.087891 0.028003 0.031840
1 0.343750 0.066406 0.031231 0.029305