0 0.593750 0.119141 0.027344 0.027344
0 0.162109 0.119141 0.035156 0.035156
0 0.775391 0.500000 0.035156 0.035156
0 0.605469 0.861328 0.031250 0.031250
0 0.628906 0.623047 0.035156 0.035156
0 0.433594 0.898438 0.023438 0.023438
0 0.904297 0.021484 0.027344 0.027344
0 0.279297 0.224609 0.023438 0.023438
0 0.767578 0.199219 0.027344 0.027344
0 0.636719 0.294922 0.023438 0.023438
0 0.865234 0.921875 0.023438 0.023438
0 0.033203 0.736328 0.035156 0.035156
0 0.033203 0.400391 0.023438 0.023438
0 0.474609 0.712891 0.023438 0.023438
0 0.615234 0.601562 0.031250 0.031250
0 0.587891 0.853516 0.023438 0.023438
0 0.974609 0.125000 0.031250 0.031250
0 0.886719 0.910156 0.027344 0.027344
0 0.085938 0.873047 0.023438 0.023438
0 0.703125 0.376953 0.023438 0.023438
0 0.339844 0.054688 0.031250 0.031250
0 0.626953 0.552734 0.035156 0.035156
0 0.484375 0.601562 0.031250 0.031250
0 0.328125 0.439453 0.031250 0.031250
0 0.332031 0.048828 0.035156 0.035156
0 0.507812 0.556641 0.035156 0.035156
0 0.679688 0.271484 0.035156 0.035156
0 0.285156 0.289062 0.031250 0.031250
0 0.271484 0.416016 0.027344 0.027344
0 0.285156 0.187500 0.027344 0.027344
1 0.794922 0.126953 0.040259 0.019543
1 0.464844 0.785156 0.035803 0.023263
1 0.820312 0.775391 0.042005 0.048646
1 0.800781 0.625000 0.052205 0.031699
1 0.601562 0.849609 0.037120 0.030885
1 0.716797 0.177734 0.021951 0.040114
1 0.228516 0.316406 0.051323 0.030629
1 0.433594 0.234375 0.029548 0.050559
1 0.673828 0.900391 0.042161 0.018742
1 0.847656 0.097656 0.038959 0.046028
1 0.162109 0.310547 0.018026 0.034599
1 0.437500 0.736328 0.038663 0.056429
1 0.669922 0.625000 0.028142 0.037531
1 0.767578 0.732422 0.033586 0.046454
1 0.369141 0.812500 0.051314 0.024980
1 0.044922 0.339844 0.017839 0.034829
1 0.824219 0.076172 0.037606 0.046719
1 0.324219 0.167969 0.032516 0.030926
1 0.611328 0.439453 0.036486 0.018532
1 0.490234 0.826172 0.024186 0.051418