0 0.171875 0.771484 0.031250 0.031250
0 0.722656 0.109375 0.035156 0.035156
0 0.464844 0.519531 0.035156 0.035156
0 0.982422 0.455078 0.031250 0.031250
0 0.707031 0.625000 0.035156 0.035156
0 0.732422 0.382812 0.031250 0.031250
0 0.593750 0.195312 0.023438 0.023438
0 0.289062 0.316406 0.035156 0.035156
0 0.833984 0.333984 0.027344 0.027344
0 0.697266 0.351562 0.031250 0.031250
0 0.099609 0.082031 0.031250 0.031250
0 0.207031 0.373047 0.027344 0.027344
0 0.238281 0.365234 0.023438 0.023438
0 0.751953 0.738281 0.023438 0.023438
0 0.828125 0.398438 0.027344 0.027344
0 0.017578 0.931641 0.027344 0.027344
0 0.701172 0.058594 0.023438 0.023438
0 0.337891 0.400391 0.027344 0.027344
0 0.796875 0.251953 0.027344 0.027344
0 0.785156 0.804688 0.035156 0.035156
0 0.066406 0.451172 0.023438 0.023438
0 0.052734 0.970703 0.027344 0.027344
0 0.162109 0.275391 0.031250 0.031250
0 0.689453 0.062500 0.031250 0.031250
0 0.636719 0.828125 0.031250 0.031250
0 0.425781 0.216797 0.035156 0.035156
0 0.658203 0.982422 0.023438 0.023438
0 0.353516 0.878906 0.035156 0.035156
0 0.214844 0.208984 0.031250 0.031250
0 0.410156 0.548828 0.035156 0.035156
1 0.482422 0.300781 0.033467 0.029714
1 0.943359 0.236328 0.040585 0.018975
1 0.261719 0.816406 0.047388 0.025209
1 0.466797 0.488281 0.047479 0.046419
1 0.044922 0.734375 0.038364 0.019616
1 0.332031 0.441406 0.057184 0.013693
1 0.371094 0.097656 0.027488 0.048806
1 0.445312 0.345703 0.015954 0.032577
1 0.845703 0.460938 0.039238 0.026435
1 0.603516 0.265625 0.033882 0.022211
1 0.437500 0.515625 0.031437 0.045165
1 0.152344 0.048828 0.043258 0.039404
1 0.343750 0.177734 0.027488 0.048806
1 0.699219 0.099609 0.016004 0.045576
1 0.654297 0.941406 0.036420 0.020679
1 0.765625 0.203125 0.028780 0.043895
1 0.162109 0.841797 0.018957 0.040581
1 0.351562 0.451172 0.055847 0.020129
1 0.726562 0.494141 0.034246 0.015125
1 0.539062 0.205078 0.030841 0.026098