0 0.076172 0.175781 0.023438 0.023438
0 0.656250 0.734375 0.031250 0.031250
0 0.583984 0.628906 0.023438 0.023438
0 0.765625 0.748047 0.023438 0.023438
0 0.214844 0.308594 0.031250 0.031250
0 0.693359 0.267578 0.035156 0.035156
0 0.417969 0.529297 0.023438 0.023438
0 0.857422 0.697266 0.031250 0.031250
0 0.794922 0.761719 0.031250 0.031250
0 0.888672 0.953125 0.023438 0.023438
0 0.853516 0.476562 0.027344 0.027344
0 0.613281 0.355469 0.035156 0.035156
0 0.322266 0.156250 0.035156 0.035156
0 0.603516 0.339844 0.023438 0.023438
0 0.921875 0.892578 0.023438 0.023438
0 0.478516 0.960938 0.027344 0.027344
0 0.431641 0.382812 0.035156 0.035156
0 0.884766 0.148438 0.027344 0.027344
0 0.478516 0.566406 0.031250 0.031250
0 0.769531 0.888672 0.035156 0.035156
0 0.259766 0.445312 0.023438 0.023438
0 0.296875 0.580078 0.035156 0.035156
0 0.382812 0.164062 0.035156 0.035156
0 0.587891 0.767578 0.027344 0.027344
0 0.742188 0.937500 0.027344 0.027344
0 0.250000 0.318359 0.035156 0.035156
0 0.156250 0.382812 0.023438 0.023438
0 0.101562 0.277344 0.023438 0.023438
0 0.283203 0.162109 0.023438 0.023438
0 0.470703 0.929688 0.027344 0.027344
1 0.732422 0.583984 0.031765 0.031765
1 0.804688 0.037109 0.043040 0.035845
1 0.484375 0.802734 0.039062 0.009766
1 0.501953 0.203125 0.042087 0.053119
1 0.296875 0.318359 0.046233 0.032576
1 0.216797 0.875000 0.015125 0.034246
1 0.953125 0.544922 0.016061 0.038241
1 0.111328 0.705078 0.030577 0.034898
1 0.281250 0.273438 0.045654 0.023859
1 0.291016 0.373047 0.044248 0.029712
1 0.529297 0.412109 0.019230 0.035073
1 0.425781 0.039062 0.023525 0.050604
1 0.615234 0.408203 0.018200 0.055542
1 0.445312 0.296875 0.027010 0.043070
1 0.759766 0.292969 0.047680 0.043248
1 0.548828 0.265625 0.035329 0.026035
1 0.140625 0.488281 0.029714 0.033467
1 0.533203 0.757812 0.040372 0.032294
1 0.826172 0.525391 0.048437 0.020836
1 0.537109 0.962891 0.048337 0.048337