0 0.546875 0.091797 0.035156 0.035156
0 0.300781 0.541016 0.023438 0.023438
0 0.173828 0.240234 0.027344 0.027344
0 0.318359 0.517578 0.027344 0.027344
0 0.253906 0.707031 0.035156 0.035156
0 0.814453 0.328125 0.023438 0.023438
0 0.919922 0.117188 0.035156 0.035156
0 0.845703 0.345703 0.035156 0.035156
0 0.337891 0.656250 0.027344 0.027344
0 0.289062 0.822266 0.023438 0.023438
0 0.224609 0.884766 0.023438 0.023438
0 0.369141 0.589844 0.031250 0.031250
0 0.753906 0.601562 0.023438 0.023438
0 0.537109 0.845703 0.023438 0.023438
0 0.933594 0.716797 0.023438 0.023438
0 0.591797 0.435547 0.023438 0.023438
0 0.775391 0.253906 0.031250 0.031250
0 0.421875 0.972656 0.023438 0.023438
0 0.193359 0.595703 0.031250 0.031250
0 0.632812 0.705078 0.035156 0.035156
0 0.691406 0.013672 0.027344 0.027344
0 0.361328 0.904297 0.031250 0.031250
0 0.576172 0.246094 0.027344 0.027344
0 0.763672 0.753906 0.027344 0.027344
0 0.683594 0.923828 0.023438 0.023438
0 0.789062 0.683594 0.023438 0.023438
0 0.394531 0.193359 0.031250 0.031250
0 0.804688 0.566406 0.023438 0.023438
0 0.533203 0.824219 0.031250 0.031250
0 0.527344 0.191406 0.027344 0.027344
1 0.156250 0.375000 0.049875 0.043523
1 0.300781 0.705078 0.014279 0.037836
1 0.720703 0.273438 0.040162 0.047568
1 0.541016 0.625000 0.038112 0.048653
1 0.705078 0.224609 0.045575 0.045575
1 0.621094 0.357422 0.032998 0.035888
1 0.210938 0.412109 0.043203 0.045131
1 0.904297 0.400391 0.036657 0.017646
1 0.322266 0.941406 0.032949 0.054726
1 0.751953 0.771484 0.042813 0.042813
1 0.525391 0.744141 0.020206 0.040697
1 0.664062 0.156250 0.038123 0.041784
1 0.308594 0.406250 0.040608 0.025499
1 0.281250 0.654297 0.037617 0.023353
1 0.865234 0.939453 0.052535 0.033650
1 0.232422 0.457031 0.029866 0.049525
1 0.527344 0.277344 0.025604 0.041442
1 0.880859 0.416016 0.018902 0.031332
1 0.503906 0.896484 0.035179 0.020914
1 0.830078 0.748047 0.052894 0.027213