0 0.291016 0.099609 0.031250 0.031250
0 0.867188 0.564453 0.035156 0.035156
0 0.437500 0.882812 0.035156 0.035156
0 0.386719 0.482422 0.031250 0.031250
0 0.050781 0.294922 0.031250 0.031250
0 0.814453 0.583984 0.023438 0.023438
0 0.816406 0.039062 0.035156 0.035156
0 0.455078 0.097656 0.031250 0.031250
0 0.408203 0.591797 0.027344 0.027344
0 0.498047 0.115234 0.027344 0.027344
0 0.089844 0.777344 0.035156 0.035156
0 0.517578 0.587891 0.031250 0.031250
0 0.748047 0.109375 0.031250 0.031250
0 0.867188 0.107422 0.023438 0.023438
0 0.699219 0.107422 0.035156 0.035156
0 0.253906 0.839844 0.023438 0.023438
0 0.720703 0.546875 0.027344 0.027344
0 0.837891 0.615234 0.035156 0.035156
0 0.099609 0.021484 0.031250 0.031250
0 0.867188 0.330078 0.023438 0.023438
0 0.626953 0.849609 0.023438 0.023438
0 0.958984 0.554688 0.031250 0.031250
0 0.699219 0.357422 0.031250 0.031250
0 0.585938 0.529297 0.027344 0.027344
0 0.779297 0.369141 0.031250 0.031250
0 0.968750 0.656250 0.031250 0.031250
0 0.816406 0.402344 0.027344 0.027344
0 0.060547 0.326172 0.027344 0.027344
0 0.742188 0.691406 0.035156 0.035156
0 0.748047 0.298828 0.023438 0.023438
1 0.085938 0.216797 0.026230 0.042419
1 0.068359 0.013672 0.021376 0.057815
1 0.134766 0.507812 0.043420 0.015163
1 0.646484 0.050781 0.039918 0.037316
1 0.912109 0.062500 0.033873 0.015391
1 0.523438 0.345703 0.035278 0.047431
1 0.115234 0.748047 0.011719 0.044922
1 0.503906 0.535156 0.032175 0.042867
1 0.287109 0.201172 0.044517 0.023770
1 0.226562 0.541016 0.044788 0.021620
1 0.839844 0.701172 0.015163 0.043420
1 0.640625 0.800781 0.040109 0.015756
1 0.400391 0.085938 0.054934 0.037009
1 0.765625 0.960938 0.016596 0.057409
1 0.835938 0.875000 0.043705 0.044670
1 0.539062 0.169922 0.037896 0.056674
1 0.201172 0.880859 0.020419 0.036991
1 0.443359 0.789062 0.038278 0.039050
1 0.267578 0.470703 0.050570 0.037873
1 0.533203 0.568359 0.043687 0.054239