0 0.033203 0.705078 0.027344 0.027344
0 0.664062 0.652344 0.035156 0.035156
0 0.074219 0.158203 0.031250 0.031250
0 0.960938 0.542969 0.027344 0.027344
0 0.908203 0.800781 0.027344 0.027344
0 0.076172 0.496094 0.035156 0.035156
0 0.810547 0.076172 0.023438 0.023438
0 0.863281 0.857422 0.031250 0.031250
0 0.820312 0.826172 0.027344 0.027344
0 0.621094 0.130859 0.027344 0.027344
0 0.257812 0.783203 0.023438 0.023438
0 0.949219 0.781250 0.031250 0.031250
0 0.023438 0.367188 0.031250 0.031250
0 0.513672 0.654297 0.031250 0.031250
0 0.908203 0.091797 0.027344 0.027344
0 0.224609 0.701172 0.035156 0.035156
0 0.449219 0.394531 0.027344 0.027344
0 0.255859 0.529297 0.027344 0.027344
0 0.208984 0.197266 0.031250 0.031250
0 0.066406 0.687500 0.031250 0.031250
0 0.644531 0.144531 0.035156 0.035156
0 0.185547 0.027344 0.027344 0.027344
0 0.763672 0.681641 0.023438 0.023438
0 0.656250 0.468750 0.035156 0.035156
0 0.097656 0.070312 0.023438 0.023438
0 0.117188 0.792969 0.035156 0.035156
0 0.968750 0.302734 0.035156 0.035156
0 0.800781 0.355469 0.027344 0.027344
0 0.099609 0.560547 0.035156 0.035156
0 0.947266 0.482422 0.031250 0.031250
1 0.730469 0.287109 0.018296 0.055708
1 0.779297 0.607422 0.027422 0.032017
1 0.583984 0.222656 0.028142 0.037531
1 0.728516 0.027344 0.025935 0.034818
1 0.626953 0.832031 0.016294 0.036374
1 0.925781 0.363281 0.030432 0.027256
1 0.041016 0.751953 0.042491 0.025639
1 0.712891 0.941406 0.017317 0.053560
1 0.341797 0.289062 0.028137 0.032177
1 0.507812 0.708984 0.037973 0.016227
1 0.287109 0.585938 0.033149 0.018891
1 0.099609 0.523438 0.030269 0.013263
1 0.318359 0.361328 0.028078 0.050742
1 0.115234 0.619141 0.025483 0.050121
1 0.517578 0.535156 0.017553 0.057449
1 0.382812 0.535156 0.048084 0.045771
1 0.253906 0.675781 0.047639 0.014612
1 0.673828 0.642578 0.025127 0.035626
1 0.578125 0.519531 0.015233 0.051475
1 0.789062 0.550781 0.046269 0.034784