0 0.390625 0.580078 0.035156 0.035156
0 0.054688 0.849609 0.023438 0.023438
0 0.341797 0.753906 0.035156 0.035156
0 0.775391 0.281250 0.027344 0.027344
0 0.875000 0.464844 0.023438 0.023438
0 0.726562 0.478516 0.027344 0.027344
0 0.929688 0.457031 0.035156 0.035156
0 0.423828 0.941406 0.035156 0.035156
0 0.791016 0.546875 0.023438 0.023438
0 0.521484 0.363281 0.027344 0.027344
0 0.181641 0.654297 0.023438 0.023438
0 0.419922 0.144531 0.031250 0.031250
0 0.314453 0.890625 0.023438 0.023438
0 0.119141 0.650391 0.023438 0.023438
0 0.345703 0.117188 0.035156 0.035156
0 0.951172 0.892578 0.027344 0.027344
0 0.427734 0.414062 0.027344 0.027344
0 0.515625 0.158203 0.023438 0.023438
0 0.587891 0.613281 0.027344 0.027344
0 0.378906 0.472656 0.031250 0.031250
0 0.386719 0.226562 0.023438 0.023438
0 0.238281 0.945312 0.031250 0.031250
0 0.662109 0.871094 0.027344 0.027344
0 0.353516 0.242188 0.027344 0.027344
0 0.390625 0.583984 0.027344 0.027344
0 0.343750 0.671875 0.031250 0.031250
0 0.699219 0.113281 0.035156 0.035156
0 0.707031 0.871094 0.027344 0.027344
0 0.330078 0.509766 0.031250 0.031250
0 0.480469 0.677734 0.035156 0.035156
1 0.935547 0.802734 0.015682 0.030179
1 0.591797 0.955078 0.044640 0.036965
1 0.947266 0.585938 0.041071 0.044347
1 0.201172 0.482422 0.037342 0.030861
1 0.892578 0.435547 0.038902 0.021494
1 0.281250 0.097656 0.045732 0.031267
1 0.724609 0.312500 0.019078 0.036486
1 0.714844 0.777344 0.033629 0.020826
1 0.720703 0.810547 0.030244 0.035040
1 0.080078 0.804688 0.035735 0.027659
1 0.166016 0.828125 0.053510 0.041388
1 0.291016 0.253906 0.015368 0.049276
1 0.097656 0.681641 0.051952 0.033144
1 0.083984 0.380859 0.046082 0.033161
1 0.224609 0.078125 0.042543 0.045724
1 0.447266 0.410156 0.032975 0.046679
1 0.216797 0.527344 0.047255 0.013348
1 0.251953 0.857422 0.038745 0.046048
1 0.154297 0.656250 0.049880 0.033693
1 0.919922 0.609375 0.055255 0.030539