0 0.619141 0.458984 0.023438 0.023438
0 0.835938 0.671875 0.027344 0.027344
0 0.634766 0.138672 0.035156 0.035156
0 0.710938 0.136719 0.027344 0.027344
0 0.789062 0.083984 0.035156 0.035156
0 0.041016 0.898438 0.031250 0.031250
0 0.951172 0.609375 0.027344 0.027344
0 0.134766 0.154297 0.027344 0.027344
0 0.941406 0.677734 0.027344 0.027344
0 0.912109 0.431641 0.023438 0.023438
0 0.177734 0.687500 0.035156 0.035156
0 0.759766 0.328125 0.027344 0.027344
0 0.742188 0.408203 0.031250 0.031250
0 0.412109 0.539062 0.023438 0.023438
0 0.132812 0.953125 0.031250 0.031250
0 0.609375 0.578125 0.027344 0.027344
0 0.191406 0.751953 0.031250 0.031250
0 0.140625 0.660156 0.035156 0.035156
0 0.509766 0.441406 0.035156 0.035156
0 0.458984 0.625000 0.027344 0.027344
0 0.533203 0.462891 0.031250 0.031250
0 0.644531 0.947266 0.027344 0.027344
0 0.468750 0.888672 0.027344 0.027344
0 0.027344 0.505859 0.035156 0.035156
0 0.835938 0.849609 0.035156 0.035156
0 0.152344 0.267578 0.023438 0.023438
0 0.373047 0.513672 0.027344 0.027344
0 0.345703 0.087891 0.031250 0.031250
0 0.546875 0.490234 0.031250 0.031250
0 0.591797 0.455078 0.023438 0.023438
1 0.126953 0.136719 0.023489 0.037975
1 0.826172 0.257812 0.045178 0.040122
1 0.929688 0.972656 0.055799 0.026339
1 0.328125 0.404297 0.022057 0.032449
1 0.218750 0.339844 0.034856 0.045547
1 0.949219 0.535156 0.016226 0.034511
1 0.775391 0.484375 0.034702 0.037015
1 0.494141 0.621094 0.052108 0.023656
1 0.183594 0.767578 0.039773 0.024252
1 0.419922 0.390625 0.052045 0.020359
1 0.884766 0.601562 0.049892 0.017582
1 0.113281 0.607422 0.052912 0.038211
1 0.488281 0.755859 0.017585 0.044182
1 0.353516 0.843750 0.047626 0.034683
1 0.261719 0.791016 0.032918 0.056717
1 0.765625 0.396484 0.044077 0.016868
1 0.347656 0.017578 0.037896 0.056674
1 0.957031 0.667969 0.034472 0.037169
1 0.886719 0.103516 0.031170 0.041193
1 0.455078 0.783203 0.049320 0.047296