0 0.304688 0.431641 0.035156 0.035156
0 0.580078 0.119141 0.035156 0.035156
0 0.169922 0.638672 0.031250 0.031250
0 0.333984 0.970703 0.023438 0.023438
0 0.404297 0.763672 0.027344 0.027344
0 0.562500 0.437500 0.027344 0.027344
0 0.187500 0.277344 0.023438 0.023438
0 0.646484 0.697266 0.035156 0.035156
0 0.687500 0.148438 0.031250 0.031250
0 0.058594 0.958984 0.027344 0.027344
0 0.623047 0.230469 0.027344 0.027344
0 0.855469 0.195312 0.027344 0.027344
0 0.722656 0.425781 0.035156 0.035156
0 0.277344 0.414062 0.027344 0.027344
0 0.300781 0.623047 0.027344 0.027344
0 0.626953 0.025391 0.031250 0.031250
0 0.082031 0.044922 0.031250 0.031250
0 0.681641 0.376953 0.035156 0.035156
0 0.242188 0.490234 0.031250 0.031250
0 0.193359 0.562500 0.023438 0.023438
0 0.750000 0.789062 0.027344 0.027344
0 0.078125 0.804688 0.027344 0.027344
0 0.412109 0.074219 0.031250 0.031250
0 0.130859 0.783203 0.035156 0.035156
0 0.343750 0.058594 0.027344 0.027344
0 0.779297 0.951172 0.023438 0.023438
0 0.781250 0.287109 0.035156 0.035156
0 0.978516 0.847656 0.023438 0.023438
0 0.205078 0.888672 0.035156 0.035156
0 0.244141 0.455078 0.031250 0.031250
1 0.388672 0.119141 0.034124 0.023333
1 0.638672 0.669922 0.015125 0.034246
1 0.716797 0.341797 0.050749 0.048628
1 0.435547 0.767578 0.023720 0.055922
1 0.937500 0.513672 0.045610 0.039547
1 0.718750 0.845703 0.029374 0.044895
1 0.761719 0.472656 0.016617 0.057279
1 0.878906 0.677734 0.054726 0.032949
1 0.255859 0.394531 0.035199 0.021406
1 0.476562 0.701172 0.026800 0.038491
1 0.208984 0.423828 0.052084 0.021193
1 0.136719 0.187500 0.037635 0.025045
1 0.433594 0.392578 0.049525 0.029866
1 0.611328 0.949219 0.046584 0.034157
1 0.642578 0.275391 0.037118 0.056902
1 0.560547 0.621094 0.034096 0.024383
1 0.814453 0.257812 0.057138 0.025000
1 0.267578 0.072266 0.028773 0.044962
1 0.214844 0.921875 0.031239 0.057078
1 0.589844 0.480469 0.009766 0.039062