0 0.857422 0.601562 0.035156 0.035156
0 0.367188 0.193359 0.031250 0.031250
0 0.865234 0.171875 0.023438 0.023438
0 0.914062 0.042969 0.027344 0.027344
0 0.351562 0.445312 0.023438 0.023438
0 0.138672 0.597656 0.031250 0.031250
0 0.628906 0.960938 0.027344 0.027344
0 0.544922 0.080078 0.035156 0.035156
0 0.964844 0.220703 0.027344 0.027344
0 0.238281 0.494141 0.023438 0.023438
0 0.138672 0.125000 0.027344 0.027344
0 0.574219 0.482422 0.023438 0.023438
0 0.908203 0.511719 0.035156 0.035156
0 0.277344 0.726562 0.027344 0.027344
0 0.835938 0.921875 0.031250 0.031250
0 0.882812 0.416016 0.031250 0.031250
0 0.345703 0.498047 0.035156 0.035156
0 0.916016 0.314453 0.027344 0.027344
0 0.316406 0.052734 0.035156 0.035156
0 0.574219 0.292969 0.035156 0.035156
0 0.226562 0.609375 0.031250 0.031250
0 0.966797 0.853516 0.031250 0.031250
0 0.730469 0.873047 0.023438 0.023438
0 0.103516 0.845703 0.023438 0.023438
0 0.939453 0.878906 0.027344 0.027344
0 0.638672 0.373047 0.027344 0.027344
0 0.365234 0.849609 0.023438 0.023438
0 0.533203 0.949219 0.023438 0.023438
0 0.392578 0.691406 0.035156 0.035156
0 0.849609 0.378906 0.027344 0.027344
1 0.498047 0.107422 0.043300 0.045035
1 0.814453 0.548828 0.041102 0.029412
1 0.277344 0.328125 0.036922 0.037645
1 0.556641 0.945312 0.051563 0.041193
1 0.103516 0.916016 0.039717 0.030529
1 0.935547 0.603516 0.039238 0.026435
1 0.574219 0.515625 0.035762 0.029713
1 0.929688 0.851562 0.038318 0.044092
1 0.490234 0.582031 0.029635 0.058163
1 0.691406 0.232422 0.034182 0.028565
1 0.832031 0.404297 0.038670 0.038670
1 0.736328 0.150391 0.044722 0.048961
1 0.417969 0.460938 0.055461 0.032788
1 0.814453 0.279297 0.029768 0.011286
1 0.710938 0.466797 0.042247 0.017313
1 0.734375 0.671875 0.026063 0.039544
1 0.386719 0.542969 0.034823 0.039199
1 0.283203 0.105469 0.036199 0.049564
1 0.556641 0.296875 0.014279 0.037836
1 0.679688 0.236328 0.032463 0.049422