0 0.771484 0.980469 0.027344 0.027344
0 0.925781 0.638672 0.023438 0.023438
0 0.908203 0.636719 0.027344 0.027344
0 0.074219 0.207031 0.027344 0.027344
0 0.445312 0.236328 0.027344 0.027344
0 0.435547 0.210938 0.027344 0.027344
0 0.591797 0.712891 0.031250 0.031250
0 0.355469 0.623047 0.031250 0.031250
0 0.013672 0.666016 0.027344 0.027344
0 0.496094 0.179688 0.027344 0.027344
0 0.046875 0.878906 0.023438 0.023438
0 0.320312 0.970703 0.031250 0.031250
0 0.322266 0.292969 0.035156 0.035156
0 0.617188 0.787109 0.023438 0.023438
0 0.638672 0.798828 0.027344 0.027344
0 0.144531 0.806641 0.023438 0.023438
0 0.166016 0.669922 0.031250 0.031250
0 0.255859 0.433594 0.031250 0.031250
0 0.769531 0.294922 0.035156 0.035156
0 0.593750 0.332031 0.023438 0.023438
0 0.101562 0.855469 0.027344 0.027344
0 0.275391 0.691406 0.027344 0.027344
0 0.720703 0.699219 0.023438 0.023438
0 0.472656 0.242188 0.027344 0.027344
0 0.841797 0.103516 0.031250 0.031250
0 0.593750 0.714844 0.035156 0.035156
0 0.335938 0.230469 0.027344 0.027344
0 0.375000 0.292969 0.023438 0.023438
0 0.687500 0.566406 0.023438 0.023438
0 0.281250 0.548828 0.035156 0.035156
1 0.236328 0.332031 0.018453 0.038370
1 0.066406 0.529297 0.022713 0.046783
1 0.109375 0.533203 0.025979 0.057744
1 0.527344 0.845703 0.014568 0.034098
1 0.267578 0.648438 0.051091 0.011532
1 0.630859 0.771484 0.042719 0.028209
1 0.160156 0.410156 0.043498 0.025151
1 0.939453 0.578125 0.023924 0.039485
1 0.462891 0.404297 0.049546 0.036911
1 0.279297 0.189453 0.034043 0.039809
1 0.068359 0.804688 0.026489 0.032208
1 0.574219 0.371094 0.013012 0.047442
1 0.621094 0.511719 0.048250 0.020448
1 0.812500 0.929688 0.036493 0.047560
1 0.513672 0.964844 0.045079 0.026916
1 0.162109 0.214844 0.015231 0.045372
1 0.234375 0.353516 0.033163 0.055827
1 0.710938 0.169922 0.035813 0.047619
1 0.373047 0.253906 0.027465 0.033899
1 0.703125 0.335938 0.015405 0.047716