0 0.845703 0.804688 0.031250 0.031250
0 0.328125 0.626953 0.027344 0.027344
0 0.783203 0.117188 0.027344 0.027344
0 0.214844 0.433594 0.027344 0.027344
0 0.042969 0.822266 0.035156 0.035156
0 0.408203 0.669922 0.027344 0.027344
0 0.892578 0.263672 0.027344 0.027344
0 0.765625 0.632812 0.035156 0.035156
0 0.222656 0.658203 0.035156 0.035156
0 0.205078 0.669922 0.031250 0.031250
0 0.855469 0.349609 0.031250 0.031250
0 0.101562 0.441406 0.035156 0.035156
0 0.599609 0.736328 0.031250 0.031250
0 0.052734 0.025391 0.035156 0.035156
0 0.273438 0.408203 0.023438 0.023438
0 0.660156 0.308594 0.035156 0.035156
0 0.476562 0.191406 0.031250 0.031250
0 0.310547 0.732422 0.035156 0.035156
0 0.669922 0.414062 0.035156 0.035156
0 0.025391 0.775391 0.035156 0.035156
0 0.136719 0.707031 0.023438 0.023438
0 0.898438 0.382812 0.031250 0.031250
0 0.125000 0.462891 0.035156 0.035156
0 0.275391 0.244141 0.031250 0.031250
0 0.029297 0.511719 0.035156 0.035156
0 0.964844 0.562500 0.035156 0.035156
0 0.281250 0.687500 0.031250 0.031250
0 0.082031 0.261719 0.031250 0.031250
0 0.421875 0.126953 0.031250 0.031250
0 0.529297 0.824219 0.035156 0.035156
1 0.238281 0.312500 0.040967 0.051519
1 0.673828 0.892578 0.037606 0.046719
1 0.462891 0.408203 0.030467 0.037318
1 0.755859 0.755859 0.018556 0.057617
1 0.269531 0.867188 0.031712 0.028823
1 0.048828 0.132812 0.035888 0.014143
1 0.083984 0.011719 0.030383 0.030383
1 0.191406 0.580078 0.021943 0.050460
1 0.443359 0.039062 0.039036 0.020501
1 0.554688 0.648438 0.039773 0.024252
1 0.378906 0.941406 0.049880 0.033693
1 0.234375 0.191406 0.031738 0.028281
1 0.501953 0.326172 0.052553 0.028809
1 0.679688 0.474609 0.031895 0.045478
1 0.566406 0.779297 0.046705 0.021992
1 0.837891 0.009766 0.015044 0.032471
1 0.425781 0.697266 0.045131 0.043203
1 0.253906 0.095703 0.046705 0.021992
1 0.550781 0.742188 0.048884 0.047776
1 0.457031 0.437500 0.050976 0.032082