0 0.314453 0.507812 0.031250 0.031250
0 0.447266 0.234375 0.027344 0.027344
0 0.029297 0.078125 0.023438 0.023438
0 0.574219 0.675781 0.035156 0.035156
0 0.013672 0.744141 0.023438 0.023438
0 0.847656 0.285156 0.031250 0.031250
0 0.525391 0.515625 0.023438 0.023438
0 0.564453 0.386719 0.035156 0.035156
0 0.396484 0.941406 0.035156 0.035156
0 0.773438 0.041016 0.035156 0.035156
0 0.369141 0.037109 0.027344 0.027344
0 0.054688 0.343750 0.035156 0.035156
0 0.375000 0.080078 0.035156 0.035156
0 0.085938 0.023438 0.027344 0.027344
0 0.875000 0.476562 0.023438 0.023438
0 0.242188 0.312500 0.027344 0.027344
0 0.078125 0.060547 0.023438 0.023438
0 0.833984 0.107422 0.027344 0.027344
0 0.046875 0.927734 0.031250 0.031250
0 0.888672 0.519531 0.035156 0.035156
0 0.406250 0.402344 0.027344 0.027344
0 0.650391 0.228516 0.027344 0.027344
0 0.402344 0.744141 0.027344 0.027344
0 0.687500 0.888672 0.035156 0.035156
0 0.181641 0.093750 0.031250 0.031250
0 0.251953 0.080078 0.027344 0.027344
0 0.550781 0.253906 0.035156 0.035156
0 0.216797 0.292969 0.023438 0.023438
0 0.615234 0.765625 0.031250 0.031250
0 0.681641 0.486328 0.023438 0.023438
1 0.294922 0.048828 0.016740 0.042088
1 0.472656 0.669922 0.032547 0.033704
1 0.222656 0.292969 0.037873 0.050570
1 0.441406 0.919922 0.019313 0.055817
1 0.464844 0.722656 0.026050 0.040536
1 0.386719 0.265625 0.043523 0.013952
1 0.839844 0.392578 0.056717 0.032918
1 0.105469 0.724609 0.051240 0.048060
1 0.298828 0.392578 0.017466 0.032912
1 0.761719 0.517578 0.035054 0.052565
1 0.419922 0.810547 0.022032 0.040779
1 0.486328 0.214844 0.020698 0.053968
1 0.207031 0.599609 0.021632 0.032520
1 0.822266 0.376953 0.038716 0.031259
1 0.906250 0.654297 0.035582 0.038712
1 0.941406 0.589844 0.038670 0.038670
1 0.425781 0.083984 0.015299 0.047324
1 0.416016 0.812500 0.036189 0.015329
1 0.568359 0.255859 0.017140 0.030745
1 0.804688 0.175781 0.053629 0.019648