0 0.789062 0.078125 0.031250 0.031250
0 0.619141 0.263672 0.031250 0.031250
0 0.814453 0.599609 0.035156 0.035156
0 0.660156 0.642578 0.035156 0.035156
0 0.945312 0.396484 0.027344 0.027344
0 0.189453 0.078125 0.023438 0.023438
0 0.298828 0.875000 0.035156 0.035156
0 0.451172 0.093750 0.027344 0.027344
0 0.101562 0.626953 0.023438 0.023438
0 0.156250 0.373047 0.035156 0.035156
0 0.367188 0.451172 0.023438 0.023438
0 0.697266 0.312500 0.035156 0.035156
0 0.171875 0.273438 0.031250 0.031250
0 0.193359 0.531250 0.031250 0.031250
0 0.464844 0.837891 0.023438 0.023438
0 0.826172 0.707031 0.031250 0.031250
0 0.843750 0.285156 0.031250 0.031250
0 0.103516 0.900391 0.023438 0.023438
0 0.568359 0.919922 0.035156 0.035156
0 0.458984 0.640625 0.031250 0.031250
0 0.671875 0.621094 0.023438 0.023438
0 0.048828 0.087891 0.027344 0.027344
0 0.953125 0.310547 0.027344 0.027344
0 0.091797 0.044922 0.031250 0.031250
0 0.494141 0.570312 0.027344 0.027344
0 0.195312 0.910156 0.035156 0.035156
0 0.117188 0.914062 0.027344 0.027344
0 0.871094 0.191406 0.027344 0.027344
0 0.267578 0.902344 0.035156 0.035156
0 0.330078 0.271484 0.035156 0.035156
1 0.771484 0.488281 0.030841 0.026098
1 0.390625 0.224609 0.029712 0.044248
1 0.275391 0.658203 0.040604 0.044696
1 0.095703 0.535156 0.027659 0.035735
1 0.472656 0.115234 0.030517 0.035130
1 0.738281 0.460938 0.013075 0.039448
1 0.951172 0.443359 0.015922 0.034456
1 0.273438 0.603516 0.053121 0.031392
1 0.392578 0.634766 0.043850 0.047175
1 0.548828 0.568359 0.044489 0.037569
1 0.103516 0.578125 0.034886 0.043999
1 0.945312 0.460938 0.034829 0.017839
1 0.710938 0.042969 0.030994 0.036791
1 0.128906 0.943359 0.042821 0.039930
1 0.679688 0.824219 0.053918 0.019824
1 0.042969 0.357422 0.028426 0.040608
1 0.458984 0.664062 0.038430 0.043816
1 0.917969 0.283203 0.054884 0.012671
1 0.566406 0.113281 0.037216 0.034327
1 0.042969 0.277344 0.028074 0.039410