0 0.970703 0.812500 0.031250 0.031250
0 0.064453 0.818359 0.027344 0.027344
0 0.953125 0.462891 0.023438 0.023438
0 0.484375 0.091797 0.035156 0.035156
0 0.615234 0.039062 0.031250 0.031250
0 0.535156 0.402344 0.023438 0.023438
0 0.435547 0.066406 0.027344 0.027344
0 0.251953 0.748047 0.027344 0.027344
0 0.097656 0.740234 0.023438 0.023438
0 0.087891 0.072266 0.023438 0.023438
0 0.763672 0.751953 0.027344 0.027344
0 0.171875 0.156250 0.023438 0.023438
0 0.603516 0.642578 0.027344 0.027344
0 0.390625 0.964844 0.023438 0.023438
0 0.794922 0.929688 0.023438 0.023438
0 0.531250 0.912109 0.035156 0.035156
0 0.322266 0.412109 0.023438 0.023438
0 0.634766 0.107422 0.035156 0.035156
0 0.666016 0.476562 0.027344 0.027344
0 0.775391 0.431641 0.027344 0.027344
0 0.744141 0.378906 0.027344 0.027344
0 0.908203 0.871094 0.031250 0.031250
0 0.353516 0.158203 0.027344 0.027344
0 0.228516 0.890625 0.027344 0.027344
0 0.218750 0.062500 0.031250 0.031250
0 0.863281 0.109375 0.035156 0.035156
0 0.720703 0.525391 0.023438 0.023438
0 0.185547 0.519531 0.035156 0.035156
0 0.578125 0.972656 0.023438 0.023438
0 0.789062 0.115234 0.023438 0.023438
1 0.671875 0.966797 0.026423 0.035870
1 0.232422 0.220703 0.035564 0.033395
1 0.208984 0.273438 0.052731 0.028015
1 0.238281 0.326172 0.031495 0.032025
1 0.593750 0.246094 0.037973 0.016227
1 0.941406 0.023438 0.034725 0.041440
1 0.523438 0.046875 0.038240 0.032484
1 0.904297 0.179688 0.057015 0.013688
1 0.173828 0.115234 0.020334 0.050256
1 0.761719 0.656250 0.046875 0.013672
1 0.447266 0.375000 0.055929 0.022833
1 0.544922 0.904297 0.034705 0.031334
1 0.316406 0.277344 0.027294 0.036430
1 0.470703 0.070312 0.034081 0.025987
1 0.103516 0.126953 0.044489 0.037757
1 0.326172 0.373047 0.034918 0.030879
1 0.347656 0.701172 0.020939 0.051677
1 0.140625 0.761719 0.043218 0.026876
1 0.201172 0.931641 0.011719 0.048828
1 0.132812 0.574219 0.031708 0.014754