0 0.748047 0.085938 0.031250 0.031250
0 0.042969 0.232422 0.023438 0.023438
0 0.283203 0.386719 0.027344 0.027344
0 0.371094 0.945312 0.027344 0.027344
0 0.501953 0.949219 0.023438 0.023438
0 0.910156 0.640625 0.023438 0.023438
0 0.556641 0.626953 0.027344 0.027344
0 0.906250 0.636719 0.035156 0.035156
0 0.230469 0.458984 0.031250 0.031250
0 0.882812 0.263672 0.031250 0.031250
0 0.253906 0.925781 0.023438 0.023438
0 0.361328 0.814453 0.031250 0.031250
0 0.330078 0.021484 0.031250 0.031250
0 0.503906 0.189453 0.035156 0.035156
0 0.369141 0.500000 0.035156 0.035156
0 0.617188 0.880859 0.027344 0.027344
0 0.275391 0.833984 0.035156 0.035156
0 0.718750 0.632812 0.031250 0.031250
0 0.345703 0.910156 0.027344 0.027344
0 0.699219 0.810547 0.023438 0.023438
0 0.074219 0.771484 0.027344 0.027344
0 0.654297 0.214844 0.023438 0.023438
0 0.773438 0.246094 0.031250 0.031250
0 0.408203 0.015625 0.023438 0.023438
0 0.046875 0.259766 0.031250 0.031250
0 0.525391 0.322266 0.031250 0.031250
0 0.130859 0.734375 0.023438 0.023438
0 0.292969 0.761719 0.023438 0.023438
0 0.500000 0.832031 0.031250 0.031250
0 0.109375 0.474609 0.027344 0.027344
1 0.347656 0.980469 0.035908 0.035908
1 0.328125 0.857422 0.011123 0.039380
1 0.455078 0.894531 0.025551 0.052580
1 0.037109 0.607422 0.030179 0.015682
1 0.410156 0.515625 0.040993 0.031673
1 0.650391 0.441406 0.034124 0.023333
1 0.382812 0.259766 0.029764 0.035520
1 0.603516 0.783203 0.051952 0.033144
1 0.505859 0.082031 0.036824 0.018772
1 0.642578 0.570312 0.030560 0.032727
1 0.136719 0.650391 0.014822 0.033660
1 0.433594 0.703125 0.036317 0.042799
1 0.367188 0.380859 0.037543 0.053580
1 0.210938 0.943359 0.020334 0.050256
1 0.376953 0.525391 0.044132 0.027576
1 0.351562 0.654297 0.033805 0.041845
1 0.339844 0.929688 0.043133 0.010514
1 0.914062 0.441406 0.044077 0.016868
1 0.132812 0.333984 0.030405 0.037599
1 0.111328 0.556641 0.029714 0.033467