0 0.353516 0.058594 0.027344 0.027344
0 0.560547 0.943359 0.035156 0.035156
0 0.236328 0.357422 0.031250 0.031250
0 0.490234 0.271484 0.023438 0.023438
0 0.947266 0.447266 0.023438 0.023438
0 0.966797 0.830078 0.035156 0.035156
0 0.605469 0.562500 0.031250 0.031250
0 0.376953 0.250000 0.035156 0.035156
0 0.015625 0.460938 0.023438 0.023438
0 0.794922 0.287109 0.035156 0.035156
0 0.095703 0.283203 0.023438 0.023438
0 0.728516 0.203125 0.023438 0.023438
0 0.359375 0.447266 0.031250 0.031250
0 0.953125 0.193359 0.031250 0.031250
0 0.855469 0.898438 0.035156 0.035156
0 0.257812 0.691406 0.035156 0.035156
0 0.810547 0.734375 0.027344 0.027344
0 0.777344 0.693359 0.023438 0.023438
0 0.751953 0.564453 0.031250 0.031250
0 0.197266 0.960938 0.035156 0.035156
0 0.132812 0.164062 0.031250 0.031250
0 0.037109 0.763672 0.035156 0.035156
0 0.744141 0.828125 0.035156 0.035156
0 0.673828 0.843750 0.031250 0.031250
0 0.839844 0.339844 0.031250 0.031250
0 0.623047 0.892578 0.035156 0.035156
0 0.570312 0.681641 0.031250 0.031250
0 0.052734 0.296875 0.027344 0.027344
0 0.160156 0.544922 0.035156 0.035156
0 0.884766 0.306641 0.027344 0.027344
1 0.921875 0.142578 0.038107 0.014835
1 0.263672 0.398438 0.036746 0.018212
1 0.380859 0.841797 0.049024 0.031938
1 0.826172 0.191406 0.012734 0.029688
1 0.644531 0.628906 0.026855 0.054476
1 0.773438 0.322266 0.034301 0.045739
1 0.958984 0.726562 0.039199 0.034823
1 0.742188 0.251953 0.031273 0.029346
1 0.953125 0.953125 0.024466 0.031816
1 0.503906 0.058594 0.041400 0.013143
1 0.234375 0.359375 0.055095 0.031352
1 0.480469 0.960938 0.016617 0.057279
1 0.943359 0.425781 0.042247 0.017313
1 0.880859 0.210938 0.016738 0.051646
1 0.361328 0.583984 0.042813 0.042813
1 0.058594 0.601562 0.034041 0.023535
1 0.699219 0.601562 0.054156 0.030357
1 0.546875 0.953125 0.027717 0.031933
1 0.185547 0.486328 0.050399 0.039367
1 0.388672 0.091797 0.045474 0.014054