0 0.277344 0.134766 0.023438 0.023438
0 0.582031 0.478516 0.027344 0.027344
0 0.244141 0.542969 0.031250 0.031250
0 0.062500 0.343750 0.023438 0.023438
0 0.089844 0.232422 0.031250 0.031250
0 0.289062 0.060547 0.027344 0.027344
0 0.496094 0.544922 0.035156 0.035156
0 0.318359 0.484375 0.035156 0.035156
0 0.925781 0.392578 0.023438 0.023438
0 0.021484 0.193359 0.031250 0.031250
0 0.707031 0.050781 0.031250 0.031250
0 0.845703 0.248047 0.023438 0.023438
0 0.662109 0.847656 0.031250 0.031250
0 0.703125 0.333984 0.027344 0.027344
0 0.712891 0.312500 0.023438 0.023438
0 0.927734 0.455078 0.027344 0.027344
0 0.611328 0.353516 0.027344 0.027344
0 0.517578 0.869141 0.031250 0.031250
0 0.439453 0.771484 0.035156 0.035156
0 0.089844 0.337891 0.031250 0.031250
0 0.509766 0.164062 0.035156 0.035156
0 0.279297 0.912109 0.031250 0.031250
0 0.671875 0.771484 0.027344 0.027344
0 0.490234 0.509766 0.023438 0.023438
0 0.765625 0.671875 0.023438 0.023438
0 0.822266 0.531250 0.031250 0.031250
0 0.351562 0.019531 0.027344 0.027344
0 0.578125 0.240234 0.027344 0.027344
0 0.560547 0.361328 0.027344 0.027344
0 0.191406 0.726562 0.031250 0.031250
1 0.759766 0.310547 0.017674 0.040239
1 0.845703 0.017578 0.033125 0.040320
1 0.158203 0.693359 0.055029 0.026187
1 0.068359 0.751953 0.053378 0.016413
1 0.767578 0.738281 0.048068 0.042583
1 0.808594 0.957031 0.026187 0.055029
1 0.867188 0.632812 0.040799 0.027878
1 0.720703 0.703125 0.047526 0.016106
1 0.449219 0.328125 0.050604 0.023525
1 0.894531 0.900391 0.012870 0.033592
1 0.746094 0.958984 0.052514 0.023931
1 0.380859 0.937500 0.026855 0.054476
1 0.697266 0.580078 0.027044 0.048056
1 0.357422 0.304688 0.033720 0.044631
1 0.427734 0.759766 0.039635 0.040455
1 0.173828 0.447266 0.046956 0.046956
1 0.568359 0.039062 0.037700 0.012330
1 0.375000 0.207031 0.041687 0.024419
1 0.857422 0.248047 0.028795 0.042524
1 0.449219 0.451172 0.046269 0.034784