0 0.824219 0.720703 0.023438 0.023438
0 0.304688 0.105469 0.031250 0.031250
0 0.613281 0.089844 0.023438 0.023438
0 0.656250 0.419922 0.023438 0.023438
0 0.917969 0.041016 0.035156 0.035156
0 0.142578 0.291016 0.035156 0.035156
0 0.955078 0.201172 0.035156 0.035156
0 0.468750 0.455078 0.035156 0.035156
0 0.455078 0.580078 0.023438 0.023438
0 0.945312 0.730469 0.027344 0.027344
0 0.439453 0.433594 0.035156 0.035156
0 0.388672 0.253906 0.035156 0.035156
0 0.503906 0.041016 0.031250 0.031250
0 0.642578 0.873047 0.031250 0.031250
0 0.890625 0.394531 0.031250 0.031250
0 0.322266 0.765625 0.031250 0.031250
0 0.609375 0.792969 0.023438 0.023438
0 0.083984 0.742188 0.023438 0.023438
0 0.724609 0.263672 0.027344 0.027344
0 0.216797 0.818359 0.023438 0.023438
0 0.519531 0.453125 0.035156 0.035156
0 0.820312 0.441406 0.023438 0.023438
0 0.109375 0.277344 0.031250 0.031250
0 0.177734 0.123047 0.027344 0.027344
0 0.414062 0.792969 0.031250 0.031250
0 0.544922 0.628906 0.035156 0.035156
0 0.712891 0.457031 0.027344 0.027344
0 0.333984 0.464844 0.023438 0.023438
0 0.576172 0.744141 0.031250 0.031250
0 0.890625 0.410156 0.035156 0.035156
1 0.962891 0.296875 0.016343 0.032323
1 0.140625 0.177734 0.052177 0.046881
1 0.900391 0.375000 0.040539 0.042274
1 0.126953 0.955078 0.034096 0.024383
1 0.337891 0.150391 0.026063 0.039544
1 0.759766 0.103516 0.049654 0.015643
1 0.476562 0.074219 0.039448 0.013075
1 0.417969 0.183594 0.026791 0.056886
1 0.621094 0.089844 0.042873 0.039790
1 0.595703 0.150391 0.050167 0.020820
1 0.191406 0.191406 0.020206 0.040697
1 0.128906 0.451172 0.025210 0.031527
1 0.945312 0.849609 0.028249 0.053677
1 0.685547 0.898438 0.029531 0.014181
1 0.703125 0.435547 0.040304 0.047224
1 0.050781 0.875000 0.036317 0.042799
1 0.328125 0.595703 0.019230 0.035073
1 0.906250 0.507812 0.051804 0.035816
1 0.160156 0.171875 0.046048 0.038745
1 0.535156 0.056641 0.026912 0.034989