0 0.089844 0.146484 0.035156 0.035156
0 0.476562 0.947266 0.035156 0.035156
0 0.566406 0.027344 0.023438 0.023438
0 0.480469 0.814453 0.027344 0.027344
0 0.769531 0.207031 0.031250 0.031250
0 0.966797 0.189453 0.027344 0.027344
0 0.304688 0.513672 0.027344 0.027344
0 0.171875 0.814453 0.023438 0.023438
0 0.125000 0.759766 0.023438 0.023438
0 0.718750 0.457031 0.035156 0.035156
0 0.681641 0.367188 0.027344 0.027344
0 0.400391 0.472656 0.035156 0.035156
0 0.343750 0.166016 0.023438 0.023438
0 0.955078 0.296875 0.031250 0.031250
0 0.212891 0.341797 0.035156 0.035156
0 0.597656 0.322266 0.023438 0.023438
0 0.488281 0.712891 0.027344 0.027344
0 0.468750 0.683594 0.027344 0.027344
0 0.710938 0.070312 0.027344 0.027344
0 0.306641 0.755859 0.023438 0.023438
0 0.189453 0.476562 0.027344 0.027344
0 0.835938 0.021484 0.031250 0.031250
0 0.341797 0.013672 0.023438 0.023438
0 0.814453 0.279297 0.027344 0.027344
0 0.369141 0.166016 0.023438 0.023438
0 0.724609 0.910156 0.027344 0.027344
0 0.951172 0.183594 0.023438 0.023438
0 0.041016 0.876953 0.035156 0.035156
0 0.468750 0.240234 0.031250 0.031250
0 0.445312 0.058594 0.035156 0.035156
1 0.109375 0.210938 0.029603 0.037681
1 0.882812 0.789062 0.047697 0.031546
1 0.080078 0.169922 0.052746 0.032907
1 0.412109 0.119141 0.026376 0.046221
1 0.076172 0.769531 0.012705 0.056837
1 0.613281 0.326172 0.037350 0.026044
1 0.419922 0.716797 0.033043 0.030013
1 0.056641 0.628906 0.016049 0.032598
1 0.351562 0.919922 0.027123 0.028087
1 0.177734 0.123047 0.037973 0.016227
1 0.761719 0.753906 0.049666 0.043889
1 0.304688 0.537109 0.043271 0.032087
1 0.796875 0.664062 0.040697 0.020206
1 0.791016 0.484375 0.038355 0.017863
1 0.716797 0.064453 0.046202 0.018602
1 0.138672 0.175781 0.041214 0.012433
1 0.730469 0.644531 0.017981 0.036474
1 0.431641 0.775391 0.037569 0.044489
1 0.849609 0.470703 0.025287 0.038738
1 0.744141 0.572266 0.021422 0.057992