0 0.851562 0.285156 0.027344 0.027344
0 0.898438 0.511719 0.035156 0.035156
0 0.636719 0.867188 0.027344 0.027344
0 0.851562 0.562500 0.035156 0.035156
0 0.863281 0.121094 0.035156 0.035156
0 0.099609 0.976562 0.023438 0.023438
0 0.076172 0.777344 0.035156 0.035156
0 0.392578 0.953125 0.035156 0.035156
0 0.058594 0.699219 0.027344 0.027344
0 0.917969 0.656250 0.031250 0.031250
0 0.050781 0.599609 0.027344 0.027344
0 0.806641 0.308594 0.023438 0.023438
0 0.707031 0.710938 0.023438 0.023438
0 0.455078 0.322266 0.035156 0.035156
0 0.269531 0.091797 0.031250 0.031250
0 0.904297 0.839844 0.027344 0.027344
0 0.755859 0.695312 0.031250 0.031250
0 0.132812 0.507812 0.035156 0.035156
0 0.082031 0.720703 0.031250 0.031250
0 0.601562 0.716797 0.023438 0.023438
0 0.800781 0.638672 0.027344 0.027344
0 0.390625 0.402344 0.035156 0.035156
0 0.312500 0.839844 0.031250 0.031250
0 0.455078 0.931641 0.023438 0.023438
0 0.560547 0.523438 0.031250 0.031250
0 0.693359 0.279297 0.027344 0.027344
0 0.193359 0.207031 0.035156 0.035156
0 0.033203 0.781250 0.035156 0.035156
0 0.406250 0.492188 0.035156 0.035156
0 0.089844 0.625000 0.027344 0.027344
1 0.160156 0.724609 0.050646 0.042567
1 0.082031 0.513672 0.016963 0.051728
1 0.906250 0.929688 0.016963 0.051728
1 0.138672 0.570312 0.034364 0.043685
1 0.494141 0.056641 0.031938 0.049024
1 0.472656 0.599609 0.033873 0.015391
1 0.886719 0.357422 0.040125 0.028175
1 0.378906 0.498047 0.022566 0.043883
1 0.779297 0.148438 0.051146 0.033380
1 0.357422 0.224609 0.049439 0.040326
1 0.728516 0.255859 0.014204 0.043754
1 0.037109 0.316406 0.030186 0.030572
1 0.611328 0.226562 0.034219 0.022883
1 0.800781 0.115234 0.042567 0.052639
1 0.281250 0.589844 0.037569 0.044489
1 0.316406 0.880859 0.020129 0.037119
1 0.789062 0.810547 0.044670 0.043705
1 0.392578 0.400391 0.018296 0.044273
1 0.488281 0.503906 0.023483 0.054374
1 0.548828 0.675781 0.033845 0.037697