0 0.578125 0.640625 0.031250 0.031250
0 0.167969 0.210938 0.035156 0.035156
0 0.914062 0.857422 0.027344 0.027344
0 0.021484 0.787109 0.023438 0.023438
0 0.261719 0.365234 0.027344 0.027344
0 0.400391 0.626953 0.035156 0.035156
0 0.613281 0.269531 0.027344 0.027344
0 0.964844 0.529297 0.035156 0.035156
0 0.757812 0.794922 0.023438 0.023438
0 0.369141 0.380859 0.035156 0.035156
0 0.847656 0.093750 0.035156 0.035156
0 0.406250 0.705078 0.031250 0.031250
0 0.416016 0.207031 0.023438 0.023438
0 0.537109 0.572266 0.035156 0.035156
0 0.583984 0.900391 0.027344 0.027344
0 0.089844 0.662109 0.023438 0.023438
0 0.175781 0.392578 0.027344 0.027344
0 0.955078 0.273438 0.035156 0.035156
0 0.408203 0.605469 0.023438 0.023438
0 0.388672 0.738281 0.031250 0.031250
0 0.275391 0.253906 0.027344 0.027344
0 0.587891 0.097656 0.027344 0.027344
0 0.908203 0.388672 0.035156 0.035156
0 0.978516 0.158203 0.027344 0.027344
0 0.816406 0.421875 0.035156 0.035156
0 0.375000 0.560547 0.035156 0.035156
0 0.609375 0.371094 0.031250 0.031250
0 0.574219 0.308594 0.027344 0.027344
0 0.500000 0.089844 0.023438 0.023438
0 0.093750 0.314453 0.031250 0.031250
1 0.308594 0.986328 0.053852 0.018944
1 0.884766 0.183594 0.037645 0.036922
1 0.107422 0.328125 0.020761 0.032633
1 0.273438 0.017578 0.015902 0.043625
1 0.535156 0.955078 0.019680 0.048198
1 0.732422 0.519531 0.022782 0.035750
1 0.724609 0.394531 0.040246 0.027657
1 0.093750 0.523438 0.034991 0.036726
1 0.291016 0.488281 0.016908 0.047715
1 0.605469 0.966797 0.049551 0.040477
1 0.734375 0.976562 0.030743 0.016106
1 0.052734 0.798828 0.016226 0.034511
1 0.787109 0.023438 0.053051 0.045645
1 0.880859 0.949219 0.046956 0.046956
1 0.527344 0.320312 0.014929 0.043839
1 0.748047 0.058594 0.015167 0.045777
1 0.611328 0.970703 0.025130 0.049347
1 0.888672 0.068359 0.052521 0.028695
1 0.900391 0.578125 0.018200 0.055542
1 0.097656 0.554688 0.017476 0.038335