0 0.568359 0.656250 0.027344 0.027344
0 0.716797 0.783203 0.031250 0.031250
0 0.949219 0.089844 0.027344 0.027344
0 0.755859 0.031250 0.023438 0.023438
0 0.800781 0.820312 0.023438 0.023438
0 0.494141 0.435547 0.023438 0.023438
0 0.939453 0.564453 0.031250 0.031250
0 0.626953 0.144531 0.031250 0.031250
0 0.935547 0.443359 0.031250 0.031250
0 0.927734 0.521484 0.027344 0.027344
0 0.628906 0.298828 0.031250 0.031250
0 0.087891 0.539062 0.031250 0.031250
0 0.273438 0.107422 0.035156 0.035156
0 0.304688 0.804688 0.023438 0.023438
0 0.705078 0.572266 0.031250 0.031250
0 0.242188 0.585938 0.031250 0.031250
0 0.242188 0.177734 0.027344 0.027344
0 0.083984 0.906250 0.031250 0.031250
0 0.929688 0.212891 0.023438 0.023438
0 0.910156 0.425781 0.023438 0.023438
0 0.097656 0.472656 0.023438 0.023438
0 0.294922 0.601562 0.035156 0.035156
0 0.345703 0.285156 0.031250 0.031250
0 0.177734 0.435547 0.031250 0.031250
0 0.962891 0.570312 0.023438 0.023438
0 0.923828 0.093750 0.027344 0.027344
0 0.949219 0.443359 0.035156 0.035156
0 0.400391 0.984375 0.027344 0.027344
0 0.589844 0.410156 0.027344 0.027344
0 0.212891 0.117188 0.027344 0.027344
1 0.800781 0.736328 0.034784 0.046269
1 0.421875 0.501953 0.028164 0.034400
1 0.283203 0.099609 0.021294 0.033724
1 0.486328 0.195312 0.015756 0.040109
1 0.425781 0.089844 0.046424 0.022946
1 0.662109 0.333984 0.038360 0.046433
1 0.062500 0.210938 0.016630 0.042138
1 0.900391 0.376953 0.026208 0.041383
1 0.371094 0.664062 0.056159 0.030732
1 0.072266 0.925781 0.043535 0.031507
1 0.761719 0.447266 0.012963 0.037819
1 0.695312 0.564453 0.013416 0.049207
1 0.220703 0.966797 0.032285 0.023651
1 0.451172 0.154297 0.054555 0.028715
1 0.048828 0.375000 0.035115 0.036657
1 0.375000 0.822266 0.035503 0.055342
1 0.109375 0.833984 0.030577 0.034898
1 0.888672 0.761719 0.012739 0.043545
1 0.730469 0.117188 0.018672 0.051918
1 0.732422 0.687500 0.018703 0.038651