0 0.046875 0.785156 0.035156 0.035156
0 0.587891 0.271484 0.035156 0.035156
0 0.599609 0.775391 0.023438 0.023438
0 0.443359 0.074219 0.027344 0.027344
0 0.103516 0.755859 0.023438 0.023438
0 0.136719 0.554688 0.031250 0.031250
0 0.234375 0.443359 0.027344 0.027344
0 0.582031 0.382812 0.027344 0.027344
0 0.951172 0.117188 0.027344 0.027344
0 0.306641 0.041016 0.031250 0.031250
0 0.941406 0.708984 0.023438 0.023438
0 0.863281 0.630859 0.035156 0.035156
0 0.871094 0.123047 0.031250 0.031250
0 0.382812 0.371094 0.023438 0.023438
0 0.599609 0.019531 0.035156 0.035156
0 0.130859 0.789062 0.031250 0.031250
0 0.902344 0.095703 0.035156 0.035156
0 0.941406 0.132812 0.035156 0.035156
0 0.169922 0.468750 0.023438 0.023438
0 0.751953 0.648438 0.035156 0.035156
0 0.048828 0.697266 0.031250 0.031250
0 0.150391 0.751953 0.023438 0.023438
0 0.960938 0.066406 0.035156 0.035156
0 0.511719 0.937500 0.031250 0.031250
0 0.214844 0.599609 0.023438 0.023438
0 0.236328 0.707031 0.035156 0.035156
0 0.208984 0.630859 0.023438 0.023438
0 0.675781 0.843750 0.023438 0.023438
0 0.052734 0.585938 0.035156 0.035156
0 0.716797 0.527344 0.027344 0.027344
1 0.183594 0.525391 0.040114 0.021951
1 0.824219 0.916016 0.050167 0.020820
1 0.810547 0.402344 0.012331 0.035355
1 0.488281 0.208984 0.040326 0.049439
1 0.591797 0.267578 0.019408 0.033218
1 0.716797 0.169922 0.018944 0.053852
1 0.771484 0.960938 0.029676 0.033379
1 0.781250 0.875000 0.041711 0.013303
1 0.740234 0.574219 0.044492 0.031689
1 0.960938 0.376953 0.027256 0.030432
1 0.742188 0.324219 0.009766 0.041016
1 0.232422 0.873047 0.033629 0.020826
1 0.740234 0.460938 0.030383 0.030383
1 0.683594 0.876953 0.022782 0.035750
1 0.681641 0.789062 0.018552 0.031226
1 0.445312 0.517578 0.047479 0.046419
1 0.957031 0.064453 0.037760 0.024534
1 0.824219 0.513672 0.046599 0.030761
1 0.494141 0.324219 0.017981 0.036474
1 0.769531 0.308594 0.036000 0.029285