0 0.109375 0.806641 0.027344 0.027344
0 0.949219 0.835938 0.031250 0.031250
0 0.267578 0.794922 0.027344 0.027344
0 0.880859 0.201172 0.031250 0.031250
0 0.023438 0.181641 0.031250 0.031250
0 0.150391 0.138672 0.031250 0.031250
0 0.767578 0.390625 0.027344 0.027344
0 0.658203 0.830078 0.035156 0.035156
0 0.951172 0.632812 0.023438 0.023438
0 0.406250 0.664062 0.031250 0.031250
0 0.478516 0.703125 0.023438 0.023438
0 0.220703 0.878906 0.027344 0.027344
0 0.343750 0.400391 0.023438 0.023438
0 0.556641 0.402344 0.023438 0.023438
0 0.859375 0.494141 0.027344 0.027344
0 0.609375 0.623047 0.027344 0.027344
0 0.601562 0.207031 0.027344 0.027344
0 0.330078 0.546875 0.023438 0.023438
0 0.783203 0.068359 0.027344 0.027344
0 0.802734 0.109375 0.023438 0.023438
0 0.070312 0.382812 0.031250 0.031250
0 0.701172 0.861328 0.031250 0.031250
0 0.556641 0.642578 0.023438 0.023438
0 0.802734 0.441406 0.023438 0.023438
0 0.589844 0.455078 0.031250 0.031250
0 0.533203 0.392578 0.031250 0.031250
0 0.736328 0.537109 0.035156 0.035156
0 0.019531 0.070312 0.023438 0.023438
0 0.388672 0.324219 0.031250 0.031250
0 0.865234 0.398438 0.031250 0.031250
1 0.496094 0.958984 0.027484 0.036839
1 0.341797 0.875000 0.025708 0.044385
1 0.669922 0.921875 0.032907 0.052746
1 0.345703 0.041016 0.054427 0.028493
1 0.589844 0.833984 0.033157 0.018931
1 0.873047 0.169922 0.038180 0.015451
1 0.298828 0.609375 0.032418 0.036121
1 0.671875 0.308594 0.039773 0.037460
1 0.240234 0.761719 0.031308 0.037074
1 0.347656 0.609375 0.014228 0.030207
1 0.554688 0.699219 0.017616 0.030915
1 0.322266 0.867188 0.022846 0.049628
1 0.148438 0.777344 0.024160 0.057825
1 0.347656 0.132812 0.034705 0.031334
1 0.148438 0.750000 0.054918 0.014624
1 0.121094 0.099609 0.016659 0.030565
1 0.875000 0.089844 0.030622 0.015176
1 0.310547 0.402344 0.035906 0.025559
1 0.162109 0.722656 0.052116 0.022842
1 0.656250 0.550781 0.042178 0.040636