0 0.357422 0.691406 0.023438 0.023438
0 0.806641 0.773438 0.031250 0.031250
0 0.804688 0.652344 0.035156 0.035156
0 0.658203 0.292969 0.035156 0.035156
0 0.494141 0.406250 0.035156 0.035156
0 0.878906 0.535156 0.023438 0.023438
0 0.351562 0.714844 0.035156 0.035156
0 0.578125 0.023438 0.031250 0.031250
0 0.927734 0.169922 0.027344 0.027344
0 0.943359 0.326172 0.027344 0.027344
0 0.523438 0.167969 0.027344 0.027344
0 0.306641 0.736328 0.023438 0.023438
0 0.900391 0.529297 0.031250 0.031250
0 0.980469 0.714844 0.035156 0.035156
0 0.320312 0.933594 0.035156 0.035156
0 0.021484 0.773438 0.035156 0.035156
0 0.341797 0.812500 0.027344 0.027344
0 0.845703 0.511719 0.035156 0.035156
0 0.259766 0.947266 0.031250 0.031250
0 0.884766 0.486328 0.031250 0.031250
0 0.197266 0.800781 0.023438 0.023438
0 0.683594 0.292969 0.023438 0.023438
0 0.691406 0.083984 0.027344 0.027344
0 0.466797 0.480469 0.027344 0.027344
0 0.392578 0.019531 0.023438 0.023438
0 0.621094 0.689453 0.035156 0.035156
0 0.224609 0.968750 0.031250 0.031250
0 0.218750 0.794922 0.023438 0.023438
0 0.148438 0.800781 0.031250 0.031250
0 0.968750 0.365234 0.035156 0.035156
1 0.507812 0.634766 0.032461 0.036214
1 0.125000 0.068359 0.036024 0.016091
1 0.259766 0.750000 0.031376 0.046491
1 0.605469 0.771484 0.039961 0.014453
1 0.900391 0.439453 0.037760 0.024534
1 0.236328 0.544922 0.025899 0.057021
1 0.857422 0.781250 0.027190 0.032460
1 0.857422 0.761719 0.048068 0.042583
1 0.457031 0.011719 0.017960 0.033004
1 0.744141 0.287109 0.054476 0.026855
1 0.828125 0.947266 0.030143 0.027544
1 0.939453 0.097656 0.031575 0.034464
1 0.044922 0.216797 0.023002 0.031505
1 0.218750 0.892578 0.025877 0.033333
1 0.742188 0.320312 0.038712 0.035582
1 0.058594 0.230469 0.015800 0.041675
1 0.658203 0.707031 0.050560 0.028831
1 0.873047 0.494141 0.051702 0.020110
1 0.630859 0.923828 0.023169 0.045741
1 0.330078 0.642578 0.017785 0.044043