0 0.210938 0.066406 0.023438 0.023438
0 0.531250 0.916016 0.031250 0.031250
0 0.853516 0.578125 0.035156 0.035156
0 0.210938 0.683594 0.035156 0.035156
0 0.566406 0.207031 0.035156 0.035156
0 0.708984 0.126953 0.031250 0.031250
0 0.802734 0.630859 0.035156 0.035156
0 0.339844 0.455078 0.035156 0.035156
0 0.263672 0.273438 0.031250 0.031250
0 0.375000 0.572266 0.027344 0.027344
0 0.855469 0.029297 0.031250 0.031250
0 0.091797 0.250000 0.035156 0.035156
0 0.554688 0.253906 0.035156 0.035156
0 0.041016 0.509766 0.035156 0.035156
0 0.240234 0.919922 0.031250 0.031250
0 0.402344 0.406250 0.035156 0.035156
0 0.949219 0.626953 0.027344 0.027344
0 0.945312 0.542969 0.023438 0.023438
0 0.892578 0.777344 0.027344 0.027344
0 0.097656 0.353516 0.035156 0.035156
0 0.070312 0.240234 0.027344 0.027344
0 0.746094 0.408203 0.027344 0.027344
0 0.388672 0.203125 0.035156 0.035156
0 0.183594 0.839844 0.023438 0.023438
0 0.744141 0.197266 0.027344 0.027344
0 0.378906 0.287109 0.023438 0.023438
0 0.496094 0.177734 0.031250 0.031250
0 0.580078 0.443359 0.023438 0.023438
0 0.705078 0.041016 0.027344 0.027344
0 0.542969 0.941406 0.031250 0.031250
1 0.140625 0.433594 0.038230 0.039098
1 0.195312 0.087891 0.032206 0.022867
1 0.644531 0.611328 0.013075 0.039448
1 0.066406 0.814453 0.049666 0.043889
1 0.208984 0.697266 0.036192 0.035613
1 0.453125 0.871094 0.051453 0.035236
1 0.921875 0.050781 0.020225 0.044578
1 0.281250 0.943359 0.034444 0.021493
1 0.708984 0.841797 0.047199 0.049416
1 0.289062 0.343750 0.031938 0.049024
1 0.763672 0.048828 0.035861 0.047221
1 0.089844 0.277344 0.035685 0.022294
1 0.630859 0.263672 0.037057 0.022009
1 0.408203 0.011719 0.038797 0.024767
1 0.568359 0.949219 0.030361 0.014717
1 0.853516 0.882812 0.036227 0.049896
1 0.767578 0.300781 0.030090 0.030668
1 0.218750 0.212891 0.031367 0.019011
1 0.580078 0.152344 0.045006 0.053463
1 0.892578 0.287109 0.049718 0.049718