0 0.457031 0.925781 0.027344 0.027344
0 0.962891 0.892578 0.031250 0.031250
0 0.337891 0.236328 0.031250 0.031250
0 0.658203 0.291016 0.031250 0.031250
0 0.244141 0.152344 0.035156 0.035156
0 0.371094 0.201172 0.027344 0.027344
0 0.869141 0.908203 0.031250 0.031250
0 0.107422 0.937500 0.027344 0.027344
0 0.388672 0.861328 0.031250 0.031250
0 0.574219 0.912109 0.031250 0.031250
0 0.574219 0.792969 0.035156 0.035156
0 0.955078 0.582031 0.027344 0.027344
0 0.214844 0.119141 0.035156 0.035156
0 0.263672 0.460938 0.031250 0.031250
0 0.195312 0.591797 0.031250 0.031250
0 0.738281 0.722656 0.031250 0.031250
0 0.218750 0.976562 0.027344 0.027344
0 0.917969 0.580078 0.023438 0.023438
0 0.615234 0.589844 0.031250 0.031250
0 0.423828 0.156250 0.031250 0.031250
0 0.611328 0.832031 0.031250 0.031250
0 0.349609 0.070312 0.035156 0.035156
0 0.658203 0.353516 0.031250 0.031250
0 0.892578 0.216797 0.031250 0.031250
0 0.636719 0.664062 0.035156 0.035156
0 0.646484 0.158203 0.023438 0.023438
0 0.615234 0.306641 0.035156 0.035156
0 0.937500 0.283203 0.023438 0.023438
0 0.777344 0.087891 0.031250 0.031250
0 0.880859 0.853516 0.027344 0.027344
1 0.162109 0.775391 0.037044 0.023036
1 0.195312 0.714844 0.025009 0.039539
1 0.568359 0.703125 0.055153 0.025328
1 0.343750 0.544922 0.052084 0.024463
1 0.601562 0.808594 0.045943 0.017535
1 0.451172 0.367188 0.033157 0.018931
1 0.394531 0.173828 0.042951 0.029725
1 0.880859 0.732422 0.039547 0.045610
1 0.150391 0.468750 0.041865 0.029062
1 0.687500 0.144531 0.022622 0.031530
1 0.628906 0.238281 0.044353 0.053859
1 0.560547 0.804688 0.015436 0.051227
1 0.367188 0.929688 0.034043 0.039809
1 0.669922 0.775391 0.023216 0.040772
1 0.621094 0.113281 0.023924 0.039485
1 0.072266 0.781250 0.046930 0.024833
1 0.109375 0.281250 0.013303 0.041711
1 0.490234 0.439453 0.033953 0.055682
1 0.875000 0.136719 0.019230 0.035073
1 0.056641 0.279297 0.022566 0.043883