0 0.244141 0.576172 0.031250 0.031250
0 0.523438 0.087891 0.035156 0.035156
0 0.939453 0.458984 0.031250 0.031250
0 0.250000 0.205078 0.031250 0.031250
0 0.798828 0.876953 0.035156 0.035156
0 0.830078 0.402344 0.027344 0.027344
0 0.523438 0.386719 0.031250 0.031250
0 0.595703 0.740234 0.031250 0.031250
0 0.312500 0.822266 0.031250 0.031250
0 0.023438 0.779297 0.023438 0.023438
0 0.769531 0.812500 0.035156 0.035156
0 0.738281 0.283203 0.031250 0.031250
0 0.841797 0.935547 0.023438 0.023438
0 0.353516 0.705078 0.035156 0.035156
0 0.611328 0.134766 0.027344 0.027344
0 0.839844 0.517578 0.027344 0.027344
0 0.607422 0.537109 0.027344 0.027344
0 0.597656 0.593750 0.027344 0.027344
0 0.152344 0.753906 0.023438 0.023438
0 0.353516 0.521484 0.031250 0.031250
0 0.554688 0.259766 0.031250 0.031250
0 0.335938 0.900391 0.023438 0.023438
0 0.265625 0.541016 0.031250 0.031250
0 0.533203 0.832031 0.035156 0.035156
0 0.640625 0.333984 0.023438 0.023438
0 0.476562 0.398438 0.027344 0.027344
0 0.201172 0.666016 0.031250 0.031250
0 0.769531 0.906250 0.031250 0.031250
0 0.853516 0.429688 0.035156 0.035156
0 0.970703 0.263672 0.027344 0.027344
1 0.203125 0.621094 0.026050 0.040536
1 0.609375 0.609375 0.021485 0.037046
1 0.316406 0.496094 0.033954 0.028957
1 0.662109 0.425781 0.036328 0.057112
1 0.791016 0.970703 0.050121 0.025483
1 0.675781 0.750000 0.038902 0.021494
1 0.232422 0.349609 0.051712 0.019276
1 0.937500 0.263672 0.052639 0.042567
1 0.281250 0.878906 0.039638 0.034021
1 0.826172 0.695312 0.039587 0.040503
1 0.439453 0.355469 0.033750 0.028997
1 0.490234 0.955078 0.043151 0.028041
1 0.058594 0.951172 0.048357 0.042294
1 0.728516 0.027344 0.038372 0.019037
1 0.316406 0.142578 0.057320 0.015641
1 0.417969 0.134766 0.028733 0.029263
1 0.750000 0.548828 0.030132 0.035514
1 0.318359 0.255859 0.040479 0.036437
1 0.744141 0.527344 0.035946 0.038450
1 0.189453 0.541016 0.035531 0.050232