0 0.230469 0.115234 0.027344 0.027344
0 0.687500 0.626953 0.027344 0.027344
0 0.345703 0.037109 0.035156 0.035156
0 0.964844 0.171875 0.027344 0.027344
0 0.289062 0.015625 0.031250 0.031250
0 0.570312 0.832031 0.027344 0.027344
0 0.626953 0.523438 0.031250 0.031250
0 0.076172 0.357422 0.035156 0.035156
0 0.859375 0.339844 0.023438 0.023438
0 0.478516 0.468750 0.027344 0.027344
0 0.804688 0.835938 0.027344 0.027344
0 0.216797 0.197266 0.023438 0.023438
0 0.865234 0.777344 0.031250 0.031250
0 0.138672 0.744141 0.035156 0.035156
0 0.912109 0.814453 0.035156 0.035156
0 0.492188 0.230469 0.023438 0.023438
0 0.789062 0.847656 0.023438 0.023438
0 0.417969 0.671875 0.031250 0.031250
0 0.431641 0.886719 0.027344 0.027344
0 0.064453 0.388672 0.035156 0.035156
0 0.060547 0.302734 0.035156 0.035156
0 0.279297 0.732422 0.023438 0.023438
0 0.582031 0.470703 0.027344 0.027344
0 0.238281 0.212891 0.023438 0.023438
0 0.068359 0.822266 0.023438 0.023438
0 0.398438 0.320312 0.023438 0.023438
0 0.541016 0.169922 0.027344 0.027344
0 0.539062 0.613281 0.027344 0.027344
0 0.650391 0.267578 0.031250 0.031250
0 0.519531 0.531250 0.031250 0.031250
1 0.882812 0.113281 0.026591 0.028517
1 0.392578 0.927734 0.040585 0.018975
1 0.443359 0.289062 0.026063 0.058264
1 0.716797 0.257812 0.037660 0.023867
1 0.484375 0.583984 0.041687 0.024419
1 0.085938 0.054688 0.024146 0.029889
1 0.298828 0.367188 0.045385 0.050922
1 0.699219 0.666016 0.049891 0.027712
1 0.705078 0.882812 0.019408 0.032727
1 0.332031 0.126953 0.019313 0.055817
1 0.455078 0.669922 0.028078 0.050742
1 0.091797 0.269531 0.032683 0.017378
1 0.466797 0.685547 0.026968 0.058266
1 0.898438 0.126953 0.022009 0.037057
1 0.841797 0.753906 0.033364 0.022572
1 0.193359 0.896484 0.057901 0.032220
1 0.808594 0.416016 0.018330 0.040438
1 0.232422 0.972656 0.048828 0.026063
1 0.218750 0.066406 0.035610 0.021800
1 0.578125 0.878906 0.023371 0.039440