0 0.179688 0.771484 0.027344 0.027344
0 0.101562 0.892578 0.023438 0.023438
0 0.732422 0.367188 0.027344 0.027344
0 0.173828 0.687500 0.023438 0.023438
0 0.222656 0.859375 0.027344 0.027344
0 0.099609 0.701172 0.035156 0.035156
0 0.640625 0.457031 0.027344 0.027344
0 0.269531 0.617188 0.031250 0.031250
0 0.552734 0.441406 0.027344 0.027344
0 0.417969 0.644531 0.027344 0.027344
0 0.052734 0.753906 0.031250 0.031250
0 0.349609 0.410156 0.023438 0.023438
0 0.035156 0.847656 0.035156 0.035156
0 0.677734 0.716797 0.023438 0.023438
0 0.076172 0.265625 0.031250 0.031250
0 0.923828 0.814453 0.027344 0.027344
0 0.310547 0.443359 0.031250 0.031250
0 0.800781 0.130859 0.035156 0.035156
0 0.273438 0.214844 0.023438 0.023438
0 0.875000 0.798828 0.035156 0.035156
0 0.505859 0.287109 0.035156 0.035156
0 0.253906 0.677734 0.035156 0.035156
0 0.253906 0.119141 0.035156 0.035156
0 0.257812 0.703125 0.027344 0.027344
0 0.347656 0.078125 0.023438 0.023438
0 0.304688 0.384766 0.035156 0.035156
0 0.705078 0.041016 0.023438 0.023438
0 0.978516 0.210938 0.035156 0.035156
0 0.763672 0.396484 0.031250 0.031250
0 0.945312 0.800781 0.023438 0.023438
1 0.562500 0.767578 0.028212 0.046889
1 0.710938 0.539062 0.053612 0.020516
1 0.941406 0.128906 0.032483 0.038634
1 0.507812 0.738281 0.043234 0.050164
1 0.814453 0.585938 0.033363 0.021254
1 0.798828 0.308594 0.028644 0.033920
1 0.537109 0.847656 0.051112 0.041886
1 0.087891 0.021484 0.014658 0.056871
1 0.724609 0.152344 0.057836 0.022311
1 0.925781 0.523438 0.031765 0.031765
1 0.099609 0.947266 0.033315 0.023416
1 0.599609 0.291016 0.051578 0.022576
1 0.253906 0.025391 0.038716 0.031259
1 0.205078 0.439453 0.036006 0.045599
1 0.169922 0.619141 0.027388 0.042236
1 0.562500 0.904297 0.028811 0.031503
1 0.689453 0.076172 0.035045 0.024653
1 0.902344 0.845703 0.024252 0.039773
1 0.792969 0.232422 0.028137 0.032177
1 0.125000 0.810547 0.050213 0.023183