0 0.201172 0.435547 0.023438 0.023438
0 0.748047 0.390625 0.031250 0.031250
0 0.560547 0.074219 0.031250 0.031250
0 0.824219 0.898438 0.027344 0.027344
0 0.507812 0.960938 0.031250 0.031250
0 0.378906 0.054688 0.027344 0.027344
0 0.070312 0.148438 0.031250 0.031250
0 0.837891 0.751953 0.031250 0.031250
0 0.351562 0.324219 0.035156 0.035156
0 0.394531 0.337891 0.023438 0.023438
0 0.761719 0.433594 0.027344 0.027344
0 0.193359 0.363281 0.023438 0.023438
0 0.777344 0.710938 0.031250 0.031250
0 0.576172 0.289062 0.027344 0.027344
0 0.328125 0.646484 0.031250 0.031250
0 0.519531 0.566406 0.035156 0.035156
0 0.935547 0.394531 0.027344 0.027344
0 0.062500 0.753906 0.027344 0.027344
0 0.621094 0.455078 0.027344 0.027344
0 0.537109 0.771484 0.035156 0.035156
0 0.593750 0.771484 0.023438 0.023438
0 0.460938 0.845703 0.023438 0.023438
0 0.929688 0.876953 0.027344 0.027344
0 0.179688 0.767578 0.027344 0.027344
0 0.494141 0.193359 0.027344 0.027344
0 0.437500 0.486328 0.023438 0.023438
0 0.583984 0.210938 0.023438 0.023438
0 0.441406 0.410156 0.035156 0.035156
0 0.439453 0.072266 0.023438 0.023438
0 0.041016 0.685547 0.023438 0.023438
1 0.265625 0.779297 0.031259 0.038716
1 0.804688 0.671875 0.027338 0.034803
1 0.210938 0.656250 0.055279 0.041609
1 0.535156 0.117188 0.035399 0.045341
1 0.900391 0.832031 0.015643 0.030687
1 0.800781 0.884766 0.017045 0.049663
1 0.527344 0.716797 0.032711 0.026498
1 0.615234 0.826172 0.022308 0.047751
1 0.197266 0.423828 0.013977 0.036084
1 0.771484 0.775391 0.015651 0.043910
1 0.730469 0.324219 0.053612 0.020516
1 0.195312 0.933594 0.034886 0.043999
1 0.210938 0.863281 0.047072 0.012535
1 0.068359 0.380859 0.030870 0.019197
1 0.927734 0.775391 0.035564 0.033395
1 0.945312 0.316406 0.035483 0.025585
1 0.343750 0.685547 0.053121 0.031392
1 0.457031 0.361328 0.038322 0.036154
1 0.908203 0.160156 0.013303 0.041711
1 0.878906 0.484375 0.032998 0.035888