0 0.212891 0.185547 0.023438 0.023438
0 0.554688 0.492188 0.023438 0.023438
0 0.316406 0.884766 0.035156 0.035156
0 0.556641 0.468750 0.027344 0.027344
0 0.363281 0.019531 0.031250 0.031250
0 0.140625 0.474609 0.031250 0.031250
0 0.376953 0.957031 0.035156 0.035156
0 0.208984 0.708984 0.035156 0.035156
0 0.042969 0.722656 0.035156 0.035156
0 0.503906 0.892578 0.035156 0.035156
0 0.623047 0.390625 0.035156 0.035156
0 0.751953 0.617188 0.031250 0.031250
0 0.750000 0.832031 0.031250 0.031250
0 0.095703 0.214844 0.035156 0.035156
0 0.671875 0.406250 0.035156 0.035156
0 0.886719 0.908203 0.035156 0.035156
0 0.257812 0.597656 0.023438 0.023438
0 0.056641 0.648438 0.035156 0.035156
0 0.843750 0.933594 0.031250 0.031250
0 0.460938 0.605469 0.035156 0.035156
0 0.531250 0.820312 0.027344 0.027344
0 0.251953 0.792969 0.027344 0.027344
0 0.603516 0.236328 0.035156 0.035156
0 0.052734 0.158203 0.027344 0.027344
0 0.164062 0.605469 0.031250 0.031250
0 0.306641 0.402344 0.035156 0.035156
0 0.968750 0.648438 0.023438 0.023438
0 0.851562 0.267578 0.027344 0.027344
0 0.548828 0.460938 0.031250 0.031250
0 0.208984 0.886719 0.027344 0.027344
1 0.314453 0.398438 0.036009 0.038466
1 0.705078 0.070312 0.025430 0.029275
1 0.726562 0.046875 0.044811 0.037033
1 0.292969 0.021484 0.039958 0.030017
1 0.890625 0.449219 0.053769 0.018058
1 0.945312 0.537109 0.020874 0.040954
1 0.271484 0.376953 0.025826 0.032286
1 0.242188 0.523438 0.026935 0.030638
1 0.324219 0.283203 0.041075 0.035689
1 0.466797 0.875000 0.039773 0.024252
1 0.488281 0.593750 0.045777 0.015167
1 0.400391 0.466797 0.028281 0.031738
1 0.695312 0.925781 0.031499 0.019464
1 0.101562 0.583984 0.048622 0.022365
1 0.083984 0.513672 0.024745 0.052555
1 0.609375 0.890625 0.040051 0.040051
1 0.642578 0.472656 0.031977 0.031543
1 0.464844 0.162109 0.018907 0.048131
1 0.658203 0.136719 0.041137 0.022109
1 0.755859 0.662109 0.037996 0.033284