0 0.714844 0.388672 0.031250 0.031250
0 0.076172 0.128906 0.035156 0.035156
0 0.351562 0.474609 0.023438 0.023438
0 0.607422 0.099609 0.027344 0.027344
0 0.875000 0.474609 0.035156 0.035156
0 0.431641 0.806641 0.031250 0.031250
0 0.798828 0.763672 0.031250 0.031250
0 0.677734 0.898438 0.035156 0.035156
0 0.511719 0.697266 0.027344 0.027344
0 0.771484 0.488281 0.023438 0.023438
0 0.277344 0.216797 0.035156 0.035156
0 0.041016 0.609375 0.031250 0.031250
0 0.835938 0.835938 0.035156 0.035156
0 0.976562 0.910156 0.031250 0.031250
0 0.150391 0.105469 0.027344 0.027344
0 0.398438 0.718750 0.035156 0.035156
0 0.257812 0.457031 0.035156 0.035156
0 0.564453 0.787109 0.035156 0.035156
0 0.689453 0.646484 0.031250 0.031250
0 0.052734 0.394531 0.027344 0.027344
0 0.910156 0.376953 0.027344 0.027344
0 0.232422 0.863281 0.023438 0.023438
0 0.552734 0.236328 0.035156 0.035156
0 0.394531 0.458984 0.035156 0.035156
0 0.126953 0.037109 0.035156 0.035156
0 0.664062 0.761719 0.035156 0.035156
0 0.191406 0.976562 0.035156 0.035156
0 0.445312 0.767578 0.027344 0.027344
0 0.437500 0.117188 0.027344 0.027344
0 0.318359 0.347656 0.027344 0.027344
1 0.513672 0.902344 0.034511 0.016226
1 0.173828 0.691406 0.037954 0.044104
1 0.882812 0.546875 0.050692 0.027350
1 0.769531 0.248047 0.037954 0.044104
1 0.476562 0.402344 0.050130 0.019521
1 0.380859 0.832031 0.037599 0.030405
1 0.517578 0.376953 0.044690 0.020926
1 0.736328 0.730469 0.038914 0.022613
1 0.066406 0.761719 0.043657 0.044718
1 0.626953 0.724609 0.047424 0.014156
1 0.136719 0.427734 0.052084 0.024463
1 0.724609 0.343750 0.045513 0.030225
1 0.162109 0.373047 0.014279 0.037836
1 0.072266 0.871094 0.018892 0.045971
1 0.283203 0.550781 0.045967 0.019621
1 0.824219 0.654297 0.027305 0.046964
1 0.615234 0.763672 0.012330 0.037700
1 0.462891 0.791016 0.048654 0.037469
1 0.193359 0.394531 0.057720 0.019488
1 0.316406 0.500000 0.058093 0.030506