0 0.189453 0.755859 0.023438 0.023438
0 0.652344 0.865234 0.035156 0.035156
0 0.667969 0.226562 0.027344 0.027344
0 0.822266 0.935547 0.023438 0.023438
0 0.121094 0.958984 0.031250 0.031250
0 0.666016 0.570312 0.031250 0.031250
0 0.968750 0.906250 0.031250 0.031250
0 0.740234 0.337891 0.031250 0.031250
0 0.896484 0.046875 0.027344 0.027344
0 0.746094 0.058594 0.035156 0.035156
0 0.412109 0.927734 0.035156 0.035156
0 0.496094 0.906250 0.023438 0.023438
0 0.345703 0.035156 0.023438 0.023438
0 0.572266 0.636719 0.023438 0.023438
0 0.076172 0.330078 0.027344 0.027344
0 0.429688 0.183594 0.031250 0.031250
0 0.859375 0.289062 0.031250 0.031250
0 0.421875 0.656250 0.027344 0.027344
0 0.306641 0.718750 0.027344 0.027344
0 0.515625 0.968750 0.027344 0.027344
0 0.417969 0.939453 0.027344 0.027344
0 0.220703 0.603516 0.027344 0.027344
0 0.039062 0.357422 0.027344 0.027344
0 0.865234 0.486328 0.035156 0.035156
0 0.175781 0.898438 0.023438 0.023438
0 0.470703 0.429688 0.023438 0.023438
0 0.183594 0.443359 0.027344 0.027344
0 0.177734 0.277344 0.031250 0.031250
0 0.376953 0.181641 0.031250 0.031250
0 0.103516 0.742188 0.023438 0.023438
1 0.582031 0.361328 0.031556 0.048383
1 0.626953 0.677734 0.040782 0.022627
1 0.871094 0.480469 0.051780 0.018046
1 0.851562 0.974609 0.031081 0.043263
1 0.341797 0.060547 0.039199 0.034823
1 0.947266 0.804688 0.030668 0.030090
1 0.238281 0.660156 0.036486 0.018532
1 0.031250 0.417969 0.031530 0.022622
1 0.498047 0.289062 0.023525 0.050604
1 0.517578 0.107422 0.053788 0.036021
1 0.070312 0.732422 0.032656 0.042993
1 0.894531 0.769531 0.041355 0.031593
1 0.373047 0.958984 0.024376 0.049456
1 0.609375 0.820312 0.018128 0.048050
1 0.861328 0.548828 0.020922 0.055523
1 0.123047 0.232422 0.034074 0.023963
1 0.201172 0.773438 0.023371 0.039440
1 0.087891 0.345703 0.023333 0.034124
1 0.386719 0.873047 0.047805 0.021565
1 0.408203 0.550781 0.046674 0.041378