0 0.199219 0.039062 0.027344 0.027344
0 0.603516 0.707031 0.023438 0.023438
0 0.445312 0.794922 0.035156 0.035156
0 0.478516 0.593750 0.023438 0.023438
0 0.050781 0.884766 0.035156 0.035156
0 0.144531 0.187500 0.023438 0.023438
0 0.781250 0.236328 0.031250 0.031250
0 0.751953 0.828125 0.035156 0.035156
0 0.439453 0.904297 0.031250 0.031250
0 0.484375 0.810547 0.035156 0.035156
0 0.351562 0.812500 0.023438 0.023438
0 0.121094 0.371094 0.023438 0.023438
0 0.828125 0.570312 0.035156 0.035156
0 0.421875 0.093750 0.035156 0.035156
0 0.480469 0.724609 0.027344 0.027344
0 0.646484 0.851562 0.031250 0.031250
0 0.601562 0.185547 0.023438 0.023438
0 0.578125 0.320312 0.035156 0.035156
0 0.417969 0.302734 0.023438 0.023438
0 0.324219 0.404297 0.023438 0.023438
0 0.369141 0.078125 0.035156 0.035156
0 0.621094 0.191406 0.023438 0.023438
0 0.027344 0.750000 0.027344 0.027344
0 0.318359 0.515625 0.031250 0.031250
0 0.478516 0.933594 0.031250 0.031250
0 0.152344 0.714844 0.027344 0.027344
0 0.263672 0.910156 0.031250 0.031250
0 0.623047 0.312500 0.035156 0.035156
0 0.189453 0.058594 0.023438 0.023438
0 0.378906 0.613281 0.031250 0.031250
1 0.710938 0.630859 0.032803 0.033478
1 0.615234 0.828125 0.052565 0.035054
1 0.578125 0.951172 0.039785 0.014415
1 0.742188 0.726562 0.041080 0.038912
1 0.066406 0.632812 0.041318 0.023909
1 0.937500 0.859375 0.035502 0.028820
1 0.189453 0.164062 0.012637 0.052931
1 0.828125 0.498047 0.057320 0.015641
1 0.066406 0.869141 0.031640 0.012802
1 0.832031 0.982422 0.033071 0.035719
1 0.300781 0.871094 0.045006 0.053463
1 0.773438 0.626953 0.045371 0.012103
1 0.728516 0.929688 0.045478 0.031895
1 0.830078 0.306641 0.033318 0.029429
1 0.337891 0.472656 0.030236 0.048583
1 0.269531 0.378906 0.026063 0.039544
1 0.218750 0.175781 0.032484 0.038240
1 0.759766 0.232422 0.017674 0.040239
1 0.085938 0.730469 0.054884 0.012671
1 0.189453 0.650391 0.031124 0.044613