0 0.896484 0.734375 0.023438 0.023438
0 0.726562 0.312500 0.035156 0.035156
0 0.099609 0.392578 0.027344 0.027344
0 0.349609 0.322266 0.035156 0.035156
0 0.376953 0.521484 0.035156 0.035156
0 0.255859 0.339844 0.035156 0.035156
0 0.814453 0.351562 0.035156 0.035156
0 0.650391 0.253906 0.031250 0.031250
0 0.226562 0.048828 0.035156 0.035156
0 0.050781 0.490234 0.027344 0.027344
0 0.912109 0.384766 0.035156 0.035156
0 0.828125 0.800781 0.035156 0.035156
0 0.859375 0.941406 0.027344 0.027344
0 0.234375 0.113281 0.027344 0.027344
0 0.039062 0.568359 0.027344 0.027344
0 0.203125 0.644531 0.031250 0.031250
0 0.257812 0.529297 0.027344 0.027344
0 0.876953 0.121094 0.027344 0.027344
0 0.908203 0.828125 0.027344 0.027344
0 0.814453 0.896484 0.023438 0.023438
0 0.267578 0.414062 0.027344 0.027344
0 0.208984 0.253906 0.027344 0.027344
0 0.513672 0.039062 0.031250 0.031250
0 0.744141 0.421875 0.027344 0.027344
0 0.066406 0.470703 0.027344 0.027344
0 0.511719 0.152344 0.035156 0.035156
0 0.810547 0.898438 0.035156 0.035156
0 0.904297 0.744141 0.027344 0.027344
0 0.158203 0.613281 0.035156 0.035156
0 0.140625 0.316406 0.027344 0.027344
1 0.949219 0.480469 0.030994 0.036791
1 0.771484 0.460938 0.038844 0.024239
1 0.646484 0.296875 0.013075 0.039448
1 0.203125 0.830078 0.025127 0.035626
1 0.117188 0.191406 0.038634 0.032483
1 0.103516 0.433594 0.042119 0.020693
1 0.738281 0.013672 0.042596 0.024434
1 0.035156 0.599609 0.035758 0.024662
1 0.777344 0.914062 0.033724 0.021294
1 0.529297 0.349609 0.036493 0.047560
1 0.308594 0.433594 0.010684 0.052897
1 0.855469 0.800781 0.033783 0.035229
1 0.550781 0.343750 0.048338 0.045446
1 0.287109 0.439453 0.040051 0.040051
1 0.648438 0.251953 0.038065 0.022956
1 0.519531 0.960938 0.016967 0.032810
1 0.255859 0.484375 0.031837 0.020789
1 0.585938 0.619141 0.024093 0.057238
1 0.414062 0.451172 0.033968 0.032233
1 0.361328 0.865234 0.033146 0.033146