0 0.394531 0.064453 0.031250 0.031250
0 0.302734 0.037109 0.027344 0.027344
0 0.865234 0.623047 0.023438 0.023438
0 0.228516 0.369141 0.027344 0.027344
0 0.681641 0.628906 0.031250 0.031250
0 0.375000 0.972656 0.027344 0.027344
0 0.476562 0.250000 0.023438 0.023438
0 0.548828 0.839844 0.027344 0.027344
0 0.714844 0.943359 0.035156 0.035156
0 0.162109 0.263672 0.023438 0.023438
0 0.269531 0.181641 0.023438 0.023438
0 0.507812 0.537109 0.035156 0.035156
0 0.962891 0.089844 0.027344 0.027344
0 0.746094 0.937500 0.035156 0.035156
0 0.216797 0.457031 0.035156 0.035156
0 0.433594 0.162109 0.031250 0.031250
0 0.062500 0.369141 0.027344 0.027344
0 0.169922 0.861328 0.035156 0.035156
0 0.263672 0.888672 0.035156 0.035156
0 0.748047 0.519531 0.031250 0.031250
0 0.125000 0.541016 0.023438 0.023438
0 0.929688 0.941406 0.027344 0.027344
0 0.861328 0.128906 0.031250 0.031250
0 0.205078 0.279297 0.027344 0.027344
0 0.132812 0.556641 0.031250 0.031250
0 0.652344 0.523438 0.027344 0.027344
0 0.021484 0.919922 0.027344 0.027344
0 0.531250 0.263672 0.027344 0.027344
0 0.582031 0.636719 0.035156 0.035156
0 0.218750 0.095703 0.035156 0.035156
1 0.943359 0.341797 0.021963 0.034379
1 0.542969 0.785156 0.037456 0.034086
1 0.869141 0.285156 0.036227 0.049896
1 0.796875 0.558594 0.020837 0.030736
1 0.250000 0.738281 0.028550 0.031625
1 0.902344 0.728516 0.028795 0.042524
1 0.355469 0.494141 0.035613 0.036192
1 0.750000 0.212891 0.046290 0.025705
1 0.281250 0.042969 0.037262 0.051553
1 0.843750 0.154297 0.036254 0.049122
1 0.908203 0.542969 0.029594 0.052358
1 0.091797 0.466797 0.046609 0.049934
1 0.925781 0.818359 0.040168 0.021359
1 0.193359 0.339844 0.036321 0.021716
1 0.830078 0.019531 0.032698 0.016463
1 0.695312 0.351562 0.055892 0.021037
1 0.460938 0.267578 0.052505 0.038207
1 0.492188 0.410156 0.038343 0.020189
1 0.189453 0.558594 0.054459 0.038471
1 0.833984 0.802734 0.041251 0.053311