0 0.664062 0.482422 0.023438 0.023438
0 0.919922 0.146484 0.023438 0.023438
0 0.525391 0.914062 0.035156 0.035156
0 0.888672 0.138672 0.023438 0.023438
0 0.462891 0.791016 0.035156 0.035156
0 0.033203 0.236328 0.031250 0.031250
0 0.095703 0.486328 0.031250 0.031250
0 0.484375 0.615234 0.023438 0.023438
0 0.746094 0.718750 0.035156 0.035156
0 0.394531 0.494141 0.031250 0.031250
0 0.408203 0.896484 0.031250 0.031250
0 0.654297 0.656250 0.023438 0.023438
0 0.943359 0.578125 0.031250 0.031250
0 0.548828 0.746094 0.031250 0.031250
0 0.609375 0.558594 0.035156 0.035156
0 0.189453 0.136719 0.027344 0.027344
0 0.660156 0.066406 0.023438 0.023438
0 0.869141 0.929688 0.031250 0.031250
0 0.347656 0.285156 0.023438 0.023438
0 0.914062 0.951172 0.023438 0.023438
0 0.382812 0.929688 0.023438 0.023438
0 0.970703 0.757812 0.027344 0.027344
0 0.703125 0.916016 0.031250 0.031250
0 0.775391 0.625000 0.027344 0.027344
0 0.710938 0.572266 0.031250 0.031250
0 0.583984 0.542969 0.035156 0.035156
0 0.398438 0.417969 0.031250 0.031250
0 0.972656 0.095703 0.023438 0.023438
0 0.359375 0.982422 0.031250 0.031250
0 0.537109 0.580078 0.035156 0.035156
1 0.392578 0.210938 0.032656 0.042993
1 0.183594 0.199219 0.034305 0.042083
1 0.472656 0.466797 0.027989 0.038712
1 0.542969 0.775391 0.043133 0.010514
1 0.437500 0.583984 0.016769 0.034628
1 0.464844 0.371094 0.039731 0.049745
1 0.794922 0.689453 0.036838 0.040208
1 0.388672 0.365234 0.050060 0.019213
1 0.527344 0.365234 0.019543 0.040259
1 0.351562 0.468750 0.014667 0.057176
1 0.121094 0.531250 0.057176 0.014667
1 0.816406 0.324219 0.045154 0.014454
1 0.359375 0.101562 0.027781 0.032394
1 0.722656 0.117188 0.029493 0.039184
1 0.779297 0.398438 0.032890 0.030291
1 0.253906 0.390625 0.030887 0.016628
1 0.847656 0.273438 0.025088 0.034980
1 0.910156 0.330078 0.036940 0.024524
1 0.712891 0.015625 0.018534 0.057647
1 0.732422 0.525391 0.052894 0.027213