0 0.597656 0.447266 0.031250 0.031250
0 0.675781 0.548828 0.027344 0.027344
0 0.695312 0.136719 0.023438 0.023438
0 0.755859 0.136719 0.035156 0.035156
0 0.310547 0.144531 0.027344 0.027344
0 0.130859 0.552734 0.027344 0.027344
0 0.673828 0.648438 0.023438 0.023438
0 0.984375 0.187500 0.027344 0.027344
0 0.757812 0.189453 0.027344 0.027344
0 0.621094 0.025391 0.031250 0.031250
0 0.814453 0.521484 0.035156 0.035156
0 0.046875 0.675781 0.027344 0.027344
0 0.480469 0.615234 0.027344 0.027344
0 0.607422 0.751953 0.027344 0.027344
0 0.140625 0.443359 0.031250 0.031250
0 0.035156 0.564453 0.035156 0.035156
0 0.769531 0.876953 0.031250 0.031250
0 0.351562 0.289062 0.027344 0.027344
0 0.355469 0.878906 0.027344 0.027344
0 0.814453 0.195312 0.027344 0.027344
0 0.841797 0.617188 0.031250 0.031250
0 0.945312 0.718750 0.035156 0.035156
0 0.878906 0.333984 0.027344 0.027344
0 0.064453 0.781250 0.031250 0.031250
0 0.687500 0.697266 0.031250 0.031250
0 0.220703 0.345703 0.031250 0.031250
0 0.712891 0.626953 0.027344 0.027344
0 0.306641 0.554688 0.035156 0.035156
0 0.595703 0.675781 0.027344 0.027344
0 0.519531 0.564453 0.023438 0.023438
1 0.607422 0.521484 0.032445 0.015440
1 0.191406 0.742188 0.021231 0.043996
1 0.865234 0.681641 0.055483 0.021817
1 0.648438 0.355469 0.031148 0.025134
1 0.718750 0.984375 0.009766 0.031250
1 0.232422 0.580078 0.021604 0.048537
1 0.830078 0.384766 0.041733 0.014551
1 0.781250 0.810547 0.020235 0.055946
1 0.193359 0.568359 0.043040 0.022548
1 0.435547 0.970703 0.041369 0.038623
1 0.281250 0.164062 0.038079 0.029465
1 0.601562 0.681641 0.049718 0.049718
1 0.117188 0.511719 0.026877 0.057677
1 0.498047 0.638672 0.047840 0.039206
1 0.625000 0.869141 0.032086 0.038410
1 0.810547 0.839844 0.016978 0.047826
1 0.419922 0.087891 0.034208 0.034835
1 0.701172 0.466797 0.028795 0.042524
1 0.109375 0.376953 0.015224 0.053466
1 0.052734 0.179688 0.022888 0.032277