0 0.130859 0.328125 0.035156 0.035156
0 0.916016 0.703125 0.035156 0.035156
0 0.843750 0.763672 0.031250 0.031250
0 0.052734 0.621094 0.023438 0.023438
0 0.425781 0.460938 0.031250 0.031250
0 0.730469 0.490234 0.035156 0.035156
0 0.470703 0.681641 0.027344 0.027344
0 0.919922 0.638672 0.027344 0.027344
0 0.222656 0.158203 0.031250 0.031250
0 0.304688 0.302734 0.035156 0.035156
0 0.277344 0.160156 0.023438 0.023438
0 0.552734 0.964844 0.035156 0.035156
0 0.720703 0.572266 0.023438 0.023438
0 0.220703 0.728516 0.023438 0.023438
0 0.302734 0.359375 0.031250 0.031250
0 0.691406 0.806641 0.031250 0.031250
0 0.890625 0.845703 0.023438 0.023438
0 0.478516 0.869141 0.031250 0.031250
0 0.720703 0.425781 0.023438 0.023438
0 0.906250 0.203125 0.035156 0.035156
0 0.273438 0.509766 0.035156 0.035156
0 0.398438 0.705078 0.035156 0.035156
0 0.664062 0.019531 0.027344 0.027344
0 0.205078 0.164062 0.027344 0.027344
0 0.302734 0.914062 0.023438 0.023438
0 0.652344 0.304688 0.031250 0.031250
0 0.796875 0.542969 0.035156 0.035156
0 0.835938 0.798828 0.027344 0.027344
0 0.914062 0.449219 0.023438 0.023438
0 0.025391 0.537109 0.035156 0.035156
1 0.736328 0.755859 0.025799 0.038668
1 0.685547 0.431641 0.057617 0.018556
1 0.636719 0.652344 0.031367 0.019011
1 0.496094 0.335938 0.052108 0.023656
1 0.685547 0.916016 0.012058 0.033803
1 0.603516 0.482422 0.033164 0.024629
1 0.810547 0.503906 0.017785 0.044043
1 0.804688 0.478516 0.016758 0.049786
1 0.558594 0.521484 0.024516 0.043614
1 0.656250 0.904297 0.031930 0.021218
1 0.742188 0.761719 0.053856 0.026625
1 0.597656 0.986328 0.031055 0.025463
1 0.916016 0.292969 0.027533 0.034368
1 0.572266 0.201172 0.023353 0.037617
1 0.156250 0.906250 0.050646 0.042567
1 0.583984 0.230469 0.041442 0.025604
1 0.164062 0.404297 0.027129 0.040355
1 0.523438 0.267578 0.040403 0.028965
1 0.478516 0.318359 0.044504 0.021084
1 0.060547 0.148438 0.044012 0.017079