0 0.621094 0.480469 0.023438 0.023438
0 0.968750 0.707031 0.035156 0.035156
0 0.029297 0.400391 0.027344 0.027344
0 0.773438 0.068359 0.035156 0.035156
0 0.593750 0.316406 0.027344 0.027344
0 0.927734 0.130859 0.035156 0.035156
0 0.181641 0.898438 0.035156 0.035156
0 0.537109 0.703125 0.035156 0.035156
0 0.298828 0.968750 0.035156 0.035156
0 0.253906 0.783203 0.031250 0.031250
0 0.837891 0.941406 0.027344 0.027344
0 0.535156 0.560547 0.035156 0.035156
0 0.380859 0.978516 0.031250 0.031250
0 0.146484 0.345703 0.031250 0.031250
0 0.451172 0.363281 0.031250 0.031250
0 0.115234 0.632812 0.023438 0.023438
0 0.966797 0.201172 0.027344 0.027344
0 0.507812 0.121094 0.031250 0.031250
0 0.679688 0.148438 0.035156 0.035156
0 0.304688 0.123047 0.023438 0.023438
0 0.458984 0.853516 0.027344 0.027344
0 0.658203 0.751953 0.031250 0.031250
0 0.277344 0.285156 0.031250 0.031250
0 0.119141 0.378906 0.031250 0.031250
0 0.154297 0.312500 0.035156 0.035156
0 0.597656 0.718750 0.031250 0.031250
0 0.468750 0.496094 0.027344 0.027344
0 0.515625 0.166016 0.023438 0.023438
0 0.746094 0.361328 0.031250 0.031250
0 0.796875 0.146484 0.027344 0.027344
1 0.417969 0.525391 0.032471 0.015044
1 0.931641 0.470703 0.037342 0.030861
1 0.105469 0.802734 0.048338 0.045446
1 0.697266 0.572266 0.052734 0.011719
1 0.201172 0.759766 0.039961 0.014453
1 0.583984 0.378906 0.031982 0.012452
1 0.630859 0.277344 0.036597 0.040449
1 0.322266 0.570312 0.057901 0.032220
1 0.753906 0.970703 0.031738 0.028281
1 0.812500 0.974609 0.023223 0.043807
1 0.390625 0.048828 0.021218 0.031930
1 0.189453 0.097656 0.022961 0.056231
1 0.453125 0.050781 0.016740 0.042088
1 0.316406 0.064453 0.028715 0.054555
1 0.060547 0.427734 0.051999 0.040487
1 0.648438 0.277344 0.027012 0.037020
1 0.511719 0.617188 0.039108 0.043441
1 0.910156 0.109375 0.019408 0.033218
1 0.375000 0.453125 0.037596 0.036970
1 0.365234 0.798828 0.032642 0.051420