0 0.212891 0.355469 0.035156 0.035156
0 0.181641 0.125000 0.035156 0.035156
0 0.566406 0.669922 0.027344 0.027344
0 0.746094 0.847656 0.023438 0.023438
0 0.123047 0.410156 0.035156 0.035156
0 0.531250 0.177734 0.027344 0.027344
0 0.539062 0.218750 0.027344 0.027344
0 0.433594 0.169922 0.023438 0.023438
0 0.017578 0.597656 0.027344 0.027344
0 0.703125 0.773438 0.031250 0.031250
0 0.015625 0.636719 0.023438 0.023438
0 0.556641 0.251953 0.027344 0.027344
0 0.414062 0.697266 0.023438 0.023438
0 0.876953 0.847656 0.027344 0.027344
0 0.111328 0.621094 0.031250 0.031250
0 0.083984 0.763672 0.027344 0.027344
0 0.607422 0.287109 0.027344 0.027344
0 0.763672 0.695312 0.035156 0.035156
0 0.162109 0.058594 0.031250 0.031250
0 0.658203 0.404297 0.031250 0.031250
0 0.517578 0.964844 0.023438 0.023438
0 0.074219 0.593750 0.027344 0.027344
0 0.039062 0.888672 0.023438 0.023438
0 0.433594 0.582031 0.031250 0.031250
0 0.142578 0.269531 0.035156 0.035156
0 0.308594 0.572266 0.031250 0.031250
0 0.935547 0.101562 0.035156 0.035156
0 0.539062 0.656250 0.023438 0.023438
0 0.669922 0.306641 0.027344 0.027344
0 0.035156 0.716797 0.027344 0.027344
1 0.091797 0.369141 0.036393 0.017272
1 0.082031 0.222656 0.032907 0.052746
1 0.101562 0.367188 0.039769 0.052418
1 0.757812 0.689453 0.047824 0.048836
1 0.937500 0.052734 0.038914 0.022613
1 0.242188 0.675781 0.041791 0.023816
1 0.468750 0.628906 0.050749 0.048628
1 0.500000 0.041016 0.026478 0.035164
1 0.281250 0.060547 0.016978 0.047826
1 0.851562 0.304688 0.046369 0.031981
1 0.607422 0.910156 0.027544 0.045053
1 0.681641 0.521484 0.035813 0.047619
1 0.220703 0.607422 0.046956 0.046956
1 0.679688 0.451172 0.037896 0.056674
1 0.160156 0.775391 0.041573 0.013849
1 0.386719 0.292969 0.035565 0.036240
1 0.722656 0.390625 0.026498 0.032711
1 0.947266 0.394531 0.023535 0.034041
1 0.832031 0.123047 0.022572 0.033364
1 0.318359 0.968750 0.026757 0.041146