0 0.943359 0.943359 0.031250 0.031250
0 0.830078 0.343750 0.027344 0.027344
0 0.378906 0.796875 0.023438 0.023438
0 0.496094 0.037109 0.031250 0.031250
0 0.027344 0.500000 0.031250 0.031250
0 0.042969 0.884766 0.023438 0.023438
0 0.464844 0.490234 0.027344 0.027344
0 0.207031 0.455078 0.023438 0.023438
0 0.351562 0.085938 0.031250 0.031250
0 0.222656 0.345703 0.027344 0.027344
0 0.492188 0.679688 0.035156 0.035156
0 0.025391 0.236328 0.027344 0.027344
0 0.595703 0.304688 0.031250 0.031250
0 0.203125 0.486328 0.031250 0.031250
0 0.201172 0.300781 0.027344 0.027344
0 0.841797 0.515625 0.031250 0.031250
0 0.279297 0.119141 0.023438 0.023438
0 0.894531 0.310547 0.031250 0.031250
0 0.097656 0.205078 0.031250 0.031250
0 0.052734 0.390625 0.027344 0.027344
0 0.230469 0.341797 0.027344 0.027344
0 0.228516 0.501953 0.023438 0.023438
0 0.599609 0.882812 0.035156 0.035156
0 0.716797 0.857422 0.023438 0.023438
0 0.292969 0.019531 0.027344 0.027344
0 0.521484 0.933594 0.035156 0.035156
0 0.419922 0.673828 0.031250 0.031250
0 0.234375 0.158203 0.023438 0.023438
0 0.906250 0.851562 0.035156 0.035156
0 0.947266 0.355469 0.027344 0.027344
1 0.775391 0.414062 0.051635 0.034549
1 0.074219 0.203125 0.053111 0.013552
1 0.820312 0.134766 0.041040 0.041811
1 0.777344 0.736328 0.042199 0.032844
1 0.677734 0.451172 0.045033 0.040124
1 0.886719 0.937500 0.055153 0.025328
1 0.691406 0.708984 0.015176 0.030622
1 0.935547 0.625000 0.030926 0.032516
1 0.613281 0.236328 0.032844 0.042199
1 0.652344 0.931641 0.030560 0.032727
1 0.066406 0.582031 0.026050 0.040536
1 0.347656 0.501953 0.030145 0.035330
1 0.291016 0.164062 0.033315 0.023416
1 0.833984 0.152344 0.036726 0.034991
1 0.830078 0.572266 0.040782 0.022627
1 0.710938 0.343750 0.023316 0.041270
1 0.070312 0.726562 0.032610 0.044763
1 0.607422 0.322266 0.028862 0.046838
1 0.466797 0.376953 0.035908 0.035908
1 0.427734 0.349609 0.053512 0.036762