0 0.070312 0.296875 0.023438 0.023438
0 0.492188 0.263672 0.031250 0.031250
0 0.156250 0.746094 0.031250 0.031250
0 0.292969 0.970703 0.023438 0.023438
0 0.083984 0.857422 0.023438 0.023438
0 0.701172 0.828125 0.023438 0.023438
0 0.558594 0.224609 0.031250 0.031250
0 0.884766 0.218750 0.035156 0.035156
0 0.664062 0.341797 0.023438 0.023438
0 0.433594 0.158203 0.023438 0.023438
0 0.162109 0.615234 0.027344 0.027344
0 0.367188 0.244141 0.031250 0.031250
0 0.349609 0.873047 0.035156 0.035156
0 0.287109 0.488281 0.035156 0.035156
0 0.515625 0.451172 0.035156 0.035156
0 0.183594 0.210938 0.035156 0.035156
0 0.234375 0.906250 0.035156 0.035156
0 0.669922 0.562500 0.023438 0.023438
0 0.308594 0.525391 0.031250 0.031250
0 0.648438 0.859375 0.031250 0.031250
0 0.845703 0.720703 0.031250 0.031250
0 0.169922 0.974609 0.035156 0.035156
0 0.330078 0.265625 0.035156 0.035156
0 0.388672 0.451172 0.027344 0.027344
0 0.207031 0.822266 0.023438 0.023438
0 0.150391 0.814453 0.031250 0.031250
0 0.396484 0.849609 0.027344 0.027344
0 0.078125 0.574219 0.023438 0.023438
0 0.285156 0.431641 0.031250 0.031250
0 0.587891 0.662109 0.031250 0.031250
1 0.101562 0.966797 0.046202 0.018602
1 0.539062 0.029297 0.022888 0.032277
1 0.474609 0.310547 0.040686 0.044732
1 0.714844 0.611328 0.034051 0.026369
1 0.089844 0.685547 0.028003 0.031840
1 0.353516 0.285156 0.030039 0.037505
1 0.914062 0.714844 0.042016 0.015942
1 0.382812 0.050781 0.046956 0.026208
1 0.787109 0.714844 0.018703 0.038651
1 0.544922 0.509766 0.050685 0.025078
1 0.617188 0.500000 0.054475 0.026023
1 0.607422 0.855469 0.017757 0.047859
1 0.802734 0.941406 0.027315 0.050908
1 0.392578 0.302734 0.044194 0.044194
1 0.755859 0.943359 0.034394 0.015383
1 0.158203 0.101562 0.032393 0.014534
1 0.619141 0.044922 0.010480 0.041180
1 0.429688 0.216797 0.049666 0.043889
1 0.173828 0.087891 0.039773 0.024252
1 0.332031 0.064453 0.044153 0.038094