0 0.972656 0.650391 0.035156 0.035156
0 0.941406 0.947266 0.035156 0.035156
0 0.880859 0.980469 0.035156 0.035156
0 0.837891 0.580078 0.023438 0.023438
0 0.687500 0.763672 0.035156 0.035156
0 0.195312 0.347656 0.027344 0.027344
0 0.525391 0.064453 0.035156 0.035156
0 0.671875 0.441406 0.031250 0.031250
0 0.275391 0.966797 0.035156 0.035156
0 0.488281 0.361328 0.027344 0.027344
0 0.539062 0.214844 0.031250 0.031250
0 0.707031 0.945312 0.027344 0.027344
0 0.474609 0.837891 0.027344 0.027344
0 0.445312 0.060547 0.027344 0.027344
0 0.355469 0.123047 0.035156 0.035156
0 0.460938 0.771484 0.035156 0.035156
0 0.232422 0.898438 0.023438 0.023438
0 0.666016 0.367188 0.027344 0.027344
0 0.601562 0.511719 0.035156 0.035156
0 0.714844 0.880859 0.027344 0.027344
0 0.148438 0.767578 0.035156 0.035156
0 0.285156 0.320312 0.031250 0.031250
0 0.708984 0.904297 0.031250 0.031250
0 0.160156 0.271484 0.027344 0.027344
0 0.244141 0.814453 0.027344 0.027344
0 0.980469 0.279297 0.031250 0.031250
0 0.419922 0.392578 0.035156 0.035156
0 0.033203 0.496094 0.031250 0.031250
0 0.207031 0.292969 0.035156 0.035156
0 0.781250 0.236328 0.023438 0.023438
1 0.285156 0.015625 0.029902 0.056236
1 0.318359 0.585938 0.037428 0.011055
1 0.353516 0.599609 0.049550 0.023615
1 0.863281 0.091797 0.031215 0.032275
1 0.123047 0.455078 0.051184 0.037975
1 0.380859 0.835938 0.053580 0.021378
1 0.550781 0.736328 0.044194 0.044194
1 0.687500 0.498047 0.039440 0.023371
1 0.310547 0.306641 0.024185 0.048289
1 0.392578 0.935547 0.021756 0.033808
1 0.468750 0.062500 0.032471 0.015044
1 0.929688 0.542969 0.048806 0.027488
1 0.859375 0.824219 0.026489 0.032208
1 0.205078 0.095703 0.026808 0.032154
1 0.923828 0.126953 0.012205 0.047322
1 0.380859 0.058594 0.038914 0.022613
1 0.171875 0.121094 0.014292 0.034239
1 0.406250 0.046875 0.019453 0.057476
1 0.583984 0.250000 0.026035 0.035329
1 0.943359 0.298828 0.043441 0.039108