0 0.261719 0.738281 0.031250 0.031250
0 0.125000 0.464844 0.023438 0.023438
0 0.380859 0.351562 0.035156 0.035156
0 0.105469 0.582031 0.035156 0.035156
0 0.066406 0.222656 0.023438 0.023438
0 0.054688 0.072266 0.023438 0.023438
0 0.849609 0.710938 0.031250 0.031250
0 0.449219 0.212891 0.027344 0.027344
0 0.777344 0.587891 0.023438 0.023438
0 0.402344 0.566406 0.027344 0.027344
0 0.720703 0.103516 0.031250 0.031250
0 0.783203 0.324219 0.023438 0.023438
0 0.611328 0.943359 0.027344 0.027344
0 0.318359 0.636719 0.027344 0.027344
0 0.308594 0.474609 0.031250 0.031250
0 0.191406 0.757812 0.027344 0.027344
0 0.632812 0.410156 0.027344 0.027344
0 0.941406 0.167969 0.035156 0.035156
0 0.291016 0.195312 0.023438 0.023438
0 0.458984 0.699219 0.027344 0.027344
0 0.033203 0.740234 0.027344 0.027344
0 0.406250 0.681641 0.027344 0.027344
0 0.716797 0.509766 0.023438 0.023438
0 0.125000 0.234375 0.027344 0.027344
0 0.378906 0.429688 0.031250 0.031250
0 0.230469 0.644531 0.031250 0.031250
0 0.904297 0.367188 0.023438 0.023438
0 0.042969 0.597656 0.035156 0.035156
0 0.716797 0.736328 0.035156 0.035156
0 0.931641 0.328125 0.023438 0.023438
1 0.517578 0.277344 0.041968 0.043606
1 0.554688 0.324219 0.051323 0.030629
1 0.482422 0.156250 0.054729 0.027881
1 0.185547 0.359375 0.031466 0.029153
1 0.566406 0.572266 0.037709 0.055220
1 0.953125 0.681641 0.013672 0.037109
1 0.943359 0.443359 0.010719 0.054850
1 0.757812 0.533203 0.017344 0.047954
1 0.628906 0.835938 0.036991 0.020419
1 0.890625 0.974609 0.028216 0.056337
1 0.125000 0.744141 0.034456 0.015922
1 0.658203 0.458984 0.050552 0.034824
1 0.826172 0.640625 0.056734 0.027674
1 0.148438 0.785156 0.038585 0.026304
1 0.628906 0.449219 0.017365 0.043997
1 0.074219 0.968750 0.033094 0.025018
1 0.490234 0.876953 0.024606 0.048790
1 0.769531 0.878906 0.043313 0.042300
1 0.734375 0.781250 0.049024 0.031938
1 0.609375 0.525391 0.018703 0.038651