0 0.984375 0.189453 0.023438 0.023438
0 0.976562 0.126953 0.031250 0.031250
0 0.832031 0.373047 0.031250 0.031250
0 0.396484 0.855469 0.031250 0.031250
0 0.855469 0.228516 0.031250 0.031250
0 0.640625 0.150391 0.031250 0.031250
0 0.500000 0.203125 0.027344 0.027344
0 0.599609 0.429688 0.027344 0.027344
0 0.312500 0.339844 0.027344 0.027344
0 0.939453 0.199219 0.031250 0.031250
0 0.785156 0.669922 0.035156 0.035156
0 0.468750 0.884766 0.031250 0.031250
0 0.242188 0.119141 0.035156 0.035156
0 0.595703 0.326172 0.023438 0.023438
0 0.917969 0.824219 0.027344 0.027344
0 0.548828 0.773438 0.035156 0.035156
0 0.738281 0.417969 0.023438 0.023438
0 0.466797 0.050781 0.023438 0.023438
0 0.779297 0.367188 0.027344 0.027344
0 0.800781 0.173828 0.035156 0.035156
0 0.216797 0.642578 0.031250 0.031250
0 0.412109 0.074219 0.035156 0.035156
0 0.142578 0.402344 0.035156 0.035156
0 0.537109 0.951172 0.031250 0.031250
0 0.197266 0.330078 0.031250 0.031250
0 0.800781 0.787109 0.035156 0.035156
0 0.183594 0.751953 0.023438 0.023438
0 0.148438 0.962891 0.035156 0.035156
0 0.164062 0.044922 0.031250 0.031250
0 0.218750 0.830078 0.035156 0.035156
1 0.064453 0.207031 0.040304 0.047224
1 0.857422 0.658203 0.042874 0.047930
1 0.921875 0.236328 0.039207 0.040846
1 0.904297 0.783203 0.027044 0.032800
1 0.162109 0.267578 0.034980 0.025088
1 0.494141 0.123047 0.045930 0.028340
1 0.212891 0.769531 0.023216 0.040772
1 0.410156 0.968750 0.038123 0.041784
1 0.406250 0.738281 0.045165 0.031437
1 0.175781 0.132812 0.039261 0.012399
1 0.144531 0.906250 0.037569 0.044489
1 0.890625 0.599609 0.040051 0.040051
1 0.314453 0.980469 0.033553 0.028809
1 0.769531 0.226562 0.041651 0.034737
1 0.511719 0.287109 0.023371 0.039440
1 0.583984 0.865234 0.013672 0.037109
1 0.177734 0.271484 0.039649 0.012467
1 0.074219 0.794922 0.029369 0.043757
1 0.642578 0.205078 0.020048 0.042146
1 0.867188 0.119141 0.019045 0.046253