0 0.115234 0.619141 0.035156 0.035156
0 0.242188 0.224609 0.023438 0.023438
0 0.748047 0.630859 0.031250 0.031250
0 0.318359 0.330078 0.023438 0.023438
0 0.337891 0.269531 0.027344 0.027344
0 0.644531 0.632812 0.031250 0.031250
0 0.111328 0.900391 0.023438 0.023438
0 0.429688 0.638672 0.035156 0.035156
0 0.912109 0.408203 0.031250 0.031250
0 0.660156 0.089844 0.027344 0.027344
0 0.677734 0.539062 0.031250 0.031250
0 0.978516 0.097656 0.031250 0.031250
0 0.226562 0.601562 0.031250 0.031250
0 0.039062 0.208984 0.035156 0.035156
0 0.783203 0.671875 0.031250 0.031250
0 0.884766 0.828125 0.023438 0.023438
0 0.341797 0.550781 0.023438 0.023438
0 0.964844 0.685547 0.035156 0.035156
0 0.087891 0.302734 0.027344 0.027344
0 0.462891 0.898438 0.031250 0.031250
0 0.927734 0.582031 0.031250 0.031250
0 0.134766 0.789062 0.035156 0.035156
0 0.238281 0.017578 0.031250 0.031250
0 0.203125 0.650391 0.031250 0.031250
0 0.658203 0.324219 0.027344 0.027344
0 0.869141 0.982422 0.031250 0.031250
0 0.757812 0.058594 0.027344 0.027344
0 0.527344 0.691406 0.027344 0.027344
0 0.746094 0.953125 0.035156 0.035156
0 0.082031 0.470703 0.023438 0.023438
1 0.257812 0.259766 0.040799 0.032645
1 0.781250 0.503906 0.043151 0.028041
1 0.078125 0.259766 0.039129 0.045664
1 0.703125 0.871094 0.044530 0.049154
1 0.406250 0.478516 0.010987 0.035476
1 0.949219 0.683594 0.030395 0.038974
1 0.523438 0.312500 0.033342 0.020802
1 0.257812 0.927734 0.034914 0.018366
1 0.802734 0.851562 0.014143 0.035888
1 0.392578 0.105469 0.054884 0.012671
1 0.066406 0.699219 0.025846 0.037718
1 0.544922 0.070312 0.041237 0.044272
1 0.484375 0.453125 0.027012 0.037020
1 0.162109 0.402344 0.036328 0.057112
1 0.039062 0.917969 0.038878 0.020924
1 0.345703 0.414062 0.035164 0.026478
1 0.757812 0.488281 0.042236 0.027388
1 0.132812 0.197266 0.023263 0.035803
1 0.396484 0.873047 0.025987 0.034081
1 0.744141 0.699219 0.046116 0.017857