0 0.451172 0.359375 0.031250 0.031250
0 0.220703 0.867188 0.035156 0.035156
0 0.074219 0.126953 0.023438 0.023438
0 0.017578 0.949219 0.035156 0.035156
0 0.363281 0.296875 0.027344 0.027344
0 0.365234 0.091797 0.027344 0.027344
0 0.068359 0.541016 0.023438 0.023438
0 0.070312 0.566406 0.027344 0.027344
0 0.687500 0.015625 0.023438 0.023438
0 0.281250 0.253906 0.031250 0.031250
0 0.816406 0.193359 0.035156 0.035156
0 0.646484 0.488281 0.035156 0.035156
0 0.546875 0.716797 0.031250 0.031250
0 0.199219 0.480469 0.023438 0.023438
0 0.507812 0.099609 0.035156 0.035156
0 0.255859 0.128906 0.023438 0.023438
0 0.765625 0.427734 0.027344 0.027344
0 0.859375 0.636719 0.027344 0.027344
0 0.916016 0.189453 0.027344 0.027344
0 0.253906 0.578125 0.031250 0.031250
0 0.312500 0.392578 0.027344 0.027344
0 0.851562 0.335938 0.035156 0.035156
0 0.660156 0.533203 0.027344 0.027344
0 0.720703 0.451172 0.023438 0.023438
0 0.332031 0.132812 0.023438 0.023438
0 0.636719 0.060547 0.031250 0.031250
0 0.425781 0.062500 0.023438 0.023438
0 0.558594 0.367188 0.031250 0.031250
0 0.871094 0.726562 0.023438 0.023438
0 0.408203 0.753906 0.023438 0.023438
1 0.890625 0.095703 0.048931 0.027346
1 0.289062 0.154297 0.023300 0.058154
1 0.310547 0.099609 0.049527 0.015096
1 0.394531 0.242188 0.013133 0.039765
1 0.203125 0.826172 0.040109 0.015756
1 0.369141 0.365234 0.017857 0.046116
1 0.726562 0.322266 0.021938 0.055919
1 0.642578 0.355469 0.027878 0.040799
1 0.044922 0.363281 0.040843 0.020247
1 0.259766 0.728516 0.042752 0.030802
1 0.097656 0.375000 0.054586 0.039217
1 0.447266 0.636719 0.018386 0.055671
1 0.212891 0.332031 0.027955 0.042125
1 0.121094 0.234375 0.018931 0.033157
1 0.341797 0.142578 0.033410 0.019870
1 0.582031 0.324219 0.021566 0.054002
1 0.095703 0.830078 0.031692 0.036689
1 0.154297 0.695312 0.037289 0.037289
1 0.103516 0.519531 0.050241 0.049181
1 0.216797 0.021484 0.032873 0.038058