0 0.533203 0.847656 0.035156 0.035156
0 0.572266 0.089844 0.031250 0.031250
0 0.314453 0.484375 0.035156 0.035156
0 0.630859 0.673828 0.027344 0.027344
0 0.880859 0.503906 0.023438 0.023438
0 0.500000 0.140625 0.035156 0.035156
0 0.828125 0.308594 0.031250 0.031250
0 0.757812 0.662109 0.027344 0.027344
0 0.611328 0.785156 0.035156 0.035156
0 0.234375 0.931641 0.023438 0.023438
0 0.199219 0.126953 0.027344 0.027344
0 0.472656 0.394531 0.031250 0.031250
0 0.595703 0.451172 0.023438 0.023438
0 0.152344 0.705078 0.035156 0.035156
0 0.814453 0.537109 0.035156 0.035156
0 0.837891 0.482422 0.023438 0.023438
0 0.806641 0.333984 0.027344 0.027344
0 0.199219 0.148438 0.023438 0.023438
0 0.416016 0.353516 0.027344 0.027344
0 0.292969 0.189453 0.035156 0.035156
0 0.199219 0.119141 0.023438 0.023438
0 0.140625 0.240234 0.031250 0.031250
0 0.076172 0.851562 0.031250 0.031250
0 0.949219 0.603516 0.031250 0.031250
0 0.076172 0.220703 0.035156 0.035156
0 0.029297 0.533203 0.027344 0.027344
0 0.578125 0.669922 0.031250 0.031250
0 0.277344 0.703125 0.031250 0.031250
0 0.187500 0.166016 0.023438 0.023438
0 0.089844 0.662109 0.023438 0.023438
1 0.699219 0.802734 0.014754 0.031708
1 0.183594 0.689453 0.014590 0.052965
1 0.125000 0.375000 0.045446 0.048338
1 0.818359 0.099609 0.042315 0.054949
1 0.816406 0.603516 0.032788 0.055461
1 0.251953 0.816406 0.044443 0.051512
1 0.843750 0.585938 0.022473 0.045814
1 0.898438 0.527344 0.050197 0.023957
1 0.556641 0.384766 0.039657 0.024809
1 0.898438 0.205078 0.019298 0.047881
1 0.937500 0.789062 0.030761 0.046599
1 0.587891 0.580078 0.036192 0.035613
1 0.169922 0.275391 0.015419 0.043827
1 0.523438 0.498047 0.016466 0.049712
1 0.755859 0.316406 0.028401 0.036441
1 0.640625 0.265625 0.026339 0.055799
1 0.498047 0.251953 0.028568 0.036024
1 0.115234 0.353516 0.023376 0.031469
1 0.580078 0.021484 0.026855 0.054476
1 0.357422 0.312500 0.035565 0.036240