0 0.703125 0.363281 0.031250 0.031250
0 0.308594 0.867188 0.023438 0.023438
0 0.472656 0.876953 0.031250 0.031250
0 0.875000 0.316406 0.031250 0.031250
0 0.566406 0.416016 0.035156 0.035156
0 0.199219 0.373047 0.027344 0.027344
0 0.734375 0.570312 0.031250 0.031250
0 0.359375 0.468750 0.035156 0.035156
0 0.777344 0.060547 0.023438 0.023438
0 0.652344 0.099609 0.031250 0.031250
0 0.982422 0.158203 0.027344 0.027344
0 0.583984 0.216797 0.031250 0.031250
0 0.716797 0.146484 0.035156 0.035156
0 0.367188 0.830078 0.023438 0.023438
0 0.261719 0.511719 0.031250 0.031250
0 0.544922 0.621094 0.035156 0.035156
0 0.126953 0.531250 0.023438 0.023438
0 0.589844 0.757812 0.031250 0.031250
0 0.318359 0.837891 0.027344 0.027344
0 0.087891 0.250000 0.023438 0.023438
0 0.187500 0.976562 0.023438 0.023438
0 0.232422 0.185547 0.023438 0.023438
0 0.328125 0.744141 0.027344 0.027344
0 0.576172 0.046875 0.027344 0.027344
0 0.802734 0.642578 0.027344 0.027344
0 0.164062 0.169922 0.027344 0.027344
0 0.695312 0.119141 0.031250 0.031250
0 0.187500 0.699219 0.031250 0.031250
0 0.058594 0.738281 0.027344 0.027344
0 0.349609 0.058594 0.027344 0.027344
1 0.412109 0.589844 0.037875 0.039418
1 0.345703 0.589844 0.047988 0.045867
1 0.792969 0.242188 0.043008 0.054602
1 0.216797 0.255859 0.027912 0.034229
1 0.197266 0.470703 0.051917 0.026837
1 0.167969 0.242188 0.037308 0.012365
1 0.324219 0.546875 0.045771 0.048084
1 0.818359 0.814453 0.036084 0.013977
1 0.119141 0.783203 0.052871 0.034297
1 0.855469 0.183594 0.015643 0.049654
1 0.708984 0.255859 0.041784 0.038123
1 0.652344 0.439453 0.040536 0.026050
1 0.917969 0.039062 0.043999 0.034886
1 0.148438 0.617188 0.012282 0.030037
1 0.906250 0.281250 0.028188 0.048772
1 0.904297 0.191406 0.028439 0.049785
1 0.550781 0.533203 0.030638 0.026935
1 0.132812 0.337891 0.026961 0.039075
1 0.347656 0.683594 0.013870 0.031991
1 0.140625 0.150391 0.033157 0.018931