0 0.640625 0.396484 0.023438 0.023438
0 0.898438 0.503906 0.035156 0.035156
0 0.023438 0.630859 0.035156 0.035156
0 0.408203 0.519531 0.027344 0.027344
0 0.748047 0.277344 0.031250 0.031250
0 0.138672 0.392578 0.027344 0.027344
0 0.703125 0.572266 0.035156 0.035156
0 0.712891 0.230469 0.027344 0.027344
0 0.425781 0.076172 0.035156 0.035156
0 0.042969 0.076172 0.035156 0.035156
0 0.308594 0.890625 0.023438 0.023438
0 0.298828 0.679688 0.031250 0.031250
0 0.353516 0.869141 0.023438 0.023438
0 0.218750 0.851562 0.023438 0.023438
0 0.394531 0.187500 0.027344 0.027344
0 0.449219 0.291016 0.035156 0.035156
0 0.113281 0.248047 0.035156 0.035156
0 0.285156 0.410156 0.027344 0.027344
0 0.435547 0.646484 0.027344 0.027344
0 0.375000 0.412109 0.035156 0.035156
0 0.582031 0.414062 0.027344 0.027344
0 0.304688 0.205078 0.031250 0.031250
0 0.562500 0.425781 0.023438 0.023438
0 0.542969 0.308594 0.031250 0.031250
0 0.693359 0.771484 0.031250 0.031250
0 0.416016 0.886719 0.031250 0.031250
0 0.761719 0.525391 0.031250 0.031250
0 0.904297 0.562500 0.027344 0.027344
0 0.296875 0.113281 0.027344 0.027344
0 0.744141 0.546875 0.023438 0.023438
1 0.806641 0.275391 0.041968 0.043606
1 0.244141 0.160156 0.024980 0.051314
1 0.289062 0.464844 0.025551 0.052580
1 0.457031 0.507812 0.053560 0.017317
1 0.392578 0.134766 0.031530 0.022622
1 0.205078 0.886719 0.031575 0.034464
1 0.128906 0.718750 0.014154 0.051439
1 0.332031 0.095703 0.044962 0.028773
1 0.724609 0.833984 0.010987 0.035476
1 0.931641 0.884766 0.011123 0.039380
1 0.503906 0.833984 0.044722 0.048961
1 0.298828 0.019531 0.044696 0.040604
1 0.593750 0.148438 0.016500 0.041869
1 0.281250 0.445312 0.033529 0.053160
1 0.166016 0.533203 0.025009 0.039539
1 0.078125 0.759766 0.046407 0.021524
1 0.222656 0.623047 0.044971 0.032028
1 0.232422 0.609375 0.045131 0.043203
1 0.863281 0.123047 0.029799 0.028065
1 0.253906 0.212891 0.030870 0.019197