0 0.376953 0.898438 0.031250 0.031250
0 0.748047 0.855469 0.027344 0.027344
0 0.378906 0.679688 0.023438 0.023438
0 0.275391 0.775391 0.031250 0.031250
0 0.105469 0.548828 0.035156 0.035156
0 0.822266 0.068359 0.027344 0.027344
0 0.628906 0.171875 0.023438 0.023438
0 0.982422 0.173828 0.031250 0.031250
0 0.906250 0.128906 0.027344 0.027344
0 0.617188 0.597656 0.031250 0.031250
0 0.273438 0.541016 0.035156 0.035156
0 0.097656 0.316406 0.031250 0.031250
0 0.230469 0.439453 0.035156 0.035156
0 0.470703 0.378906 0.023438 0.023438
0 0.968750 0.873047 0.035156 0.035156
0 0.660156 0.316406 0.031250 0.031250
0 0.083984 0.500000 0.023438 0.023438
0 0.664062 0.296875 0.023438 0.023438
0 0.121094 0.625000 0.035156 0.035156
0 0.306641 0.812500 0.031250 0.031250
0 0.820312 0.302734 0.023438 0.023438
0 0.832031 0.085938 0.023438 0.023438
0 0.707031 0.714844 0.035156 0.035156
0 0.339844 0.128906 0.035156 0.035156
0 0.244141 0.339844 0.027344 0.027344
0 0.224609 0.269531 0.023438 0.023438
0 0.871094 0.792969 0.031250 0.031250
0 0.121094 0.304688 0.027344 0.027344
0 0.019531 0.275391 0.023438 0.023438
0 0.050781 0.294922 0.023438 0.023438
1 0.845703 0.054688 0.032087 0.043271
1 0.480469 0.609375 0.053121 0.031392
1 0.632812 0.974609 0.030301 0.027271
1 0.501953 0.609375 0.049837 0.035539
1 0.322266 0.376953 0.035269 0.054047
1 0.744141 0.429688 0.058249 0.027866
1 0.388672 0.617188 0.034607 0.027755
1 0.269531 0.255859 0.051952 0.033144
1 0.109375 0.644531 0.026977 0.049983
1 0.806641 0.808594 0.026063 0.048828
1 0.943359 0.751953 0.032513 0.045209
1 0.742188 0.777344 0.020586 0.042767
1 0.837891 0.048828 0.011532 0.051091
1 0.615234 0.375000 0.049875 0.043523
1 0.802734 0.687500 0.030312 0.050151
1 0.152344 0.226562 0.049919 0.039847
1 0.888672 0.064453 0.023489 0.037975
1 0.908203 0.380859 0.031215 0.032275
1 0.054688 0.431641 0.019213 0.050060
1 0.214844 0.451172 0.033345 0.022998