0 0.578125 0.900391 0.023438 0.023438
0 0.218750 0.533203 0.023438 0.023438
0 0.369141 0.896484 0.031250 0.031250
0 0.650391 0.179688 0.027344 0.027344
0 0.025391 0.964844 0.031250 0.031250
0 0.816406 0.533203 0.035156 0.035156
0 0.914062 0.857422 0.023438 0.023438
0 0.705078 0.361328 0.023438 0.023438
0 0.335938 0.511719 0.035156 0.035156
0 0.537109 0.130859 0.031250 0.031250
0 0.193359 0.310547 0.027344 0.027344
0 0.072266 0.371094 0.027344 0.027344
0 0.523438 0.058594 0.023438 0.023438
0 0.531250 0.849609 0.027344 0.027344
0 0.708984 0.464844 0.035156 0.035156
0 0.324219 0.527344 0.031250 0.031250
0 0.101562 0.246094 0.027344 0.027344
0 0.287109 0.703125 0.035156 0.035156
0 0.398438 0.583984 0.035156 0.035156
0 0.904297 0.576172 0.023438 0.023438
0 0.960938 0.710938 0.031250 0.031250
0 0.080078 0.535156 0.031250 0.031250
0 0.242188 0.138672 0.035156 0.035156
0 0.019531 0.583984 0.031250 0.031250
0 0.857422 0.810547 0.023438 0.023438
0 0.080078 0.853516 0.031250 0.031250
0 0.263672 0.884766 0.023438 0.023438
0 0.189453 0.152344 0.035156 0.035156
0 0.871094 0.705078 0.035156 0.035156
0 0.982422 0.015625 0.027344 0.027344
1 0.427734 0.232422 0.032975 0.046679
1 0.830078 0.375000 0.034506 0.054290
1 0.228516 0.421875 0.032598 0.016049
1 0.580078 0.062500 0.020693 0.042119
1 0.910156 0.181641 0.025363 0.037721
1 0.599609 0.052734 0.047619 0.035813
1 0.724609 0.382812 0.052395 0.030216
1 0.511719 0.693359 0.028164 0.034400
1 0.091797 0.144531 0.030501 0.041861
1 0.939453 0.921875 0.011694 0.037570
1 0.853516 0.880859 0.015800 0.041675
1 0.927734 0.476562 0.022570 0.042657
1 0.335938 0.552734 0.040124 0.045033
1 0.332031 0.246094 0.033553 0.028809
1 0.630859 0.652344 0.024809 0.039657
1 0.511719 0.986328 0.038767 0.041225
1 0.675781 0.230469 0.035341 0.038952
1 0.865234 0.917969 0.031267 0.045732
1 0.373047 0.970703 0.034427 0.039425
1 0.792969 0.367188 0.015633 0.057351