0 0.708984 0.714844 0.027344 0.027344
0 0.601562 0.435547 0.035156 0.035156
0 0.591797 0.851562 0.023438 0.023438
0 0.875000 0.712891 0.023438 0.023438
0 0.076172 0.214844 0.027344 0.027344
0 0.509766 0.595703 0.035156 0.035156
0 0.882812 0.208984 0.031250 0.031250
0 0.070312 0.750000 0.035156 0.035156
0 0.886719 0.382812 0.031250 0.031250
0 0.755859 0.033203 0.027344 0.027344
0 0.144531 0.853516 0.023438 0.023438
0 0.310547 0.218750 0.027344 0.027344
0 0.566406 0.925781 0.023438 0.023438
0 0.677734 0.724609 0.035156 0.035156
0 0.917969 0.472656 0.023438 0.023438
0 0.255859 0.947266 0.031250 0.031250
0 0.427734 0.433594 0.027344 0.027344
0 0.189453 0.730469 0.031250 0.031250
0 0.013672 0.882812 0.027344 0.027344
0 0.498047 0.525391 0.031250 0.031250
0 0.865234 0.218750 0.023438 0.023438
0 0.634766 0.787109 0.027344 0.027344
0 0.687500 0.384766 0.035156 0.035156
0 0.296875 0.099609 0.023438 0.023438
0 0.404297 0.898438 0.035156 0.035156
0 0.660156 0.427734 0.023438 0.023438
0 0.242188 0.109375 0.027344 0.027344
0 0.339844 0.587891 0.031250 0.031250
0 0.103516 0.343750 0.027344 0.027344
0 0.888672 0.740234 0.035156 0.035156
1 0.482422 0.925781 0.039039 0.052822
1 0.339844 0.062500 0.029475 0.031209
1 0.753906 0.283203 0.050232 0.035531
1 0.253906 0.730469 0.055892 0.021037
1 0.054688 0.816406 0.039098 0.038230
1 0.718750 0.111328 0.048627 0.045157
1 0.189453 0.039062 0.032642 0.051420
1 0.679688 0.302734 0.044077 0.016868
1 0.925781 0.083984 0.045645 0.053051
1 0.410156 0.714844 0.033592 0.012870
1 0.359375 0.945312 0.033882 0.022211
1 0.373047 0.246094 0.032788 0.055461
1 0.535156 0.162109 0.035099 0.024211
1 0.208984 0.080078 0.021328 0.057433
1 0.158203 0.064453 0.016978 0.047826
1 0.923828 0.738281 0.041246 0.028378
1 0.910156 0.673828 0.048828 0.013672
1 0.101562 0.828125 0.032179 0.031311
1 0.832031 0.400391 0.014398 0.032152
1 0.410156 0.210938 0.021201 0.036376