0 0.642578 0.230469 0.023438 0.023438
0 0.037109 0.789062 0.031250 0.031250
0 0.863281 0.619141 0.027344 0.027344
0 0.771484 0.230469 0.031250 0.031250
0 0.744141 0.171875 0.023438 0.023438
0 0.099609 0.734375 0.027344 0.027344
0 0.173828 0.873047 0.027344 0.027344
0 0.947266 0.421875 0.023438 0.023438
0 0.337891 0.638672 0.031250 0.031250
0 0.644531 0.576172 0.035156 0.035156
0 0.783203 0.392578 0.023438 0.023438
0 0.695312 0.544922 0.035156 0.035156
0 0.205078 0.519531 0.031250 0.031250
0 0.482422 0.656250 0.031250 0.031250
0 0.953125 0.841797 0.035156 0.035156
0 0.412109 0.589844 0.027344 0.027344
0 0.248047 0.675781 0.023438 0.023438
0 0.445312 0.070312 0.023438 0.023438
0 0.246094 0.906250 0.035156 0.035156
0 0.552734 0.568359 0.023438 0.023438
0 0.914062 0.654297 0.027344 0.027344
0 0.498047 0.931641 0.023438 0.023438
0 0.857422 0.255859 0.027344 0.027344
0 0.388672 0.873047 0.031250 0.031250
0 0.328125 0.498047 0.027344 0.027344
0 0.710938 0.539062 0.031250 0.031250
0 0.394531 0.722656 0.023438 0.023438
0 0.806641 0.093750 0.023438 0.023438
0 0.564453 0.101562 0.027344 0.027344
0 0.775391 0.720703 0.031250 0.031250
1 0.449219 0.226562 0.044962 0.028773
1 0.685547 0.363281 0.042969 0.009766
1 0.732422 0.205078 0.010719 0.054850
1 0.597656 0.761719 0.030138 0.030620
1 0.111328 0.818359 0.036121 0.032418
1 0.697266 0.544922 0.034734 0.017306
1 0.173828 0.640625 0.033374 0.022139
1 0.400391 0.748047 0.045035 0.043300
1 0.779297 0.550781 0.022956 0.038065
1 0.367188 0.189453 0.045371 0.012103
1 0.576172 0.111328 0.044132 0.027576
1 0.716797 0.183594 0.024186 0.051418
1 0.554688 0.529297 0.011694 0.037570
1 0.093750 0.345703 0.015589 0.045772
1 0.648438 0.203125 0.034527 0.034527
1 0.460938 0.652344 0.036976 0.034664
1 0.222656 0.730469 0.016596 0.057409
1 0.927734 0.273438 0.015698 0.039724
1 0.646484 0.146484 0.028782 0.048579
1 0.273438 0.169922 0.018296 0.044273