0 0.726562 0.166016 0.031250 0.031250
0 0.125000 0.232422 0.031250 0.031250
0 0.857422 0.783203 0.027344 0.027344
0 0.066406 0.878906 0.035156 0.035156
0 0.050781 0.732422 0.035156 0.035156
0 0.912109 0.626953 0.027344 0.027344
0 0.544922 0.337891 0.031250 0.031250
0 0.113281 0.787109 0.031250 0.031250
0 0.574219 0.666016 0.035156 0.035156
0 0.318359 0.960938 0.031250 0.031250
0 0.076172 0.234375 0.035156 0.035156
0 0.052734 0.494141 0.035156 0.035156
0 0.166016 0.679688 0.023438 0.023438
0 0.169922 0.054688 0.035156 0.035156
0 0.109375 0.826172 0.035156 0.035156
0 0.884766 0.970703 0.027344 0.027344
0 0.494141 0.058594 0.023438 0.023438
0 0.824219 0.935547 0.023438 0.023438
0 0.265625 0.957031 0.023438 0.023438
0 0.400391 0.466797 0.023438 0.023438
0 0.082031 0.615234 0.023438 0.023438
0 0.289062 0.607422 0.031250 0.031250
0 0.677734 0.144531 0.035156 0.035156
0 0.683594 0.566406 0.035156 0.035156
0 0.955078 0.673828 0.035156 0.035156
0 0.431641 0.845703 0.027344 0.027344
0 0.019531 0.927734 0.023438 0.023438
0 0.134766 0.919922 0.035156 0.035156
0 0.341797 0.654297 0.035156 0.035156
0 0.369141 0.306641 0.035156 0.035156
1 0.535156 0.601562 0.029465 0.038079
1 0.132812 0.974609 0.026187 0.055029
1 0.572266 0.058594 0.036557 0.017074
1 0.507812 0.791016 0.032083 0.056906
1 0.878906 0.509766 0.032427 0.052086
1 0.207031 0.986328 0.049680 0.031755
1 0.619141 0.316406 0.045697 0.014408
1 0.712891 0.216797 0.022726 0.036177
1 0.750000 0.437500 0.047548 0.013814
1 0.720703 0.037109 0.045014 0.046123
1 0.324219 0.880859 0.037660 0.033620
1 0.099609 0.640625 0.044248 0.029712
1 0.742188 0.533203 0.042376 0.018569
1 0.628906 0.089844 0.031895 0.045478
1 0.671875 0.933594 0.044043 0.017785
1 0.466797 0.195312 0.036262 0.055146
1 0.335938 0.429688 0.032751 0.053434
1 0.646484 0.718750 0.047608 0.039920
1 0.429688 0.695312 0.027739 0.047961
1 0.605469 0.667969 0.034268 0.016514