0 0.896484 0.136719 0.035156 0.035156
0 0.367188 0.570312 0.027344 0.027344
0 0.347656 0.089844 0.031250 0.031250
0 0.205078 0.529297 0.035156 0.035156
0 0.521484 0.164062 0.027344 0.027344
0 0.607422 0.724609 0.031250 0.031250
0 0.593750 0.103516 0.023438 0.023438
0 0.562500 0.511719 0.035156 0.035156
0 0.740234 0.644531 0.031250 0.031250
0 0.246094 0.835938 0.023438 0.023438
0 0.302734 0.238281 0.031250 0.031250
0 0.316406 0.041016 0.027344 0.027344
0 0.193359 0.697266 0.023438 0.023438
0 0.894531 0.625000 0.031250 0.031250
0 0.441406 0.066406 0.035156 0.035156
0 0.691406 0.810547 0.035156 0.035156
0 0.019531 0.736328 0.027344 0.027344
0 0.927734 0.814453 0.023438 0.023438
0 0.462891 0.052734 0.031250 0.031250
0 0.117188 0.154297 0.035156 0.035156
0 0.908203 0.453125 0.023438 0.023438
0 0.050781 0.384766 0.023438 0.023438
0 0.148438 0.826172 0.035156 0.035156
0 0.406250 0.279297 0.031250 0.031250
0 0.453125 0.128906 0.031250 0.031250
0 0.347656 0.843750 0.031250 0.031250
0 0.386719 0.128906 0.027344 0.027344
0 0.927734 0.357422 0.023438 0.023438
0 0.294922 0.539062 0.027344 0.027344
0 0.095703 0.023438 0.023438 0.023438
1 0.269531 0.056641 0.050609 0.038549
1 0.058594 0.527344 0.050435 0.046004
1 0.310547 0.517578 0.013977 0.036084
1 0.103516 0.154297 0.040954 0.020874
1 0.925781 0.769531 0.027727 0.036306
1 0.433594 0.634766 0.040768 0.036148
1 0.345703 0.517578 0.021935 0.042651
1 0.193359 0.162109 0.033463 0.047973
1 0.486328 0.328125 0.014522 0.049059
1 0.554688 0.949219 0.027848 0.041299
1 0.796875 0.527344 0.028439 0.049785
1 0.224609 0.597656 0.014020 0.032305
1 0.796875 0.328125 0.027712 0.049891
1 0.867188 0.812500 0.037704 0.026322
1 0.566406 0.660156 0.040843 0.020247
1 0.337891 0.263672 0.013133 0.039765
1 0.843750 0.417969 0.022621 0.054307
1 0.207031 0.779297 0.038670 0.038670
1 0.843750 0.705078 0.032175 0.042867
1 0.384766 0.898438 0.032252 0.026161