0 0.292969 0.697266 0.023438 0.023438
0 0.367188 0.398438 0.035156 0.035156
0 0.511719 0.257812 0.023438 0.023438
0 0.455078 0.689453 0.035156 0.035156
0 0.146484 0.189453 0.031250 0.031250
0 0.242188 0.322266 0.031250 0.031250
0 0.878906 0.130859 0.023438 0.023438
0 0.201172 0.332031 0.031250 0.031250
0 0.058594 0.447266 0.035156 0.035156
0 0.255859 0.849609 0.035156 0.035156
0 0.773438 0.255859 0.031250 0.031250
0 0.046875 0.935547 0.035156 0.035156
0 0.259766 0.787109 0.027344 0.027344
0 0.832031 0.285156 0.027344 0.027344
0 0.265625 0.982422 0.023438 0.023438
0 0.634766 0.519531 0.031250 0.031250
0 0.140625 0.091797 0.027344 0.027344
0 0.476562 0.283203 0.023438 0.023438
0 0.828125 0.197266 0.035156 0.035156
0 0.250000 0.609375 0.023438 0.023438
0 0.548828 0.171875 0.027344 0.027344
0 0.355469 0.835938 0.027344 0.027344
0 0.603516 0.333984 0.027344 0.027344
0 0.033203 0.039062 0.035156 0.035156
0 0.044922 0.316406 0.031250 0.031250
0 0.382812 0.529297 0.023438 0.023438
0 0.523438 0.806641 0.027344 0.027344
0 0.193359 0.771484 0.027344 0.027344
0 0.378906 0.855469 0.023438 0.023438
0 0.384766 0.585938 0.023438 0.023438
1 0.427734 0.275391 0.034043 0.039809
1 0.642578 0.550781 0.039958 0.030017
1 0.830078 0.289062 0.019766 0.038794
1 0.121094 0.970703 0.018887 0.034988
1 0.078125 0.552734 0.022738 0.050540
1 0.455078 0.599609 0.029463 0.010275
1 0.740234 0.634766 0.039075 0.026961
1 0.412109 0.986328 0.031450 0.012262
1 0.828125 0.070312 0.043313 0.036009
1 0.376953 0.279297 0.023002 0.031505
1 0.472656 0.371094 0.030613 0.021620
1 0.617188 0.773438 0.051952 0.033144
1 0.921875 0.791016 0.018905 0.051932
1 0.197266 0.685547 0.014415 0.039785
1 0.537109 0.958984 0.035816 0.051804
1 0.333984 0.324219 0.038720 0.032005
1 0.861328 0.634766 0.031625 0.028550
1 0.234375 0.341797 0.048971 0.037486
1 0.884766 0.675781 0.016350 0.045901
1 0.412109 0.236328 0.037308 0.012365