0 0.542969 0.341797 0.031250 0.031250
0 0.423828 0.427734 0.031250 0.031250
0 0.439453 0.835938 0.035156 0.035156
0 0.939453 0.068359 0.023438 0.023438
0 0.765625 0.859375 0.023438 0.023438
0 0.826172 0.691406 0.035156 0.035156
0 0.828125 0.886719 0.027344 0.027344
0 0.619141 0.154297 0.023438 0.023438
0 0.062500 0.126953 0.023438 0.023438
0 0.056641 0.388672 0.027344 0.027344
0 0.966797 0.625000 0.035156 0.035156
0 0.089844 0.765625 0.027344 0.027344
0 0.966797 0.892578 0.035156 0.035156
0 0.705078 0.636719 0.027344 0.027344
0 0.402344 0.652344 0.027344 0.027344
0 0.890625 0.419922 0.031250 0.031250
0 0.089844 0.863281 0.023438 0.023438
0 0.519531 0.087891 0.023438 0.023438
0 0.984375 0.378906 0.027344 0.027344
0 0.185547 0.203125 0.027344 0.027344
0 0.419922 0.441406 0.023438 0.023438
0 0.800781 0.861328 0.023438 0.023438
0 0.814453 0.550781 0.023438 0.023438
0 0.751953 0.880859 0.031250 0.031250
0 0.949219 0.214844 0.023438 0.023438
0 0.591797 0.330078 0.023438 0.023438
0 0.982422 0.972656 0.031250 0.031250
0 0.097656 0.337891 0.031250 0.031250
0 0.615234 0.201172 0.023438 0.023438
0 0.941406 0.343750 0.035156 0.035156
1 0.380859 0.105469 0.041733 0.014551
1 0.314453 0.304688 0.047881 0.019298
1 0.279297 0.810547 0.025151 0.043498
1 0.888672 0.041016 0.012467 0.043167
1 0.962891 0.839844 0.033920 0.028644
1 0.896484 0.324219 0.046412 0.029326
1 0.257812 0.427734 0.030870 0.019197
1 0.166016 0.417969 0.056286 0.034558
1 0.406250 0.781250 0.038664 0.018584
1 0.281250 0.101562 0.044024 0.030320
1 0.431641 0.966797 0.053531 0.016120
1 0.304688 0.783203 0.048806 0.027488
1 0.470703 0.255859 0.050399 0.039367
1 0.941406 0.941406 0.025604 0.041442
1 0.703125 0.625000 0.026349 0.052589
1 0.632812 0.580078 0.041248 0.014386
1 0.140625 0.931641 0.018432 0.036717
1 0.855469 0.765625 0.041976 0.015379
1 0.160156 0.105469 0.019197 0.030870
1 0.773438 0.966797 0.021294 0.033724