0 0.023438 0.498047 0.031250 0.031250
0 0.775391 0.699219 0.031250 0.031250
0 0.714844 0.330078 0.035156 0.035156
0 0.437500 0.886719 0.031250 0.031250
0 0.218750 0.884766 0.031250 0.031250
0 0.519531 0.578125 0.027344 0.027344
0 0.378906 0.683594 0.035156 0.035156
0 0.828125 0.974609 0.031250 0.031250
0 0.240234 0.019531 0.023438 0.023438
0 0.232422 0.910156 0.035156 0.035156
0 0.751953 0.376953 0.035156 0.035156
0 0.091797 0.517578 0.023438 0.023438
0 0.644531 0.876953 0.023438 0.023438
0 0.244141 0.982422 0.031250 0.031250
0 0.164062 0.837891 0.023438 0.023438
0 0.804688 0.564453 0.023438 0.023438
0 0.513672 0.626953 0.035156 0.035156
0 0.097656 0.521484 0.027344 0.027344
0 0.255859 0.583984 0.035156 0.035156
0 0.271484 0.875000 0.035156 0.035156
0 0.828125 0.175781 0.023438 0.023438
0 0.132812 0.423828 0.023438 0.023438
0 0.097656 0.103516 0.023438 0.023438
0 0.363281 0.335938 0.023438 0.023438
0 0.091797 0.597656 0.023438 0.023438
0 0.951172 0.056641 0.035156 0.035156
0 0.625000 0.507812 0.023438 0.023438
0 0.335938 0.587891 0.027344 0.027344
0 0.363281 0.232422 0.027344 0.027344
0 0.957031 0.802734 0.031250 0.031250
1 0.939453 0.191406 0.027346 0.048931
1 0.871094 0.410156 0.056286 0.034558
1 0.585938 0.462891 0.030370 0.052147
1 0.576172 0.322266 0.045414 0.035927
1 0.843750 0.400391 0.030629 0.045973
1 0.072266 0.660156 0.015760 0.047718
1 0.898438 0.289062 0.044048 0.033325
1 0.593750 0.714844 0.030020 0.023807
1 0.898438 0.394531 0.053051 0.045645
1 0.902344 0.261719 0.040239 0.017674
1 0.511719 0.480469 0.034239 0.014292
1 0.167969 0.566406 0.033284 0.037996
1 0.566406 0.410156 0.045697 0.014408
1 0.921875 0.689453 0.053194 0.036123
1 0.437500 0.855469 0.027678 0.054460
1 0.927734 0.144531 0.038937 0.031559
1 0.775391 0.648438 0.033879 0.035132
1 0.884766 0.220703 0.030869 0.047940
1 0.496094 0.279297 0.036493 0.047560
1 0.289062 0.056641 0.026606 0.030834