0 0.906250 0.453125 0.027344 0.027344
0 0.123047 0.429688 0.035156 0.035156
0 0.384766 0.451172 0.035156 0.035156
0 0.289062 0.248047 0.031250 0.031250
0 0.828125 0.537109 0.027344 0.027344
0 0.183594 0.947266 0.027344 0.027344
0 0.589844 0.416016 0.031250 0.031250
0 0.740234 0.626953 0.023438 0.023438
0 0.937500 0.646484 0.031250 0.031250
0 0.062500 0.685547 0.023438 0.023438
0 0.234375 0.130859 0.027344 0.027344
0 0.822266 0.832031 0.031250 0.031250
0 0.292969 0.761719 0.035156 0.035156
0 0.251953 0.646484 0.027344 0.027344
0 0.599609 0.511719 0.027344 0.027344
0 0.677734 0.375000 0.031250 0.031250
0 0.595703 0.048828 0.031250 0.031250
0 0.566406 0.146484 0.035156 0.035156
0 0.332031 0.082031 0.027344 0.027344
0 0.847656 0.498047 0.031250 0.031250
0 0.609375 0.152344 0.031250 0.031250
0 0.574219 0.025391 0.035156 0.035156
0 0.910156 0.761719 0.031250 0.031250
0 0.365234 0.613281 0.035156 0.035156
0 0.226562 0.228516 0.031250 0.031250
0 0.130859 0.085938 0.035156 0.035156
0 0.695312 0.640625 0.035156 0.035156
0 0.283203 0.757812 0.023438 0.023438
0 0.880859 0.128906 0.027344 0.027344
0 0.025391 0.910156 0.035156 0.035156
1 0.500000 0.396484 0.015722 0.036318
1 0.242188 0.728516 0.017424 0.036452
1 0.923828 0.222656 0.012739 0.043545
1 0.798828 0.615234 0.038491 0.026800
1 0.400391 0.466797 0.023656 0.052108
1 0.847656 0.435547 0.041733 0.014551
1 0.201172 0.558594 0.041591 0.038316
1 0.378906 0.802734 0.015419 0.043827
1 0.533203 0.912109 0.028795 0.042524
1 0.187500 0.685547 0.045805 0.028977
1 0.724609 0.052734 0.034549 0.016984
1 0.615234 0.822266 0.033733 0.054516
1 0.425781 0.066406 0.023770 0.044517
1 0.740234 0.830078 0.023816 0.041791
1 0.822266 0.189453 0.048338 0.045446
1 0.623047 0.878906 0.017820 0.051831
1 0.515625 0.685547 0.037563 0.022833
1 0.904297 0.720703 0.017521 0.032713
1 0.796875 0.855469 0.031466 0.029153
1 0.443359 0.117188 0.015916 0.036322