0 0.203125 0.066406 0.031250 0.031250
0 0.359375 0.445312 0.031250 0.031250
0 0.046875 0.869141 0.031250 0.031250
0 0.759766 0.875000 0.031250 0.031250
0 0.324219 0.089844 0.031250 0.031250
0 0.457031 0.783203 0.023438 0.023438
0 0.443359 0.039062 0.035156 0.035156
0 0.423828 0.568359 0.035156 0.035156
0 0.775391 0.677734 0.031250 0.031250
0 0.724609 0.326172 0.027344 0.027344
0 0.957031 0.087891 0.023438 0.023438
0 0.402344 0.162109 0.035156 0.035156
0 0.888672 0.816406 0.023438 0.023438
0 0.701172 0.234375 0.027344 0.027344
0 0.757812 0.792969 0.031250 0.031250
0 0.115234 0.175781 0.035156 0.035156
0 0.482422 0.599609 0.035156 0.035156
0 0.564453 0.181641 0.027344 0.027344
0 0.744141 0.312500 0.023438 0.023438
0 0.296875 0.597656 0.031250 0.031250
0 0.501953 0.320312 0.023438 0.023438
0 0.234375 0.849609 0.027344 0.027344
0 0.820312 0.382812 0.023438 0.023438
0 0.115234 0.820312 0.027344 0.027344
0 0.316406 0.332031 0.027344 0.027344
0 0.156250 0.271484 0.023438 0.023438
0 0.244141 0.152344 0.023438 0.023438
0 0.890625 0.062500 0.023438 0.023438
0 0.287109 0.792969 0.027344 0.027344
0 0.740234 0.482422 0.023438 0.023438
1 0.875000 0.082031 0.030236 0.048583
1 0.210938 0.164062 0.051635 0.021761
1 0.095703 0.226562 0.052244 0.038879
1 0.164062 0.298828 0.035355 0.012331
1 0.400391 0.912109 0.048126 0.038639
1 0.580078 0.203125 0.057074 0.012717
1 0.289062 0.785156 0.055787 0.036156
1 0.076172 0.230469 0.036486 0.018532
1 0.517578 0.701172 0.017553 0.057449
1 0.312500 0.865234 0.030164 0.039519
1 0.886719 0.142578 0.035132 0.033879
1 0.078125 0.203125 0.010782 0.029620
1 0.167969 0.052734 0.018887 0.034988
1 0.330078 0.576172 0.044248 0.029712
1 0.410156 0.146484 0.036226 0.028847
1 0.271484 0.962891 0.024383 0.034096
1 0.626953 0.517578 0.041146 0.026757
1 0.552734 0.751953 0.036862 0.019003
1 0.539062 0.818359 0.030550 0.044721
1 0.048828 0.707031 0.050460 0.021943