0 0.070312 0.294922 0.023438 0.023438
0 0.535156 0.285156 0.035156 0.035156
0 0.359375 0.335938 0.035156 0.035156
0 0.962891 0.789062 0.027344 0.027344
0 0.054688 0.953125 0.027344 0.027344
0 0.072266 0.662109 0.031250 0.031250
0 0.906250 0.365234 0.035156 0.035156
0 0.894531 0.187500 0.035156 0.035156
0 0.162109 0.908203 0.031250 0.031250
0 0.982422 0.589844 0.027344 0.027344
0 0.876953 0.052734 0.023438 0.023438
0 0.525391 0.902344 0.027344 0.027344
0 0.414062 0.371094 0.027344 0.027344
0 0.279297 0.888672 0.027344 0.027344
0 0.617188 0.277344 0.031250 0.031250
0 0.365234 0.474609 0.027344 0.027344
0 0.427734 0.550781 0.031250 0.031250
0 0.091797 0.101562 0.023438 0.023438
0 0.037109 0.042969 0.027344 0.027344
0 0.638672 0.193359 0.027344 0.027344
0 0.564453 0.431641 0.035156 0.035156
0 0.089844 0.839844 0.035156 0.035156
0 0.261719 0.103516 0.027344 0.027344
0 0.109375 0.152344 0.027344 0.027344
0 0.271484 0.123047 0.031250 0.031250
0 0.917969 0.166016 0.031250 0.031250
0 0.275391 0.455078 0.023438 0.023438
0 0.167969 0.119141 0.027344 0.027344
0 0.296875 0.726562 0.027344 0.027344
0 0.933594 0.697266 0.035156 0.035156
1 0.224609 0.761719 0.053775 0.027441
1 0.070312 0.292969 0.035520 0.029764
1 0.347656 0.162109 0.039217 0.054586
1 0.867188 0.433594 0.048131 0.018907
1 0.712891 0.351562 0.047487 0.043441
1 0.580078 0.396484 0.022257 0.057386
1 0.386719 0.281250 0.052045 0.020359
1 0.597656 0.259766 0.040208 0.017040
1 0.447266 0.890625 0.053194 0.036123
1 0.925781 0.570312 0.019340 0.031392
1 0.300781 0.847656 0.028703 0.037997
1 0.121094 0.423828 0.032590 0.036201
1 0.376953 0.812500 0.013795 0.039869
1 0.900391 0.693359 0.020606 0.052190
1 0.322266 0.378906 0.043996 0.021231
1 0.087891 0.871094 0.056175 0.030272
1 0.384766 0.685547 0.036441 0.028401
1 0.517578 0.501953 0.048646 0.042005
1 0.941406 0.050781 0.042247 0.017313
1 0.892578 0.335938 0.055279 0.041609