0 0.855469 0.417969 0.023438 0.023438
0 0.074219 0.351562 0.031250 0.031250
0 0.662109 0.728516 0.027344 0.027344
0 0.757812 0.091797 0.027344 0.027344
0 0.164062 0.113281 0.023438 0.023438
0 0.556641 0.925781 0.035156 0.035156
0 0.113281 0.314453 0.023438 0.023438
0 0.951172 0.281250 0.031250 0.031250
0 0.931641 0.242188 0.035156 0.035156
0 0.498047 0.177734 0.035156 0.035156
0 0.755859 0.406250 0.023438 0.023438
0 0.789062 0.919922 0.027344 0.027344
0 0.033203 0.486328 0.027344 0.027344
0 0.779297 0.021484 0.031250 0.031250
0 0.751953 0.593750 0.035156 0.035156
0 0.390625 0.380859 0.035156 0.035156
0 0.224609 0.873047 0.031250 0.031250
0 0.304688 0.171875 0.027344 0.027344
0 0.357422 0.912109 0.023438 0.023438
0 0.757812 0.636719 0.035156 0.035156
0 0.273438 0.296875 0.023438 0.023438
0 0.533203 0.365234 0.035156 0.035156
0 0.369141 0.699219 0.031250 0.031250
0 0.015625 0.294922 0.031250 0.031250
0 0.498047 0.662109 0.023438 0.023438
0 0.658203 0.195312 0.023438 0.023438
0 0.158203 0.843750 0.027344 0.027344
0 0.525391 0.185547 0.035156 0.035156
0 0.388672 0.433594 0.031250 0.031250
0 0.228516 0.539062 0.035156 0.035156
1 0.314453 0.417969 0.012452 0.031982
1 0.339844 0.689453 0.033284 0.037996
1 0.603516 0.308594 0.057992 0.021422
1 0.832031 0.593750 0.035836 0.026843
1 0.302734 0.291016 0.032590 0.036201
1 0.488281 0.652344 0.020826 0.033629
1 0.285156 0.375000 0.025209 0.047388
1 0.873047 0.267578 0.037596 0.036970
1 0.478516 0.908203 0.013012 0.047442
1 0.945312 0.833984 0.021890 0.035209
1 0.445312 0.207031 0.039539 0.034630
1 0.724609 0.312500 0.047199 0.049416
1 0.662109 0.408203 0.035946 0.038450
1 0.500000 0.611328 0.045766 0.016772
1 0.642578 0.085938 0.037308 0.012365
1 0.318359 0.792969 0.040479 0.036437
1 0.841797 0.109375 0.021756 0.033808
1 0.564453 0.595703 0.025784 0.030953
1 0.810547 0.246094 0.054307 0.022621
1 0.240234 0.826172 0.027044 0.048056