0 0.332031 0.097656 0.023438 0.023438
0 0.222656 0.189453 0.027344 0.027344
0 0.720703 0.343750 0.031250 0.031250
0 0.865234 0.652344 0.027344 0.027344
0 0.101562 0.244141 0.027344 0.027344
0 0.152344 0.628906 0.023438 0.023438
0 0.097656 0.197266 0.023438 0.023438
0 0.400391 0.099609 0.035156 0.035156
0 0.660156 0.205078 0.031250 0.031250
0 0.253906 0.808594 0.031250 0.031250
0 0.277344 0.314453 0.031250 0.031250
0 0.023438 0.664062 0.023438 0.023438
0 0.396484 0.775391 0.023438 0.023438
0 0.484375 0.242188 0.031250 0.031250
0 0.634766 0.972656 0.023438 0.023438
0 0.626953 0.429688 0.031250 0.031250
0 0.335938 0.109375 0.027344 0.027344
0 0.312500 0.857422 0.023438 0.023438
0 0.787109 0.503906 0.031250 0.031250
0 0.339844 0.755859 0.031250 0.031250
0 0.845703 0.197266 0.035156 0.035156
0 0.615234 0.753906 0.035156 0.035156
0 0.431641 0.292969 0.023438 0.023438
0 0.316406 0.089844 0.023438 0.023438
0 0.888672 0.558594 0.031250 0.031250
0 0.625000 0.447266 0.035156 0.035156
0 0.412109 0.214844 0.023438 0.023438
0 0.583984 0.453125 0.035156 0.035156
0 0.367188 0.386719 0.031250 0.031250
0 0.718750 0.128906 0.035156 0.035156
1 0.107422 0.246094 0.032082 0.050976
1 0.242188 0.916016 0.044718 0.043657
1 0.162109 0.552734 0.047175 0.043850
1 0.292969 0.517578 0.013236 0.029870
1 0.503906 0.134766 0.048772 0.028188
1 0.302734 0.250000 0.034525 0.048558
1 0.363281 0.378906 0.036214 0.016684
1 0.740234 0.283203 0.052044 0.025262
1 0.304688 0.455078 0.052555 0.024745
1 0.324219 0.470703 0.027249 0.037640
1 0.212891 0.228516 0.052418 0.039769
1 0.443359 0.050781 0.029062 0.041865
1 0.083984 0.929688 0.031552 0.056065
1 0.648438 0.589844 0.019283 0.048192
1 0.599609 0.525391 0.026876 0.043218
1 0.427734 0.126953 0.018975 0.040585
1 0.142578 0.285156 0.017079 0.044012
1 0.339844 0.220703 0.052177 0.046881
1 0.439453 0.662109 0.042903 0.050309
1 0.164062 0.525391 0.039518 0.024470