0 0.917969 0.386719 0.023438 0.023438
0 0.607422 0.292969 0.023438 0.023438
0 0.734375 0.509766 0.027344 0.027344
0 0.703125 0.298828 0.023438 0.023438
0 0.925781 0.292969 0.023438 0.023438
0 0.386719 0.474609 0.031250 0.031250
0 0.603516 0.708984 0.035156 0.035156
0 0.320312 0.169922 0.031250 0.031250
0 0.224609 0.664062 0.035156 0.035156
0 0.576172 0.933594 0.035156 0.035156
0 0.878906 0.027344 0.035156 0.035156
0 0.285156 0.253906 0.031250 0.031250
0 0.488281 0.238281 0.023438 0.023438
0 0.843750 0.017578 0.031250 0.031250
0 0.705078 0.404297 0.027344 0.027344
0 0.328125 0.666016 0.035156 0.035156
0 0.169922 0.068359 0.031250 0.031250
0 0.759766 0.283203 0.023438 0.023438
0 0.039062 0.150391 0.027344 0.027344
0 0.945312 0.152344 0.023438 0.023438
0 0.253906 0.066406 0.027344 0.027344
0 0.929688 0.335938 0.031250 0.031250
0 0.695312 0.474609 0.023438 0.023438
0 0.865234 0.652344 0.031250 0.031250
0 0.878906 0.412109 0.023438 0.023438
0 0.509766 0.281250 0.023438 0.023438
0 0.796875 0.861328 0.027344 0.027344
0 0.080078 0.539062 0.031250 0.031250
0 0.300781 0.117188 0.035156 0.035156
0 0.373047 0.285156 0.031250 0.031250
1 0.511719 0.912109 0.016673 0.045896
1 0.417969 0.986328 0.040265 0.018926
1 0.123047 0.695312 0.036838 0.040208
1 0.330078 0.953125 0.035524 0.021298
1 0.558594 0.779297 0.035610 0.021800
1 0.601562 0.080078 0.016769 0.038379
1 0.837891 0.191406 0.037712 0.024872
1 0.310547 0.480469 0.049185 0.044370
1 0.062500 0.380859 0.022032 0.040779
1 0.154297 0.318359 0.056902 0.037118
1 0.847656 0.167969 0.031559 0.038937
1 0.873047 0.789062 0.032484 0.038240
1 0.060547 0.921875 0.017590 0.057456
1 0.546875 0.925781 0.033252 0.037865
1 0.103516 0.509766 0.032988 0.026663
1 0.835938 0.960938 0.031256 0.049206
1 0.361328 0.789062 0.035908 0.035908
1 0.488281 0.755859 0.052505 0.038207
1 0.222656 0.755859 0.038961 0.035208
1 0.658203 0.312500 0.043097 0.028611