0 0.533203 0.160156 0.027344 0.027344
0 0.070312 0.507812 0.031250 0.031250
0 0.525391 0.330078 0.023438 0.023438
0 0.482422 0.759766 0.031250 0.031250
0 0.072266 0.103516 0.027344 0.027344
0 0.177734 0.638672 0.035156 0.035156
0 0.628906 0.203125 0.031250 0.031250
0 0.507812 0.943359 0.031250 0.031250
0 0.410156 0.410156 0.027344 0.027344
0 0.968750 0.556641 0.027344 0.027344
0 0.398438 0.316406 0.023438 0.023438
0 0.041016 0.455078 0.023438 0.023438
0 0.402344 0.769531 0.027344 0.027344
0 0.941406 0.494141 0.031250 0.031250
0 0.246094 0.093750 0.027344 0.027344
0 0.884766 0.023438 0.031250 0.031250
0 0.601562 0.671875 0.031250 0.031250
0 0.246094 0.197266 0.031250 0.031250
0 0.710938 0.550781 0.031250 0.031250
0 0.701172 0.156250 0.027344 0.027344
0 0.142578 0.099609 0.027344 0.027344
0 0.136719 0.324219 0.027344 0.027344
0 0.257812 0.822266 0.023438 0.023438
0 0.164062 0.472656 0.031250 0.031250
0 0.406250 0.664062 0.031250 0.031250
0 0.597656 0.888672 0.023438 0.023438
0 0.085938 0.917969 0.023438 0.023438
0 0.810547 0.107422 0.023438 0.023438
0 0.083984 0.724609 0.035156 0.035156
0 0.060547 0.878906 0.023438 0.023438
1 0.916016 0.925781 0.014551 0.041733
1 0.408203 0.669922 0.041369 0.038623
1 0.683594 0.640625 0.022294 0.035685
1 0.464844 0.525391 0.035321 0.010378
1 0.501953 0.865234 0.016628 0.030887
1 0.753906 0.203125 0.029972 0.015186
1 0.867188 0.242188 0.027417 0.032602
1 0.812500 0.666016 0.036089 0.023221
1 0.439453 0.376953 0.022946 0.046424
1 0.355469 0.550781 0.039039 0.052822
1 0.810547 0.109375 0.020791 0.035428
1 0.357422 0.236328 0.038878 0.020924
1 0.357422 0.843750 0.035040 0.030244
1 0.873047 0.197266 0.038914 0.022056
1 0.156250 0.015625 0.044489 0.037569
1 0.710938 0.541016 0.045919 0.021060
1 0.949219 0.058594 0.031689 0.044492
1 0.160156 0.152344 0.046886 0.044139
1 0.171875 0.652344 0.027955 0.042125
1 0.595703 0.525391 0.042026 0.021962