0 0.669922 0.740234 0.031250 0.031250
0 0.689453 0.886719 0.027344 0.027344
0 0.591797 0.234375 0.035156 0.035156
0 0.767578 0.488281 0.027344 0.027344
0 0.318359 0.134766 0.031250 0.031250
0 0.396484 0.496094 0.031250 0.031250
0 0.675781 0.164062 0.031250 0.031250
0 0.910156 0.345703 0.023438 0.023438
0 0.316406 0.511719 0.027344 0.027344
0 0.486328 0.923828 0.031250 0.031250
0 0.568359 0.857422 0.031250 0.031250
0 0.953125 0.126953 0.023438 0.023438
0 0.781250 0.605469 0.031250 0.031250
0 0.808594 0.021484 0.035156 0.035156
0 0.486328 0.630859 0.031250 0.031250
0 0.062500 0.306641 0.027344 0.027344
0 0.537109 0.824219 0.023438 0.023438
0 0.048828 0.908203 0.023438 0.023438
0 0.294922 0.945312 0.023438 0.023438
0 0.863281 0.941406 0.035156 0.035156
0 0.269531 0.175781 0.023438 0.023438
0 0.464844 0.587891 0.027344 0.027344
0 0.376953 0.757812 0.023438 0.023438
0 0.646484 0.105469 0.031250 0.031250
0 0.019531 0.869141 0.035156 0.035156
0 0.175781 0.046875 0.023438 0.023438
0 0.244141 0.970703 0.031250 0.031250
0 0.177734 0.421875 0.031250 0.031250
0 0.228516 0.564453 0.031250 0.031250
0 0.292969 0.312500 0.031250 0.031250
1 0.773438 0.359375 0.032167 0.040781
1 0.609375 0.474609 0.044060 0.018486
1 0.818359 0.357422 0.051831 0.017820
1 0.812500 0.441406 0.017585 0.044182
1 0.431641 0.615234 0.027678 0.054460
1 0.113281 0.330078 0.041784 0.038123
1 0.507812 0.013672 0.011055 0.037428
1 0.412109 0.273438 0.029771 0.047589
1 0.304688 0.609375 0.043441 0.030520
1 0.890625 0.185547 0.050289 0.031664
1 0.814453 0.935547 0.027309 0.041340
1 0.230469 0.935547 0.042125 0.017412
1 0.253906 0.453125 0.034914 0.018366
1 0.511719 0.218750 0.040070 0.033589
1 0.595703 0.785156 0.023216 0.040772
1 0.283203 0.052734 0.046491 0.031376
1 0.080078 0.792969 0.012734 0.029688
1 0.568359 0.542969 0.056363 0.027360
1 0.867188 0.107422 0.032810 0.016967
1 0.544922 0.062500 0.039315 0.022243