0 0.712891 0.265625 0.035156 0.035156
0 0.417969 0.939453 0.023438 0.023438
0 0.578125 0.103516 0.027344 0.027344
0 0.761719 0.583984 0.035156 0.035156
0 0.867188 0.173828 0.031250 0.031250
0 0.578125 0.525391 0.035156 0.035156
0 0.730469 0.347656 0.031250 0.031250
0 0.111328 0.292969 0.035156 0.035156
0 0.205078 0.183594 0.035156 0.035156
0 0.572266 0.427734 0.023438 0.023438
0 0.865234 0.185547 0.027344 0.027344
0 0.675781 0.640625 0.035156 0.035156
0 0.449219 0.892578 0.031250 0.031250
0 0.433594 0.021484 0.023438 0.023438
0 0.056641 0.431641 0.023438 0.023438
0 0.404297 0.109375 0.031250 0.031250
0 0.072266 0.673828 0.023438 0.023438
0 0.919922 0.125000 0.031250 0.031250
0 0.357422 0.527344 0.035156 0.035156
0 0.939453 0.226562 0.023438 0.023438
0 0.798828 0.535156 0.027344 0.027344
0 0.498047 0.908203 0.031250 0.031250
0 0.742188 0.748047 0.035156 0.035156
0 0.214844 0.179688 0.031250 0.031250
0 0.304688 0.208984 0.035156 0.035156
0 0.402344 0.283203 0.031250 0.031250
0 0.876953 0.236328 0.035156 0.035156
0 0.843750 0.947266 0.031250 0.031250
0 0.380859 0.712891 0.031250 0.031250
0 0.496094 0.681641 0.031250 0.031250
1 0.748047 0.052734 0.014556 0.051012
1 0.738281 0.560547 0.041383 0.026208
1 0.800781 0.410156 0.029888 0.051473
1 0.130859 0.144531 0.030464 0.014228
1 0.341797 0.535156 0.040073 0.015738
1 0.070312 0.537109 0.051712 0.019276
1 0.826172 0.457031 0.047988 0.045867
1 0.500000 0.203125 0.038794 0.019766
1 0.314453 0.408203 0.031633 0.043071
1 0.914062 0.027344 0.055397 0.029716
1 0.056641 0.755859 0.022998 0.033345
1 0.263672 0.025391 0.038623 0.041369
1 0.498047 0.599609 0.024376 0.049456
1 0.039062 0.824219 0.034787 0.034256
1 0.306641 0.507812 0.037543 0.053580
1 0.812500 0.779297 0.014283 0.035390
1 0.214844 0.037109 0.029726 0.033185
1 0.671875 0.666016 0.039961 0.014453
1 0.896484 0.910156 0.031895 0.045478
1 0.466797 0.777344 0.050705 0.026601