0 0.505859 0.373047 0.035156 0.035156
0 0.941406 0.285156 0.023438 0.023438
0 0.292969 0.228516 0.031250 0.031250
0 0.962891 0.664062 0.027344 0.027344
0 0.406250 0.554688 0.027344 0.027344
0 0.281250 0.484375 0.031250 0.031250
0 0.529297 0.652344 0.027344 0.027344
0 0.554688 0.523438 0.031250 0.031250
0 0.050781 0.216797 0.031250 0.031250
0 0.203125 0.970703 0.023438 0.023438
0 0.443359 0.072266 0.023438 0.023438
0 0.498047 0.013672 0.027344 0.027344
0 0.115234 0.273438 0.023438 0.023438
0 0.525391 0.437500 0.035156 0.035156
0 0.695312 0.062500 0.023438 0.023438
0 0.335938 0.138672 0.031250 0.031250
0 0.037109 0.037109 0.031250 0.031250
0 0.283203 0.185547 0.031250 0.031250
0 0.304688 0.164062 0.031250 0.031250
0 0.134766 0.466797 0.023438 0.023438
0 0.519531 0.113281 0.027344 0.027344
0 0.570312 0.314453 0.031250 0.031250
0 0.431641 0.968750 0.035156 0.035156
0 0.177734 0.042969 0.035156 0.035156
0 0.503906 0.269531 0.023438 0.023438
0 0.533203 0.681641 0.027344 0.027344
0 0.650391 0.025391 0.023438 0.023438
0 0.560547 0.517578 0.035156 0.035156
0 0.375000 0.166016 0.027344 0.027344
0 0.263672 0.269531 0.035156 0.035156
1 0.718750 0.099609 0.032590 0.036201
1 0.283203 0.322266 0.017094 0.030995
1 0.080078 0.171875 0.029771 0.047589
1 0.759766 0.412109 0.050728 0.042271
1 0.912109 0.460938 0.048537 0.021604
1 0.773438 0.068359 0.037896 0.056674
1 0.736328 0.716797 0.055682 0.033953
1 0.673828 0.695312 0.039924 0.037227
1 0.802734 0.433594 0.029787 0.030943
1 0.332031 0.925781 0.015379 0.041976
1 0.886719 0.220703 0.015800 0.041675
1 0.769531 0.166016 0.050652 0.024305
1 0.921875 0.869141 0.010987 0.035476
1 0.496094 0.947266 0.040051 0.040051
1 0.843750 0.687500 0.043133 0.010514
1 0.867188 0.408203 0.044718 0.043657
1 0.140625 0.761719 0.026861 0.028306
1 0.277344 0.416016 0.016545 0.032646
1 0.265625 0.128906 0.050652 0.024305
1 0.462891 0.822266 0.051989 0.019518