0 0.382812 0.080078 0.023438 0.023438
0 0.687500 0.744141 0.035156 0.035156
0 0.029297 0.638672 0.023438 0.023438
0 0.726562 0.685547 0.023438 0.023438
0 0.712891 0.966797 0.027344 0.027344
0 0.640625 0.830078 0.031250 0.031250
0 0.691406 0.185547 0.027344 0.027344
0 0.701172 0.931641 0.031250 0.031250
0 0.867188 0.539062 0.031250 0.031250
0 0.291016 0.568359 0.023438 0.023438
0 0.136719 0.357422 0.027344 0.027344
0 0.742188 0.755859 0.027344 0.027344
0 0.150391 0.935547 0.031250 0.031250
0 0.355469 0.128906 0.035156 0.035156
0 0.332031 0.839844 0.023438 0.023438
0 0.445312 0.687500 0.031250 0.031250
0 0.369141 0.726562 0.031250 0.031250
0 0.220703 0.449219 0.027344 0.027344
0 0.769531 0.974609 0.023438 0.023438
0 0.044922 0.132812 0.035156 0.035156
0 0.111328 0.820312 0.027344 0.027344
0 0.851562 0.439453 0.023438 0.023438
0 0.699219 0.197266 0.027344 0.027344
0 0.259766 0.447266 0.023438 0.023438
0 0.986328 0.259766 0.023438 0.023438
0 0.013672 0.859375 0.023438 0.023438
0 0.587891 0.941406 0.031250 0.031250
0 0.029297 0.322266 0.031250 0.031250
0 0.865234 0.572266 0.023438 0.023438
0 0.734375 0.521484 0.035156 0.035156
1 0.138672 0.273438 0.031250 0.009766
1 0.232422 0.205078 0.022956 0.038065
1 0.416016 0.572266 0.030357 0.054156
1 0.580078 0.939453 0.050976 0.032082
1 0.849609 0.300781 0.027462 0.043191
1 0.771484 0.962891 0.032372 0.031071
1 0.904297 0.732422 0.045553 0.024541
1 0.919922 0.792969 0.055817 0.019313
1 0.421875 0.132812 0.035874 0.012793
1 0.753906 0.759766 0.019584 0.040645
1 0.859375 0.587891 0.023708 0.035990
1 0.568359 0.988281 0.023775 0.034018
1 0.453125 0.921875 0.034221 0.031909
1 0.591797 0.794922 0.018931 0.033157
1 0.582031 0.560547 0.045309 0.025883
1 0.228516 0.857422 0.028470 0.044656
1 0.677734 0.880859 0.039613 0.052247
1 0.929688 0.783203 0.027123 0.028087
1 0.484375 0.896484 0.054919 0.032155
1 0.214844 0.074219 0.042929 0.036394