0 0.015625 0.361328 0.027344 0.027344
0 0.310547 0.566406 0.031250 0.031250
0 0.416016 0.916016 0.031250 0.031250
0 0.339844 0.503906 0.035156 0.035156
0 0.865234 0.800781 0.035156 0.035156
0 0.175781 0.781250 0.023438 0.023438
0 0.201172 0.638672 0.023438 0.023438
0 0.042969 0.037109 0.031250 0.031250
0 0.582031 0.644531 0.031250 0.031250
0 0.708984 0.945312 0.027344 0.027344
0 0.250000 0.265625 0.035156 0.035156
0 0.687500 0.476562 0.031250 0.031250
0 0.035156 0.898438 0.023438 0.023438
0 0.156250 0.337891 0.027344 0.027344
0 0.564453 0.378906 0.035156 0.035156
0 0.607422 0.937500 0.035156 0.035156
0 0.044922 0.964844 0.031250 0.031250
0 0.779297 0.246094 0.031250 0.031250
0 0.492188 0.162109 0.035156 0.035156
0 0.320312 0.488281 0.035156 0.035156
0 0.863281 0.105469 0.031250 0.031250
0 0.464844 0.691406 0.023438 0.023438
0 0.367188 0.041016 0.023438 0.023438
0 0.533203 0.466797 0.027344 0.027344
0 0.533203 0.486328 0.023438 0.023438
0 0.970703 0.318359 0.023438 0.023438
0 0.916016 0.035156 0.031250 0.031250
0 0.029297 0.466797 0.035156 0.035156
0 0.029297 0.566406 0.031250 0.031250
0 0.736328 0.332031 0.031250 0.031250
1 0.427734 0.955078 0.026779 0.048824
1 0.728516 0.320312 0.039143 0.031103
1 0.919922 0.464844 0.015641 0.057320
1 0.226562 0.144531 0.046794 0.027987
1 0.878906 0.769531 0.035164 0.026478
1 0.078125 0.593750 0.046467 0.047431
1 0.431641 0.076172 0.050609 0.038549
1 0.816406 0.156250 0.024383 0.034096
1 0.050781 0.169922 0.025844 0.050703
1 0.107422 0.546875 0.034400 0.028164
1 0.806641 0.556641 0.054124 0.020878
1 0.066406 0.441406 0.057021 0.025899
1 0.669922 0.740234 0.037498 0.025549
1 0.353516 0.091797 0.030920 0.029764
1 0.892578 0.291016 0.045575 0.045575
1 0.929688 0.478516 0.037057 0.022009
1 0.427734 0.935547 0.046333 0.020075
1 0.822266 0.828125 0.043535 0.031507
1 0.107422 0.746094 0.032451 0.033800
1 0.138672 0.662109 0.035169 0.041218