0 0.445312 0.708984 0.027344 0.027344
0 0.257812 0.628906 0.031250 0.031250
0 0.093750 0.962891 0.035156 0.035156
0 0.062500 0.724609 0.023438 0.023438
0 0.199219 0.029297 0.035156 0.035156
0 0.929688 0.060547 0.031250 0.031250
0 0.054688 0.949219 0.027344 0.027344
0 0.861328 0.820312 0.023438 0.023438
0 0.525391 0.083984 0.035156 0.035156
0 0.550781 0.789062 0.023438 0.023438
0 0.261719 0.417969 0.031250 0.031250
0 0.775391 0.560547 0.027344 0.027344
0 0.744141 0.662109 0.031250 0.031250
0 0.492188 0.742188 0.031250 0.031250
0 0.515625 0.197266 0.027344 0.027344
0 0.574219 0.669922 0.035156 0.035156
0 0.718750 0.728516 0.027344 0.027344
0 0.105469 0.214844 0.023438 0.023438
0 0.808594 0.644531 0.031250 0.031250
0 0.572266 0.466797 0.031250 0.031250
0 0.605469 0.046875 0.027344 0.027344
0 0.195312 0.476562 0.031250 0.031250
0 0.566406 0.703125 0.031250 0.031250
0 0.675781 0.398438 0.031250 0.031250
0 0.455078 0.171875 0.031250 0.031250
0 0.757812 0.878906 0.027344 0.027344
0 0.673828 0.617188 0.035156 0.035156
0 0.900391 0.402344 0.027344 0.027344
0 0.050781 0.625000 0.035156 0.035156
0 0.376953 0.591797 0.035156 0.035156
1 0.689453 0.482422 0.043240 0.049973
1 0.371094 0.226562 0.036177 0.022726
1 0.832031 0.371094 0.019216 0.055786
1 0.671875 0.978516 0.042556 0.019990
1 0.730469 0.779297 0.012058 0.033803
1 0.583984 0.767578 0.037465 0.044379
1 0.951172 0.705078 0.023859 0.045654
1 0.400391 0.667969 0.042858 0.030268
1 0.123047 0.781250 0.010918 0.033524
1 0.873047 0.582031 0.028240 0.038138
1 0.193359 0.189453 0.034856 0.045547
1 0.593750 0.648438 0.018476 0.032740
1 0.482422 0.675781 0.033954 0.028957
1 0.529297 0.525391 0.030507 0.015202
1 0.531250 0.941406 0.040846 0.039207
1 0.662109 0.150391 0.039547 0.025540
1 0.330078 0.587891 0.050604 0.023525
1 0.912109 0.171875 0.055235 0.013557
1 0.310547 0.527344 0.013387 0.035984
1 0.242188 0.660156 0.038211 0.021869