0 0.824219 0.916016 0.031250 0.031250
0 0.818359 0.707031 0.027344 0.027344
0 0.451172 0.689453 0.031250 0.031250
0 0.607422 0.804688 0.031250 0.031250
0 0.574219 0.123047 0.027344 0.027344
0 0.753906 0.978516 0.023438 0.023438
0 0.656250 0.503906 0.027344 0.027344
0 0.152344 0.843750 0.035156 0.035156
0 0.246094 0.402344 0.023438 0.023438
0 0.886719 0.591797 0.027344 0.027344
0 0.726562 0.179688 0.023438 0.023438
0 0.972656 0.212891 0.027344 0.027344
0 0.886719 0.455078 0.027344 0.027344
0 0.396484 0.707031 0.023438 0.023438
0 0.167969 0.693359 0.023438 0.023438
0 0.314453 0.609375 0.035156 0.035156
0 0.453125 0.900391 0.027344 0.027344
0 0.023438 0.841797 0.031250 0.031250
0 0.123047 0.091797 0.027344 0.027344
0 0.066406 0.453125 0.031250 0.031250
0 0.414062 0.691406 0.031250 0.031250
0 0.896484 0.304688 0.035156 0.035156
0 0.535156 0.154297 0.023438 0.023438
0 0.876953 0.343750 0.023438 0.023438
0 0.964844 0.080078 0.031250 0.031250
0 0.339844 0.443359 0.031250 0.031250
0 0.939453 0.894531 0.035156 0.035156
0 0.560547 0.712891 0.027344 0.027344
0 0.099609 0.021484 0.027344 0.027344
0 0.410156 0.039062 0.027344 0.027344
1 0.681641 0.912109 0.043687 0.054239
1 0.183594 0.845703 0.038093 0.041704
1 0.521484 0.031250 0.037176 0.029826
1 0.441406 0.746094 0.038726 0.048319
1 0.824219 0.513672 0.022294 0.035685
1 0.722656 0.041016 0.020586 0.042767
1 0.421875 0.279297 0.040406 0.039683
1 0.771484 0.275391 0.039885 0.053918
1 0.154297 0.261719 0.037599 0.030405
1 0.103516 0.294922 0.030994 0.036791
1 0.144531 0.039062 0.035101 0.039193
1 0.816406 0.171875 0.029103 0.047728
1 0.275391 0.302734 0.029158 0.037845
1 0.751953 0.945312 0.014624 0.054918
1 0.902344 0.931641 0.017876 0.049834
1 0.117188 0.179688 0.053775 0.027441
1 0.523438 0.447266 0.056363 0.027360
1 0.742188 0.359375 0.038311 0.020755
1 0.542969 0.468750 0.034270 0.041649
1 0.451172 0.087891 0.031716 0.034414