0 0.337891 0.578125 0.027344 0.027344
0 0.486328 0.357422 0.035156 0.035156
0 0.343750 0.617188 0.023438 0.023438
0 0.199219 0.746094 0.035156 0.035156
0 0.814453 0.371094 0.027344 0.027344
0 0.837891 0.357422 0.027344 0.027344
0 0.412109 0.292969 0.027344 0.027344
0 0.898438 0.619141 0.031250 0.031250
0 0.515625 0.251953 0.027344 0.027344
0 0.404297 0.443359 0.035156 0.035156
0 0.347656 0.755859 0.027344 0.027344
0 0.962891 0.505859 0.031250 0.031250
0 0.539062 0.421875 0.031250 0.031250
0 0.460938 0.439453 0.027344 0.027344
0 0.609375 0.087891 0.027344 0.027344
0 0.404297 0.179688 0.027344 0.027344
0 0.519531 0.439453 0.035156 0.035156
0 0.273438 0.363281 0.027344 0.027344
0 0.074219 0.876953 0.031250 0.031250
0 0.515625 0.427734 0.031250 0.031250
0 0.070312 0.085938 0.035156 0.035156
0 0.839844 0.326172 0.023438 0.023438
0 0.566406 0.894531 0.023438 0.023438
0 0.773438 0.837891 0.035156 0.035156
0 0.091797 0.318359 0.023438 0.023438
0 0.980469 0.441406 0.035156 0.035156
0 0.218750 0.640625 0.027344 0.027344
0 0.113281 0.130859 0.023438 0.023438
0 0.207031 0.500000 0.035156 0.035156
0 0.404297 0.904297 0.027344 0.027344
1 0.884766 0.644531 0.040503 0.033157
1 0.105469 0.498047 0.029002 0.037377
1 0.855469 0.630859 0.043258 0.039404
1 0.431641 0.201172 0.055372 0.015505
1 0.392578 0.292969 0.015738 0.040073
1 0.521484 0.687500 0.036848 0.049275
1 0.328125 0.884766 0.058163 0.029635
1 0.332031 0.492188 0.024767 0.038797
1 0.234375 0.236328 0.054516 0.033733
1 0.500000 0.052734 0.046105 0.018293
1 0.542969 0.890625 0.029531 0.014181
1 0.216797 0.089844 0.030383 0.030383
1 0.652344 0.009766 0.045438 0.025216
1 0.351562 0.609375 0.052466 0.029460
1 0.798828 0.125000 0.046759 0.036996
1 0.521484 0.972656 0.025877 0.049223
1 0.841797 0.304688 0.033845 0.037697
1 0.515625 0.130859 0.058249 0.027866
1 0.074219 0.189453 0.020020 0.050121
1 0.419922 0.183594 0.014624 0.054918