0 0.464844 0.697266 0.023438 0.023438
0 0.861328 0.724609 0.035156 0.035156
0 0.525391 0.839844 0.023438 0.023438
0 0.611328 0.253906 0.035156 0.035156
0 0.060547 0.787109 0.031250 0.031250
0 0.087891 0.710938 0.023438 0.023438
0 0.273438 0.583984 0.035156 0.035156
0 0.199219 0.746094 0.023438 0.023438
0 0.519531 0.960938 0.031250 0.031250
0 0.265625 0.736328 0.023438 0.023438
0 0.677734 0.164062 0.023438 0.023438
0 0.808594 0.433594 0.027344 0.027344
0 0.568359 0.816406 0.031250 0.031250
0 0.654297 0.794922 0.035156 0.035156
0 0.214844 0.812500 0.023438 0.023438
0 0.498047 0.701172 0.035156 0.035156
0 0.796875 0.865234 0.027344 0.027344
0 0.148438 0.724609 0.023438 0.023438
0 0.451172 0.441406 0.031250 0.031250
0 0.222656 0.029297 0.035156 0.035156
0 0.867188 0.427734 0.023438 0.023438
0 0.857422 0.218750 0.023438 0.023438
0 0.423828 0.695312 0.027344 0.027344
0 0.652344 0.201172 0.031250 0.031250
0 0.824219 0.619141 0.035156 0.035156
0 0.214844 0.349609 0.027344 0.027344
0 0.318359 0.376953 0.027344 0.027344
0 0.908203 0.308594 0.035156 0.035156
0 0.527344 0.623047 0.027344 0.027344
0 0.060547 0.177734 0.023438 0.023438
1 0.417969 0.585938 0.051553 0.037262
1 0.199219 0.986328 0.040109 0.015756
1 0.251953 0.552734 0.031424 0.023742
1 0.623047 0.044922 0.049923 0.031038
1 0.589844 0.958984 0.033525 0.020351
1 0.781250 0.285156 0.053051 0.045645
1 0.902344 0.898438 0.033403 0.012296
1 0.539062 0.255859 0.056717 0.032918
1 0.611328 0.521484 0.046015 0.017106
1 0.179688 0.929688 0.021447 0.052295
1 0.294922 0.644531 0.048084 0.045771
1 0.412109 0.398438 0.036298 0.038177
1 0.375000 0.914062 0.046412 0.029326
1 0.468750 0.519531 0.053434 0.032751
1 0.730469 0.916016 0.043889 0.049666
1 0.791016 0.570312 0.017371 0.055613
1 0.382812 0.316406 0.035984 0.013387
1 0.439453 0.941406 0.045959 0.038613
1 0.255859 0.302734 0.045478 0.031895
1 0.382812 0.666016 0.045930 0.028340