0 0.869141 0.603516 0.031250 0.031250
0 0.160156 0.916016 0.023438 0.023438
0 0.964844 0.685547 0.031250 0.031250
0 0.119141 0.835938 0.031250 0.031250
0 0.212891 0.259766 0.031250 0.031250
0 0.302734 0.568359 0.027344 0.027344
0 0.849609 0.666016 0.027344 0.027344
0 0.701172 0.869141 0.027344 0.027344
0 0.802734 0.693359 0.023438 0.023438
0 0.076172 0.337891 0.023438 0.023438
0 0.183594 0.437500 0.035156 0.035156
0 0.755859 0.212891 0.031250 0.031250
0 0.800781 0.779297 0.027344 0.027344
0 0.652344 0.103516 0.027344 0.027344
0 0.460938 0.890625 0.023438 0.023438
0 0.333984 0.763672 0.023438 0.023438
0 0.509766 0.361328 0.035156 0.035156
0 0.630859 0.054688 0.035156 0.035156
0 0.849609 0.119141 0.031250 0.031250
0 0.158203 0.193359 0.035156 0.035156
0 0.958984 0.976562 0.031250 0.031250
0 0.216797 0.916016 0.027344 0.027344
0 0.777344 0.349609 0.035156 0.035156
0 0.955078 0.886719 0.027344 0.027344
0 0.730469 0.564453 0.031250 0.031250
0 0.761719 0.554688 0.031250 0.031250
0 0.607422 0.457031 0.035156 0.035156
0 0.033203 0.398438 0.035156 0.035156
0 0.140625 0.101562 0.031250 0.031250
0 0.501953 0.064453 0.023438 0.023438
1 0.056641 0.689453 0.032233 0.033968
1 0.906250 0.326172 0.020343 0.045950
1 0.072266 0.964844 0.027584 0.039462
1 0.367188 0.310547 0.028015 0.052731
1 0.521484 0.291016 0.049664 0.015930
1 0.490234 0.433594 0.036474 0.017981
1 0.257812 0.652344 0.023199 0.042650
1 0.066406 0.708984 0.037617 0.023353
1 0.367188 0.011719 0.030629 0.045973
1 0.560547 0.699219 0.055342 0.035503
1 0.296875 0.691406 0.036434 0.046997
1 0.578125 0.779297 0.051918 0.018672
1 0.291016 0.017578 0.040162 0.047568
1 0.470703 0.960938 0.035293 0.029550
1 0.458984 0.638672 0.033178 0.040029
1 0.091797 0.314453 0.040967 0.051519
1 0.115234 0.429688 0.031081 0.047268
1 0.125000 0.738281 0.010275 0.029463
1 0.492188 0.173828 0.020048 0.042146
1 0.632812 0.220703 0.038123 0.041784