0 0.734375 0.494141 0.031250 0.031250
0 0.277344 0.515625 0.023438 0.023438
0 0.410156 0.433594 0.035156 0.035156
0 0.916016 0.181641 0.027344 0.027344
0 0.621094 0.074219 0.027344 0.027344
0 0.117188 0.900391 0.031250 0.031250
0 0.328125 0.218750 0.027344 0.027344
0 0.349609 0.089844 0.023438 0.023438
0 0.691406 0.957031 0.035156 0.035156
0 0.150391 0.410156 0.027344 0.027344
0 0.015625 0.474609 0.031250 0.031250
0 0.216797 0.654297 0.023438 0.023438
0 0.357422 0.447266 0.031250 0.031250
0 0.462891 0.408203 0.023438 0.023438
0 0.828125 0.316406 0.035156 0.035156
0 0.339844 0.363281 0.023438 0.023438
0 0.242188 0.011719 0.023438 0.023438
0 0.875000 0.634766 0.035156 0.035156
0 0.658203 0.318359 0.031250 0.031250
0 0.832031 0.330078 0.027344 0.027344
0 0.505859 0.046875 0.031250 0.031250
0 0.496094 0.683594 0.027344 0.027344
0 0.791016 0.052734 0.023438 0.023438
0 0.070312 0.419922 0.027344 0.027344
0 0.703125 0.085938 0.035156 0.035156
0 0.207031 0.162109 0.031250 0.031250
0 0.287109 0.662109 0.027344 0.027344
0 0.574219 0.910156 0.023438 0.023438
0 0.720703 0.808594 0.031250 0.031250
0 0.681641 0.230469 0.035156 0.035156
1 0.642578 0.427734 0.023385 0.051506
1 0.304688 0.714844 0.026743 0.034011
1 0.873047 0.953125 0.013148 0.049390
1 0.203125 0.593750 0.016270 0.053555
1 0.335938 0.207031 0.023867 0.037660
1 0.212891 0.791016 0.041218 0.035169
1 0.503906 0.794922 0.022021 0.052108
1 0.146484 0.869141 0.017785 0.044043
1 0.570312 0.363281 0.046794 0.027987
1 0.402344 0.816406 0.028809 0.033553
1 0.394531 0.253906 0.024032 0.032310
1 0.427734 0.095703 0.027739 0.047961
1 0.123047 0.964844 0.049834 0.017876
1 0.365234 0.976562 0.015698 0.039724
1 0.650391 0.378906 0.016740 0.042088
1 0.296875 0.013672 0.018302 0.040258
1 0.638672 0.218750 0.025846 0.037718
1 0.345703 0.365234 0.020914 0.035179
1 0.873047 0.687500 0.047626 0.034683
1 0.701172 0.191406 0.018905 0.051932