0 0.470703 0.955078 0.035156 0.035156
0 0.437500 0.150391 0.035156 0.035156
0 0.261719 0.271484 0.035156 0.035156
0 0.417969 0.818359 0.027344 0.027344
0 0.023438 0.941406 0.035156 0.035156
0 0.539062 0.705078 0.027344 0.027344
0 0.550781 0.503906 0.027344 0.027344
0 0.281250 0.472656 0.027344 0.027344
0 0.759766 0.269531 0.031250 0.031250
0 0.644531 0.201172 0.031250 0.031250
0 0.945312 0.929688 0.035156 0.035156
0 0.367188 0.283203 0.031250 0.031250
0 0.197266 0.650391 0.035156 0.035156
0 0.316406 0.601562 0.035156 0.035156
0 0.142578 0.820312 0.023438 0.023438
0 0.601562 0.080078 0.027344 0.027344
0 0.361328 0.089844 0.023438 0.023438
0 0.548828 0.421875 0.031250 0.031250
0 0.291016 0.304688 0.027344 0.027344
0 0.666016 0.814453 0.035156 0.035156
0 0.267578 0.212891 0.023438 0.023438
0 0.625000 0.261719 0.031250 0.031250
0 0.177734 0.414062 0.027344 0.027344
0 0.794922 0.707031 0.027344 0.027344
0 0.974609 0.255859 0.023438 0.023438
0 0.105469 0.728516 0.035156 0.035156
0 0.591797 0.500000 0.031250 0.031250
0 0.148438 0.189453 0.035156 0.035156
0 0.736328 0.701172 0.031250 0.031250
0 0.107422 0.154297 0.031250 0.031250
1 0.593750 0.554688 0.025216 0.045438
1 0.759766 0.642578 0.040258 0.018302
1 0.845703 0.083984 0.039329 0.047971
1 0.154297 0.417969 0.028078 0.050742
1 0.837891 0.080078 0.013644 0.045602
1 0.123047 0.546875 0.022234 0.031547
1 0.066406 0.765625 0.052734 0.013672
1 0.777344 0.419922 0.028648 0.057490
1 0.490234 0.138672 0.051043 0.036577
1 0.496094 0.349609 0.046433 0.041619
1 0.062500 0.332031 0.025585 0.035483
1 0.605469 0.335938 0.025705 0.046290
1 0.787109 0.748047 0.026376 0.046221
1 0.287109 0.730469 0.049789 0.046753
1 0.804688 0.871094 0.023866 0.048749
1 0.783203 0.203125 0.023704 0.038879
1 0.371094 0.533203 0.048146 0.034563
1 0.742188 0.042969 0.044353 0.053859
1 0.414062 0.371094 0.041447 0.051039
1 0.544922 0.656250 0.023859 0.045654