0 0.460938 0.931641 0.031250 0.031250
0 0.851562 0.558594 0.023438 0.023438
0 0.935547 0.134766 0.027344 0.027344
0 0.464844 0.626953 0.023438 0.023438
0 0.343750 0.142578 0.035156 0.035156
0 0.390625 0.541016 0.027344 0.027344
0 0.099609 0.365234 0.027344 0.027344
0 0.869141 0.300781 0.031250 0.031250
0 0.285156 0.531250 0.023438 0.023438
0 0.632812 0.791016 0.031250 0.031250
0 0.982422 0.789062 0.027344 0.027344
0 0.568359 0.333984 0.035156 0.035156
0 0.630859 0.894531 0.035156 0.035156
0 0.927734 0.242188 0.027344 0.027344
0 0.640625 0.925781 0.027344 0.027344
0 0.818359 0.207031 0.023438 0.023438
0 0.398438 0.759766 0.027344 0.027344
0 0.550781 0.589844 0.027344 0.027344
0 0.025391 0.105469 0.027344 0.027344
0 0.062500 0.167969 0.035156 0.035156
0 0.958984 0.041016 0.023438 0.023438
0 0.248047 0.578125 0.035156 0.035156
0 0.496094 0.730469 0.031250 0.031250
0 0.121094 0.615234 0.035156 0.035156
0 0.535156 0.156250 0.023438 0.023438
0 0.923828 0.332031 0.027344 0.027344
0 0.458984 0.480469 0.031250 0.031250
0 0.744141 0.869141 0.035156 0.035156
0 0.775391 0.894531 0.027344 0.027344
0 0.076172 0.685547 0.035156 0.035156
1 0.169922 0.087891 0.034991 0.036726
1 0.183594 0.884766 0.047578 0.014960
1 0.419922 0.097656 0.033960 0.027108
1 0.931641 0.939453 0.025018 0.033094
1 0.044922 0.392578 0.030896 0.040793
1 0.804688 0.261719 0.039518 0.024470
1 0.599609 0.437500 0.037350 0.026044
1 0.642578 0.373047 0.030244 0.035040
1 0.720703 0.042969 0.056871 0.014658
1 0.878906 0.685547 0.019759 0.052069
1 0.542969 0.353516 0.055857 0.025474
1 0.646484 0.062500 0.013420 0.053287
1 0.419922 0.667969 0.051223 0.012410
1 0.185547 0.380859 0.012979 0.032100
1 0.046875 0.437500 0.021620 0.044788
1 0.923828 0.511719 0.027305 0.046964
1 0.041016 0.013672 0.021430 0.040765
1 0.876953 0.072266 0.043263 0.031081
1 0.718750 0.279297 0.035689 0.041075
1 0.355469 0.691406 0.045575 0.045575