0 0.882812 0.451172 0.027344 0.027344
0 0.386719 0.802734 0.035156 0.035156
0 0.736328 0.117188 0.023438 0.023438
0 0.771484 0.167969 0.023438 0.023438
0 0.744141 0.957031 0.027344 0.027344
0 0.789062 0.033203 0.027344 0.027344
0 0.216797 0.335938 0.027344 0.027344
0 0.289062 0.349609 0.031250 0.031250
0 0.080078 0.435547 0.027344 0.027344
0 0.863281 0.033203 0.023438 0.023438
0 0.222656 0.818359 0.035156 0.035156
0 0.359375 0.753906 0.023438 0.023438
0 0.859375 0.041016 0.035156 0.035156
0 0.476562 0.808594 0.031250 0.031250
0 0.986328 0.476562 0.023438 0.023438
0 0.457031 0.943359 0.035156 0.035156
0 0.433594 0.201172 0.035156 0.035156
0 0.560547 0.652344 0.027344 0.027344
0 0.166016 0.726562 0.035156 0.035156
0 0.611328 0.417969 0.031250 0.031250
0 0.587891 0.798828 0.027344 0.027344
0 0.509766 0.593750 0.031250 0.031250
0 0.302734 0.751953 0.027344 0.027344
0 0.628906 0.302734 0.035156 0.035156
0 0.410156 0.896484 0.035156 0.035156
0 0.800781 0.458984 0.035156 0.035156
0 0.298828 0.738281 0.027344 0.027344
0 0.166016 0.125000 0.031250 0.031250
0 0.470703 0.361328 0.035156 0.035156
0 0.123047 0.542969 0.031250 0.031250
1 0.857422 0.759766 0.022032 0.040779
1 0.087891 0.972656 0.055470 0.016358
1 0.347656 0.849609 0.021901 0.042962
1 0.742188 0.443359 0.013012 0.047442
1 0.310547 0.539062 0.037672 0.013645
1 0.136719 0.871094 0.010344 0.033369
1 0.923828 0.681641 0.038471 0.054459
1 0.523438 0.583984 0.042871 0.021247
1 0.138672 0.591797 0.057647 0.018534
1 0.525391 0.265625 0.018931 0.033157
1 0.478516 0.636719 0.030566 0.049373
1 0.199219 0.054688 0.010753 0.056802
1 0.466797 0.474609 0.040047 0.022537
1 0.695312 0.082031 0.030037 0.012282
1 0.683594 0.056641 0.016100 0.051609
1 0.863281 0.287109 0.040686 0.044732
1 0.703125 0.537109 0.035695 0.033190
1 0.904297 0.367188 0.030781 0.032661
1 0.271484 0.009766 0.036842 0.040310
1 0.080078 0.763672 0.032233 0.033968