0 0.042969 0.353516 0.035156 0.035156
0 0.308594 0.169922 0.031250 0.031250
0 0.396484 0.882812 0.027344 0.027344
0 0.015625 0.439453 0.027344 0.027344
0 0.943359 0.138672 0.031250 0.031250
0 0.683594 0.476562 0.027344 0.027344
0 0.878906 0.757812 0.031250 0.031250
0 0.263672 0.964844 0.023438 0.023438
0 0.744141 0.720703 0.027344 0.027344
0 0.714844 0.449219 0.023438 0.023438
0 0.933594 0.474609 0.027344 0.027344
0 0.082031 0.611328 0.031250 0.031250
0 0.121094 0.408203 0.023438 0.023438
0 0.585938 0.767578 0.027344 0.027344
0 0.878906 0.865234 0.027344 0.027344
0 0.744141 0.429688 0.031250 0.031250
0 0.062500 0.525391 0.031250 0.031250
0 0.382812 0.843750 0.035156 0.035156
0 0.484375 0.222656 0.023438 0.023438
0 0.298828 0.300781 0.023438 0.023438
0 0.101562 0.392578 0.031250 0.031250
0 0.410156 0.927734 0.035156 0.035156
0 0.548828 0.181641 0.023438 0.023438
0 0.453125 0.380859 0.031250 0.031250
0 0.734375 0.703125 0.031250 0.031250
0 0.423828 0.332031 0.027344 0.027344
0 0.263672 0.416016 0.023438 0.023438
0 0.285156 0.140625 0.031250 0.031250
0 0.261719 0.082031 0.023438 0.023438
0 0.457031 0.285156 0.031250 0.031250
1 0.066406 0.490234 0.028065 0.029799
1 0.689453 0.378906 0.035752 0.012194
1 0.566406 0.205078 0.044492 0.031689
1 0.783203 0.943359 0.017888 0.032849
1 0.218750 0.476562 0.033733 0.054516
1 0.253906 0.628906 0.032610 0.044763
1 0.755859 0.613281 0.014292 0.034239
1 0.226562 0.027344 0.035524 0.021298
1 0.548828 0.021484 0.017015 0.030826
1 0.220703 0.236328 0.032102 0.034028
1 0.359375 0.703125 0.031745 0.036794
1 0.246094 0.158203 0.041080 0.038912
1 0.884766 0.248047 0.024383 0.034096
1 0.859375 0.275391 0.038267 0.021315
1 0.310547 0.480469 0.036922 0.037645
1 0.603516 0.410156 0.039380 0.011123
1 0.421875 0.785156 0.054919 0.032155
1 0.615234 0.166016 0.029062 0.031372
1 0.548828 0.181641 0.014705 0.030548
1 0.253906 0.859375 0.032633 0.020761