0 0.660156 0.623047 0.035156 0.035156
0 0.619141 0.205078 0.035156 0.035156
0 0.214844 0.894531 0.031250 0.031250
0 0.822266 0.687500 0.027344 0.027344
0 0.779297 0.876953 0.023438 0.023438
0 0.587891 0.263672 0.027344 0.027344
0 0.107422 0.296875 0.027344 0.027344
0 0.250000 0.089844 0.031250 0.031250
0 0.105469 0.736328 0.023438 0.023438
0 0.359375 0.332031 0.035156 0.035156
0 0.470703 0.199219 0.027344 0.027344
0 0.630859 0.425781 0.031250 0.031250
0 0.500000 0.845703 0.031250 0.031250
0 0.726562 0.701172 0.031250 0.031250
0 0.390625 0.925781 0.023438 0.023438
0 0.044922 0.859375 0.035156 0.035156
0 0.134766 0.451172 0.023438 0.023438
0 0.357422 0.134766 0.035156 0.035156
0 0.488281 0.335938 0.035156 0.035156
0 0.890625 0.037109 0.035156 0.035156
0 0.539062 0.394531 0.035156 0.035156
0 0.769531 0.259766 0.023438 0.023438
0 0.746094 0.248047 0.031250 0.031250
0 0.675781 0.833984 0.027344 0.027344
0 0.037109 0.318359 0.023438 0.023438
0 0.105469 0.658203 0.027344 0.027344
0 0.083984 0.941406 0.031250 0.031250
0 0.560547 0.089844 0.027344 0.027344
0 0.021484 0.443359 0.027344 0.027344
0 0.203125 0.908203 0.031250 0.031250
1 0.339844 0.531250 0.049663 0.029157
1 0.390625 0.437500 0.025604 0.041442
1 0.162109 0.744141 0.030841 0.026098
1 0.878906 0.484375 0.038897 0.048403
1 0.865234 0.027344 0.022570 0.042657
1 0.955078 0.271484 0.026161 0.032252
1 0.154297 0.390625 0.051727 0.028380
1 0.886719 0.476562 0.023535 0.034041
1 0.613281 0.056641 0.053463 0.045006
1 0.466797 0.447266 0.054156 0.030357
1 0.652344 0.886719 0.015760 0.047718
1 0.873047 0.976562 0.026063 0.048828
1 0.103516 0.906250 0.047940 0.030869
1 0.673828 0.171875 0.026035 0.035329
1 0.511719 0.328125 0.020914 0.035179
1 0.339844 0.675781 0.043200 0.039348
1 0.783203 0.980469 0.041369 0.035218
1 0.962891 0.982422 0.019003 0.036862
1 0.843750 0.470703 0.035845 0.043040
1 0.396484 0.820312 0.042543 0.045724