0 0.765625 0.277344 0.035156 0.035156
0 0.302734 0.267578 0.035156 0.035156
0 0.705078 0.462891 0.023438 0.023438
0 0.333984 0.210938 0.023438 0.023438
0 0.468750 0.914062 0.023438 0.023438
0 0.082031 0.564453 0.023438 0.023438
0 0.480469 0.046875 0.027344 0.027344
0 0.777344 0.289062 0.023438 0.023438
0 0.169922 0.015625 0.027344 0.027344
0 0.515625 0.132812 0.035156 0.035156
0 0.296875 0.074219 0.031250 0.031250
0 0.798828 0.818359 0.023438 0.023438
0 0.832031 0.843750 0.035156 0.035156
0 0.753906 0.085938 0.031250 0.031250
0 0.539062 0.044922 0.023438 0.023438
0 0.109375 0.109375 0.023438 0.023438
0 0.625000 0.380859 0.031250 0.031250
0 0.943359 0.900391 0.035156 0.035156
0 0.427734 0.605469 0.027344 0.027344
0 0.800781 0.191406 0.035156 0.035156
0 0.357422 0.951172 0.035156 0.035156
0 0.738281 0.859375 0.031250 0.031250
0 0.376953 0.203125 0.027344 0.027344
0 0.333984 0.414062 0.035156 0.035156
0 0.884766 0.513672 0.035156 0.035156
0 0.521484 0.859375 0.027344 0.027344
0 0.181641 0.486328 0.031250 0.031250
0 0.302734 0.798828 0.031250 0.031250
0 0.703125 0.566406 0.035156 0.035156
0 0.773438 0.457031 0.023438 0.023438
1 0.705078 0.193359 0.038471 0.054459
1 0.517578 0.019531 0.023651 0.032285
1 0.197266 0.781250 0.039348 0.043200
1 0.501953 0.564453 0.044895 0.029374
1 0.607422 0.109375 0.043895 0.028780
1 0.574219 0.490234 0.033329 0.042028
1 0.712891 0.541016 0.035861 0.047221
1 0.175781 0.783203 0.034081 0.025987
1 0.541016 0.373047 0.047626 0.034683
1 0.572266 0.601562 0.042767 0.020586
1 0.154297 0.066406 0.013133 0.039765
1 0.714844 0.955078 0.032252 0.026161
1 0.451172 0.636719 0.013591 0.037927
1 0.664062 0.857422 0.022738 0.050540
1 0.304688 0.496094 0.055922 0.023720
1 0.060547 0.576172 0.032988 0.026663
1 0.664062 0.154297 0.013133 0.039765
1 0.869141 0.648438 0.049059 0.014522
1 0.509766 0.015625 0.045041 0.051104
1 0.462891 0.121094 0.053884 0.033190