0 0.773438 0.710938 0.027344 0.027344
0 0.267578 0.892578 0.031250 0.031250
0 0.222656 0.669922 0.031250 0.031250
0 0.103516 0.302734 0.027344 0.027344
0 0.138672 0.248047 0.031250 0.031250
0 0.240234 0.076172 0.031250 0.031250
0 0.386719 0.869141 0.023438 0.023438
0 0.013672 0.878906 0.027344 0.027344
0 0.150391 0.486328 0.023438 0.023438
0 0.142578 0.724609 0.035156 0.035156
0 0.962891 0.214844 0.031250 0.031250
0 0.890625 0.673828 0.031250 0.031250
0 0.322266 0.703125 0.031250 0.031250
0 0.423828 0.902344 0.031250 0.031250
0 0.595703 0.535156 0.031250 0.031250
0 0.232422 0.093750 0.035156 0.035156
0 0.179688 0.316406 0.027344 0.027344
0 0.105469 0.210938 0.031250 0.031250
0 0.550781 0.400391 0.035156 0.035156
0 0.595703 0.710938 0.023438 0.023438
0 0.458984 0.318359 0.027344 0.027344
0 0.962891 0.035156 0.035156 0.035156
0 0.048828 0.261719 0.027344 0.027344
0 0.970703 0.380859 0.035156 0.035156
0 0.441406 0.494141 0.031250 0.031250
0 0.576172 0.595703 0.031250 0.031250
0 0.458984 0.044922 0.035156 0.035156
0 0.349609 0.066406 0.031250 0.031250
0 0.259766 0.980469 0.027344 0.027344
0 0.046875 0.285156 0.031250 0.031250
1 0.296875 0.416016 0.031369 0.024101
1 0.443359 0.359375 0.030431 0.047436
1 0.347656 0.234375 0.032418 0.036121
1 0.595703 0.087891 0.015882 0.051593
1 0.841797 0.082031 0.043795 0.034835
1 0.068359 0.339844 0.044315 0.018807
1 0.724609 0.517578 0.040737 0.020821
1 0.052734 0.638672 0.034011 0.026743
1 0.548828 0.746094 0.040768 0.036148
1 0.572266 0.761719 0.037709 0.055220
1 0.144531 0.347656 0.055483 0.021817
1 0.486328 0.841797 0.054197 0.039184
1 0.347656 0.390625 0.038791 0.019309
1 0.050781 0.789062 0.028142 0.037531
1 0.261719 0.548828 0.014360 0.051325
1 0.242188 0.212891 0.047033 0.037020
1 0.113281 0.480469 0.051563 0.041193
1 0.652344 0.291016 0.029419 0.028551
1 0.757812 0.433594 0.053612 0.020516
1 0.902344 0.843750 0.021800 0.035610