0 0.322266 0.767578 0.035156 0.035156
0 0.865234 0.544922 0.027344 0.027344
0 0.134766 0.199219 0.035156 0.035156
0 0.197266 0.904297 0.027344 0.027344
0 0.085938 0.242188 0.031250 0.031250
0 0.248047 0.669922 0.035156 0.035156
0 0.017578 0.212891 0.031250 0.031250
0 0.900391 0.148438 0.031250 0.031250
0 0.919922 0.541016 0.023438 0.023438
0 0.574219 0.914062 0.023438 0.023438
0 0.054688 0.232422 0.023438 0.023438
0 0.757812 0.892578 0.031250 0.031250
0 0.169922 0.939453 0.035156 0.035156
0 0.162109 0.216797 0.031250 0.031250
0 0.158203 0.115234 0.027344 0.027344
0 0.412109 0.593750 0.027344 0.027344
0 0.126953 0.287109 0.027344 0.027344
0 0.419922 0.029297 0.023438 0.023438
0 0.337891 0.447266 0.023438 0.023438
0 0.892578 0.841797 0.023438 0.023438
0 0.552734 0.222656 0.031250 0.031250
0 0.359375 0.097656 0.031250 0.031250
0 0.529297 0.681641 0.023438 0.023438
0 0.582031 0.152344 0.023438 0.023438
0 0.523438 0.130859 0.031250 0.031250
0 0.132812 0.074219 0.027344 0.027344
0 0.396484 0.708984 0.023438 0.023438
0 0.869141 0.417969 0.027344 0.027344
0 0.968750 0.326172 0.023438 0.023438
0 0.802734 0.414062 0.027344 0.027344
1 0.595703 0.705078 0.030405 0.037599
1 0.533203 0.410156 0.043205 0.052279
1 0.783203 0.650391 0.048136 0.026341
1 0.701172 0.412109 0.025732 0.029099
1 0.781250 0.416016 0.047993 0.039536
1 0.166016 0.583984 0.040942 0.039111
1 0.058594 0.941406 0.030629 0.051323
1 0.763672 0.087891 0.024015 0.037873
1 0.220703 0.173828 0.036226 0.028847
1 0.697266 0.734375 0.030566 0.049373
1 0.546875 0.326172 0.015095 0.041468
1 0.373047 0.462891 0.014463 0.053275
1 0.878906 0.478516 0.022057 0.032449
1 0.570312 0.589844 0.053463 0.045006
1 0.351562 0.250000 0.033363 0.021254
1 0.886719 0.607422 0.012308 0.049272
1 0.083984 0.082031 0.036560 0.017854
1 0.085938 0.148438 0.025800 0.053922
1 0.132812 0.056641 0.030751 0.029979
1 0.572266 0.583984 0.040781 0.032167