0 0.015625 0.240234 0.027344 0.027344
0 0.753906 0.640625 0.027344 0.027344
0 0.841797 0.414062 0.031250 0.031250
0 0.724609 0.898438 0.027344 0.027344
0 0.855469 0.503906 0.031250 0.031250
0 0.355469 0.419922 0.023438 0.023438
0 0.462891 0.283203 0.023438 0.023438
0 0.294922 0.722656 0.023438 0.023438
0 0.035156 0.886719 0.031250 0.031250
0 0.958984 0.236328 0.035156 0.035156
0 0.951172 0.849609 0.035156 0.035156
0 0.248047 0.443359 0.027344 0.027344
0 0.802734 0.371094 0.027344 0.027344
0 0.654297 0.388672 0.023438 0.023438
0 0.402344 0.884766 0.035156 0.035156
0 0.804688 0.132812 0.027344 0.027344
0 0.656250 0.818359 0.035156 0.035156
0 0.208984 0.693359 0.027344 0.027344
0 0.263672 0.777344 0.027344 0.027344
0 0.064453 0.671875 0.023438 0.023438
0 0.632812 0.304688 0.023438 0.023438
0 0.224609 0.171875 0.027344 0.027344
0 0.500000 0.214844 0.031250 0.031250
0 0.062500 0.634766 0.035156 0.035156
0 0.693359 0.830078 0.023438 0.023438
0 0.925781 0.177734 0.035156 0.035156
0 0.742188 0.724609 0.035156 0.035156
0 0.398438 0.259766 0.027344 0.027344
0 0.222656 0.140625 0.023438 0.023438
0 0.470703 0.804688 0.027344 0.027344
1 0.378906 0.064453 0.037531 0.028142
1 0.533203 0.179688 0.039785 0.014415
1 0.136719 0.162109 0.018200 0.055542
1 0.671875 0.568359 0.026054 0.051989
1 0.326172 0.333984 0.019913 0.035105
1 0.945312 0.228516 0.032155 0.052942
1 0.244141 0.867188 0.023742 0.031424
1 0.150391 0.187500 0.037377 0.042286
1 0.742188 0.677734 0.024203 0.035877
1 0.730469 0.449219 0.013543 0.035721
1 0.468750 0.689453 0.053194 0.036123
1 0.140625 0.058594 0.033805 0.041845
1 0.197266 0.347656 0.040954 0.020874
1 0.859375 0.580078 0.038634 0.032483
1 0.675781 0.042969 0.031977 0.031543
1 0.197266 0.876953 0.049983 0.040045
1 0.708984 0.660156 0.018026 0.034599
1 0.923828 0.250000 0.013236 0.029870
1 0.949219 0.855469 0.041214 0.012433
1 0.521484 0.363281 0.043705 0.044670