0 0.685547 0.429688 0.027344 0.027344
0 0.027344 0.080078 0.035156 0.035156
0 0.234375 0.019531 0.027344 0.027344
0 0.218750 0.250000 0.035156 0.035156
0 0.048828 0.464844 0.023438 0.023438
0 0.404297 0.580078 0.035156 0.035156
0 0.923828 0.066406 0.023438 0.023438
0 0.277344 0.517578 0.027344 0.027344
0 0.039062 0.511719 0.035156 0.035156
0 0.886719 0.794922 0.027344 0.027344
0 0.945312 0.673828 0.031250 0.031250
0 0.574219 0.693359 0.027344 0.027344
0 0.080078 0.083984 0.023438 0.023438
0 0.689453 0.181641 0.027344 0.027344
0 0.353516 0.050781 0.031250 0.031250
0 0.863281 0.478516 0.023438 0.023438
0 0.337891 0.898438 0.035156 0.035156
0 0.343750 0.945312 0.035156 0.035156
0 0.224609 0.570312 0.035156 0.035156
0 0.277344 0.273438 0.035156 0.035156
0 0.802734 0.242188 0.035156 0.035156
0 0.462891 0.203125 0.031250 0.031250
0 0.851562 0.453125 0.031250 0.031250
0 0.062500 0.332031 0.035156 0.035156
0 0.232422 0.703125 0.027344 0.027344
0 0.531250 0.105469 0.023438 0.023438
0 0.328125 0.505859 0.031250 0.031250
0 0.978516 0.703125 0.035156 0.035156
0 0.093750 0.888672 0.031250 0.031250
0 0.054688 0.265625 0.023438 0.023438
1 0.210938 0.128906 0.042874 0.047930
1 0.589844 0.904297 0.023807 0.030020
1 0.404297 0.580078 0.019518 0.057759
1 0.140625 0.365234 0.047940 0.030869
1 0.611328 0.892578 0.035036 0.033975
1 0.652344 0.722656 0.015233 0.051475
1 0.359375 0.558594 0.034112 0.032088
1 0.921875 0.595703 0.035229 0.033783
1 0.886719 0.894531 0.045814 0.022473
1 0.929688 0.320312 0.034305 0.042083
1 0.285156 0.488281 0.025216 0.045438
1 0.826172 0.228516 0.048357 0.042294
1 0.623047 0.382812 0.026026 0.028914
1 0.269531 0.232422 0.019309 0.038791
1 0.482422 0.255859 0.011532 0.051091
1 0.681641 0.142578 0.047487 0.043441
1 0.863281 0.861328 0.055124 0.012614
1 0.333984 0.880859 0.034818 0.025935
1 0.572266 0.947266 0.040304 0.047224
1 0.847656 0.816406 0.033607 0.055189