0 0.662109 0.144531 0.023438 0.023438
0 0.736328 0.576172 0.027344 0.027344
0 0.822266 0.933594 0.023438 0.023438
0 0.550781 0.664062 0.023438 0.023438
0 0.660156 0.068359 0.027344 0.027344
0 0.281250 0.519531 0.027344 0.027344
0 0.126953 0.550781 0.027344 0.027344
0 0.162109 0.689453 0.027344 0.027344
0 0.488281 0.642578 0.031250 0.031250
0 0.046875 0.724609 0.027344 0.027344
0 0.589844 0.882812 0.023438 0.023438
0 0.566406 0.480469 0.027344 0.027344
0 0.193359 0.748047 0.035156 0.035156
0 0.673828 0.826172 0.031250 0.031250
0 0.214844 0.587891 0.027344 0.027344
0 0.962891 0.861328 0.035156 0.035156
0 0.306641 0.158203 0.031250 0.031250
0 0.527344 0.511719 0.027344 0.027344
0 0.611328 0.779297 0.035156 0.035156
0 0.455078 0.873047 0.031250 0.031250
0 0.552734 0.714844 0.035156 0.035156
0 0.238281 0.347656 0.035156 0.035156
0 0.306641 0.935547 0.027344 0.027344
0 0.498047 0.087891 0.035156 0.035156
0 0.441406 0.798828 0.031250 0.031250
0 0.125000 0.289062 0.023438 0.023438
0 0.812500 0.740234 0.023438 0.023438
0 0.603516 0.515625 0.031250 0.031250
0 0.480469 0.474609 0.027344 0.027344
0 0.830078 0.285156 0.023438 0.023438
1 0.875000 0.521484 0.013552 0.053111
1 0.916016 0.515625 0.015176 0.030622
1 0.617188 0.648438 0.025499 0.040608
1 0.652344 0.277344 0.045478 0.031895
1 0.708984 0.238281 0.019283 0.048192
1 0.097656 0.232422 0.049755 0.017284
1 0.605469 0.201172 0.025583 0.053171
1 0.044922 0.605469 0.036453 0.020152
1 0.697266 0.697266 0.037972 0.039321
1 0.291016 0.375000 0.039809 0.034043
1 0.681641 0.181641 0.025463 0.031055
1 0.212891 0.687500 0.032577 0.015954
1 0.878906 0.908203 0.054016 0.032431
1 0.720703 0.339844 0.032088 0.022056
1 0.804688 0.763672 0.045438 0.025216
1 0.789062 0.109375 0.014688 0.043682
1 0.896484 0.167969 0.029504 0.046772
1 0.076172 0.279297 0.018807 0.044315
1 0.703125 0.710938 0.037109 0.013672
1 0.359375 0.380859 0.030507 0.015202