0 0.605469 0.054688 0.027344 0.027344
0 0.333984 0.515625 0.031250 0.031250
0 0.806641 0.023438 0.027344 0.027344
0 0.083984 0.744141 0.027344 0.027344
0 0.310547 0.375000 0.035156 0.035156
0 0.103516 0.216797 0.023438 0.023438
0 0.740234 0.492188 0.027344 0.027344
0 0.830078 0.529297 0.027344 0.027344
0 0.957031 0.681641 0.035156 0.035156
0 0.800781 0.902344 0.027344 0.027344
0 0.283203 0.144531 0.035156 0.035156
0 0.382812 0.416016 0.031250 0.031250
0 0.406250 0.828125 0.023438 0.023438
0 0.066406 0.429688 0.031250 0.031250
0 0.306641 0.707031 0.035156 0.035156
0 0.089844 0.056641 0.035156 0.035156
0 0.654297 0.691406 0.031250 0.031250
0 0.691406 0.369141 0.027344 0.027344
0 0.667969 0.636719 0.027344 0.027344
0 0.380859 0.093750 0.027344 0.027344
0 0.800781 0.251953 0.031250 0.031250
0 0.167969 0.279297 0.023438 0.023438
0 0.509766 0.302734 0.035156 0.035156
0 0.859375 0.912109 0.031250 0.031250
0 0.634766 0.093750 0.023438 0.023438
0 0.060547 0.507812 0.031250 0.031250
0 0.777344 0.351562 0.023438 0.023438
0 0.750000 0.867188 0.035156 0.035156
0 0.529297 0.878906 0.027344 0.027344
0 0.578125 0.154297 0.035156 0.035156
1 0.142578 0.861328 0.038899 0.027479
1 0.521484 0.250000 0.044230 0.026962
1 0.738281 0.603516 0.052395 0.030216
1 0.697266 0.390625 0.048198 0.019680
1 0.619141 0.660156 0.017167 0.053670
1 0.148438 0.056641 0.055220 0.037709
1 0.669922 0.441406 0.037692 0.024373
1 0.714844 0.632812 0.052871 0.034297
1 0.183594 0.035156 0.016772 0.045766
1 0.330078 0.902344 0.022426 0.034305
1 0.761719 0.923828 0.037990 0.014908
1 0.927734 0.773438 0.057744 0.025979
1 0.873047 0.707031 0.027294 0.036430
1 0.755859 0.482422 0.020955 0.037024
1 0.363281 0.384766 0.043827 0.015419
1 0.466797 0.556641 0.011286 0.029768
1 0.402344 0.867188 0.026884 0.046948
1 0.646484 0.078125 0.044358 0.032244
1 0.117188 0.330078 0.038712 0.035582
1 0.667969 0.462891 0.043300 0.045035