0 0.617188 0.710938 0.031250 0.031250
0 0.509766 0.312500 0.031250 0.031250
0 0.923828 0.804688 0.027344 0.027344
0 0.214844 0.447266 0.023438 0.023438
0 0.175781 0.841797 0.027344 0.027344
0 0.666016 0.925781 0.023438 0.023438
0 0.916016 0.261719 0.023438 0.023438
0 0.322266 0.925781 0.027344 0.027344
0 0.068359 0.240234 0.035156 0.035156
0 0.509766 0.181641 0.035156 0.035156
0 0.271484 0.121094 0.035156 0.035156
0 0.345703 0.628906 0.023438 0.023438
0 0.501953 0.718750 0.023438 0.023438
0 0.681641 0.322266 0.027344 0.027344
0 0.958984 0.591797 0.027344 0.027344
0 0.873047 0.386719 0.027344 0.027344
0 0.316406 0.158203 0.035156 0.035156
0 0.453125 0.421875 0.027344 0.027344
0 0.181641 0.933594 0.035156 0.035156
0 0.289062 0.214844 0.031250 0.031250
0 0.044922 0.306641 0.023438 0.023438
0 0.853516 0.357422 0.035156 0.035156
0 0.875000 0.615234 0.031250 0.031250
0 0.466797 0.277344 0.031250 0.031250
0 0.253906 0.652344 0.027344 0.027344
0 0.205078 0.015625 0.031250 0.031250
0 0.363281 0.882812 0.023438 0.023438
0 0.509766 0.800781 0.031250 0.031250
0 0.367188 0.714844 0.023438 0.023438
0 0.197266 0.082031 0.035156 0.035156
1 0.416016 0.521484 0.032081 0.036457
1 0.958984 0.099609 0.027755 0.034607
1 0.509766 0.447266 0.019488 0.057720
1 0.291016 0.740234 0.037089 0.042574
1 0.457031 0.751953 0.054047 0.035269
1 0.402344 0.908203 0.040823 0.051364
1 0.496094 0.726562 0.050121 0.020020
1 0.750000 0.285156 0.025009 0.039539
1 0.542969 0.611328 0.040909 0.030410
1 0.074219 0.140625 0.028154 0.033746
1 0.812500 0.626953 0.047086 0.031722
1 0.568359 0.734375 0.020683 0.037231
1 0.732422 0.132812 0.051240 0.048060
1 0.187500 0.148438 0.047295 0.043634
1 0.132812 0.779297 0.036577 0.051043
1 0.935547 0.822266 0.035610 0.021800
1 0.304688 0.783203 0.038211 0.021869
1 0.144531 0.304688 0.048338 0.045446
1 0.621094 0.638672 0.025009 0.039539
1 0.792969 0.707031 0.018807 0.044315