0 0.400391 0.191406 0.027344 0.027344
0 0.300781 0.111328 0.031250 0.031250
0 0.523438 0.289062 0.031250 0.031250
0 0.173828 0.406250 0.023438 0.023438
0 0.783203 0.197266 0.027344 0.027344
0 0.675781 0.921875 0.035156 0.035156
0 0.789062 0.503906 0.031250 0.031250
0 0.658203 0.574219 0.027344 0.027344
0 0.527344 0.488281 0.023438 0.023438
0 0.925781 0.865234 0.023438 0.023438
0 0.726562 0.498047 0.035156 0.035156
0 0.345703 0.271484 0.023438 0.023438
0 0.720703 0.212891 0.031250 0.031250
0 0.285156 0.791016 0.023438 0.023438
0 0.367188 0.265625 0.035156 0.035156
0 0.615234 0.664062 0.023438 0.023438
0 0.177734 0.294922 0.035156 0.035156
0 0.533203 0.177734 0.031250 0.031250
0 0.033203 0.623047 0.023438 0.023438
0 0.072266 0.968750 0.031250 0.031250
0 0.501953 0.921875 0.035156 0.035156
0 0.476562 0.210938 0.035156 0.035156
0 0.488281 0.822266 0.035156 0.035156
0 0.662109 0.824219 0.027344 0.027344
0 0.542969 0.371094 0.027344 0.027344
0 0.585938 0.875000 0.035156 0.035156
0 0.927734 0.449219 0.035156 0.035156
0 0.025391 0.292969 0.031250 0.031250
0 0.464844 0.318359 0.027344 0.027344
0 0.060547 0.128906 0.031250 0.031250
1 0.199219 0.832031 0.038471 0.054459
1 0.505859 0.052734 0.041146 0.026757
1 0.666016 0.521484 0.035419 0.033540
1 0.820312 0.449219 0.038249 0.032867
1 0.695312 0.066406 0.049546 0.036911
1 0.671875 0.601562 0.018663 0.042427
1 0.332031 0.548828 0.048491 0.030901
1 0.880859 0.683594 0.026843 0.035836
1 0.750000 0.630859 0.031546 0.047697
1 0.593750 0.494141 0.022257 0.057386
1 0.320312 0.587891 0.036214 0.016684
1 0.707031 0.216797 0.031816 0.034223
1 0.664062 0.503906 0.032590 0.036201
1 0.169922 0.687500 0.058006 0.031367
1 0.099609 0.501953 0.041591 0.038316
1 0.208984 0.009766 0.032947 0.038333
1 0.421875 0.767578 0.054595 0.035214
1 0.373047 0.796875 0.055592 0.040891
1 0.609375 0.929688 0.024795 0.034108
1 0.634766 0.718750 0.055397 0.029716