0 0.917969 0.048828 0.023438 0.023438
0 0.417969 0.437500 0.027344 0.027344
0 0.589844 0.160156 0.027344 0.027344
0 0.076172 0.531250 0.027344 0.027344
0 0.041016 0.666016 0.031250 0.031250
0 0.800781 0.072266 0.027344 0.027344
0 0.185547 0.261719 0.031250 0.031250
0 0.376953 0.185547 0.031250 0.031250
0 0.664062 0.246094 0.023438 0.023438
0 0.568359 0.785156 0.023438 0.023438
0 0.529297 0.238281 0.023438 0.023438
0 0.798828 0.654297 0.027344 0.027344
0 0.248047 0.468750 0.027344 0.027344
0 0.048828 0.394531 0.035156 0.035156
0 0.632812 0.380859 0.023438 0.023438
0 0.583984 0.923828 0.035156 0.035156
0 0.455078 0.658203 0.027344 0.027344
0 0.796875 0.126953 0.035156 0.035156
0 0.271484 0.751953 0.027344 0.027344
0 0.769531 0.613281 0.031250 0.031250
0 0.728516 0.580078 0.031250 0.031250
0 0.363281 0.322266 0.035156 0.035156
0 0.615234 0.453125 0.035156 0.035156
0 0.091797 0.257812 0.023438 0.023438
0 0.625000 0.394531 0.027344 0.027344
0 0.529297 0.890625 0.023438 0.023438
0 0.332031 0.599609 0.027344 0.027344
0 0.505859 0.576172 0.031250 0.031250
0 0.326172 0.316406 0.023438 0.023438
0 0.968750 0.871094 0.027344 0.027344
1 0.380859 0.316406 0.047106 0.014488
1 0.175781 0.578125 0.019453 0.057476
1 0.814453 0.156250 0.049782 0.018096
1 0.408203 0.248047 0.024082 0.031946
1 0.832031 0.445312 0.045478 0.031895
1 0.148438 0.320312 0.024093 0.057238
1 0.585938 0.509766 0.034301 0.045739
1 0.388672 0.210938 0.035156 0.013672
1 0.494141 0.900391 0.042247 0.017313
1 0.683594 0.716797 0.044194 0.044194
1 0.732422 0.869141 0.050908 0.027315
1 0.906250 0.828125 0.047824 0.048836
1 0.837891 0.548828 0.030003 0.033179
1 0.498047 0.662109 0.014612 0.047639
1 0.140625 0.945312 0.028773 0.031661
1 0.935547 0.316406 0.032643 0.033607
1 0.640625 0.078125 0.018891 0.033149
1 0.205078 0.513672 0.043519 0.035366
1 0.705078 0.595703 0.042161 0.018742
1 0.531250 0.306641 0.037046 0.021485