0 0.632812 0.812500 0.023438 0.023438
0 0.652344 0.464844 0.031250 0.031250
0 0.746094 0.888672 0.027344 0.027344
0 0.222656 0.037109 0.031250 0.031250
0 0.273438 0.697266 0.035156 0.035156
0 0.103516 0.572266 0.031250 0.031250
0 0.578125 0.162109 0.031250 0.031250
0 0.431641 0.251953 0.023438 0.023438
0 0.417969 0.363281 0.035156 0.035156
0 0.357422 0.574219 0.023438 0.023438
0 0.410156 0.388672 0.031250 0.031250
0 0.486328 0.128906 0.027344 0.027344
0 0.947266 0.582031 0.023438 0.023438
0 0.378906 0.406250 0.027344 0.027344
0 0.564453 0.787109 0.035156 0.035156
0 0.414062 0.791016 0.027344 0.027344
0 0.068359 0.974609 0.023438 0.023438
0 0.810547 0.953125 0.023438 0.023438
0 0.597656 0.550781 0.031250 0.031250
0 0.656250 0.404297 0.031250 0.031250
0 0.732422 0.710938 0.035156 0.035156
0 0.771484 0.218750 0.035156 0.035156
0 0.781250 0.808594 0.035156 0.035156
0 0.880859 0.748047 0.023438 0.023438
0 0.769531 0.890625 0.023438 0.023438
0 0.341797 0.873047 0.027344 0.027344
0 0.580078 0.642578 0.023438 0.023438
0 0.478516 0.980469 0.027344 0.027344
0 0.259766 0.279297 0.035156 0.035156
0 0.519531 0.583984 0.027344 0.027344
1 0.357422 0.322266 0.032152 0.014398
1 0.218750 0.582031 0.015505 0.055372
1 0.265625 0.300781 0.020679 0.036420
1 0.167969 0.535156 0.055409 0.015429
1 0.904297 0.902344 0.050213 0.022402
1 0.777344 0.701172 0.044024 0.030320
1 0.578125 0.017578 0.054273 0.036001
1 0.714844 0.173828 0.026402 0.036645
1 0.943359 0.460938 0.045960 0.018158
1 0.103516 0.679688 0.034579 0.017508
1 0.351562 0.361328 0.017418 0.045935
1 0.289062 0.724609 0.025732 0.029099
1 0.130859 0.488281 0.031527 0.025210
1 0.486328 0.359375 0.022621 0.054307
1 0.751953 0.546875 0.039337 0.030638
1 0.376953 0.886719 0.041915 0.052983
1 0.062500 0.537109 0.042315 0.054949
1 0.185547 0.935547 0.036418 0.016862
1 0.591797 0.654297 0.018556 0.057617
1 0.625000 0.445312 0.037927 0.013591