0 0.773438 0.800781 0.031250 0.031250
0 0.267578 0.759766 0.031250 0.031250
0 0.292969 0.544922 0.027344 0.027344
0 0.480469 0.705078 0.031250 0.031250
0 0.656250 0.861328 0.031250 0.031250
0 0.193359 0.839844 0.027344 0.027344
0 0.660156 0.398438 0.035156 0.035156
0 0.703125 0.833984 0.023438 0.023438
0 0.890625 0.275391 0.031250 0.031250
0 0.263672 0.847656 0.023438 0.023438
0 0.257812 0.373047 0.035156 0.035156
0 0.617188 0.527344 0.035156 0.035156
0 0.218750 0.394531 0.027344 0.027344
0 0.767578 0.556641 0.027344 0.027344
0 0.890625 0.154297 0.035156 0.035156
0 0.283203 0.880859 0.027344 0.027344
0 0.089844 0.750000 0.023438 0.023438
0 0.113281 0.923828 0.027344 0.027344
0 0.355469 0.347656 0.027344 0.027344
0 0.937500 0.546875 0.031250 0.031250
0 0.644531 0.095703 0.035156 0.035156
0 0.396484 0.476562 0.035156 0.035156
0 0.156250 0.886719 0.035156 0.035156
0 0.966797 0.033203 0.027344 0.027344
0 0.359375 0.333984 0.035156 0.035156
0 0.978516 0.169922 0.031250 0.031250
0 0.464844 0.544922 0.023438 0.023438
0 0.339844 0.332031 0.027344 0.027344
0 0.898438 0.300781 0.027344 0.027344
0 0.253906 0.585938 0.031250 0.031250
1 0.845703 0.583984 0.046794 0.027987
1 0.595703 0.714844 0.044439 0.046656
1 0.492188 0.660156 0.030841 0.026098
1 0.888672 0.486328 0.036009 0.038466
1 0.146484 0.371094 0.041095 0.049168
1 0.796875 0.863281 0.040415 0.017685
1 0.035156 0.630859 0.034829 0.017839
1 0.283203 0.160156 0.045967 0.019621
1 0.445312 0.947266 0.023300 0.058154
1 0.210938 0.716797 0.034080 0.028282
1 0.353516 0.203125 0.034869 0.043483
1 0.320312 0.013672 0.036657 0.017646
1 0.265625 0.097656 0.047487 0.043441
1 0.529297 0.765625 0.037498 0.025549
1 0.707031 0.226562 0.017553 0.057449
1 0.324219 0.750000 0.032325 0.024406
1 0.876953 0.740234 0.033027 0.050031
1 0.798828 0.246094 0.033325 0.044048
1 0.341797 0.503906 0.030452 0.022377
1 0.320312 0.251953 0.021565 0.047805