0 0.710938 0.623047 0.023438 0.023438
0 0.974609 0.496094 0.027344 0.027344
0 0.863281 0.568359 0.031250 0.031250
0 0.113281 0.429688 0.035156 0.035156
0 0.578125 0.527344 0.031250 0.031250
0 0.619141 0.763672 0.035156 0.035156
0 0.199219 0.025391 0.027344 0.027344
0 0.824219 0.433594 0.035156 0.035156
0 0.150391 0.228516 0.031250 0.031250
0 0.363281 0.568359 0.031250 0.031250
0 0.593750 0.785156 0.027344 0.027344
0 0.597656 0.201172 0.031250 0.031250
0 0.787109 0.949219 0.027344 0.027344
0 0.082031 0.298828 0.035156 0.035156
0 0.691406 0.218750 0.031250 0.031250
0 0.710938 0.773438 0.027344 0.027344
0 0.636719 0.722656 0.031250 0.031250
0 0.244141 0.808594 0.023438 0.023438
0 0.208984 0.031250 0.027344 0.027344
0 0.046875 0.562500 0.023438 0.023438
0 0.087891 0.650391 0.027344 0.027344
0 0.873047 0.529297 0.035156 0.035156
0 0.708984 0.373047 0.027344 0.027344
0 0.859375 0.681641 0.023438 0.023438
0 0.585938 0.375000 0.023438 0.023438
0 0.900391 0.525391 0.031250 0.031250
0 0.775391 0.257812 0.027344 0.027344
0 0.216797 0.441406 0.031250 0.031250
0 0.394531 0.353516 0.023438 0.023438
0 0.433594 0.572266 0.035156 0.035156
1 0.064453 0.501953 0.022846 0.049628
1 0.482422 0.132812 0.045041 0.051104
1 0.333984 0.695312 0.041432 0.041432
1 0.089844 0.212891 0.031982 0.012452
1 0.820312 0.373047 0.057370 0.029521
1 0.410156 0.273438 0.050096 0.034869
1 0.722656 0.462891 0.017554 0.031093
1 0.046875 0.201172 0.023223 0.043807
1 0.839844 0.132812 0.055787 0.036156
1 0.621094 0.541016 0.027479 0.038899
1 0.091797 0.222656 0.042334 0.026813
1 0.244141 0.171875 0.040536 0.026050
1 0.917969 0.685547 0.021298 0.035524
1 0.300781 0.636719 0.048653 0.038112
1 0.697266 0.679688 0.032377 0.033823
1 0.919922 0.466797 0.016863 0.032508
1 0.062500 0.679688 0.026843 0.035836
1 0.640625 0.677734 0.018534 0.057647
1 0.730469 0.900391 0.018701 0.049990
1 0.060547 0.806641 0.040455 0.039635