0 0.546875 0.115234 0.031250 0.031250
0 0.484375 0.830078 0.027344 0.027344
0 0.474609 0.134766 0.023438 0.023438
0 0.089844 0.369141 0.027344 0.027344
0 0.238281 0.326172 0.027344 0.027344
0 0.162109 0.140625 0.023438 0.023438
0 0.703125 0.828125 0.035156 0.035156
0 0.779297 0.898438 0.023438 0.023438
0 0.343750 0.654297 0.035156 0.035156
0 0.093750 0.429688 0.031250 0.031250
0 0.468750 0.873047 0.031250 0.031250
0 0.234375 0.466797 0.027344 0.027344
0 0.652344 0.712891 0.023438 0.023438
0 0.972656 0.896484 0.027344 0.027344
0 0.908203 0.083984 0.035156 0.035156
0 0.535156 0.570312 0.023438 0.023438
0 0.060547 0.835938 0.027344 0.027344
0 0.582031 0.605469 0.035156 0.035156
0 0.656250 0.246094 0.031250 0.031250
0 0.111328 0.625000 0.031250 0.031250
0 0.783203 0.162109 0.031250 0.031250
0 0.363281 0.693359 0.023438 0.023438
0 0.148438 0.355469 0.023438 0.023438
0 0.945312 0.554688 0.031250 0.031250
0 0.708984 0.074219 0.035156 0.035156
0 0.273438 0.789062 0.027344 0.027344
0 0.933594 0.572266 0.023438 0.023438
0 0.611328 0.710938 0.023438 0.023438
0 0.013672 0.886719 0.023438 0.023438
0 0.968750 0.974609 0.027344 0.027344
1 0.472656 0.384766 0.020826 0.033629
1 0.740234 0.210938 0.048824 0.026779
1 0.755859 0.066406 0.019276 0.051712
1 0.125000 0.705078 0.051524 0.015020
1 0.794922 0.505859 0.035721 0.013543
1 0.734375 0.406250 0.037289 0.037289
1 0.597656 0.902344 0.043071 0.031633
1 0.314453 0.671875 0.029839 0.053431
1 0.183594 0.720703 0.041968 0.043606
1 0.109375 0.558594 0.041016 0.013672
1 0.687500 0.257812 0.033945 0.022660
1 0.765625 0.244141 0.025009 0.039539
1 0.439453 0.521484 0.039613 0.052247
1 0.765625 0.203125 0.013672 0.029297
1 0.087891 0.367188 0.016120 0.053531
1 0.781250 0.781250 0.040835 0.046894
1 0.814453 0.236328 0.038677 0.050799
1 0.074219 0.828125 0.048826 0.032609
1 0.869141 0.468750 0.048828 0.011719
1 0.589844 0.898438 0.052045 0.020359