0 0.064453 0.542969 0.027344 0.027344
0 0.300781 0.130859 0.035156 0.035156
0 0.480469 0.523438 0.031250 0.031250
0 0.199219 0.644531 0.023438 0.023438
0 0.585938 0.109375 0.035156 0.035156
0 0.021484 0.144531 0.027344 0.027344
0 0.029297 0.324219 0.035156 0.035156
0 0.300781 0.097656 0.035156 0.035156
0 0.769531 0.357422 0.031250 0.031250
0 0.876953 0.582031 0.027344 0.027344
0 0.431641 0.134766 0.031250 0.031250
0 0.042969 0.845703 0.027344 0.027344
0 0.537109 0.673828 0.031250 0.031250
0 0.275391 0.330078 0.031250 0.031250
0 0.453125 0.812500 0.031250 0.031250
0 0.710938 0.015625 0.027344 0.027344
0 0.712891 0.150391 0.027344 0.027344
0 0.480469 0.529297 0.031250 0.031250
0 0.191406 0.175781 0.027344 0.027344
0 0.507812 0.337891 0.027344 0.027344
0 0.238281 0.671875 0.023438 0.023438
0 0.759766 0.019531 0.027344 0.027344
0 0.812500 0.976562 0.023438 0.023438
0 0.773438 0.160156 0.035156 0.035156
0 0.683594 0.585938 0.027344 0.027344
0 0.103516 0.597656 0.031250 0.031250
0 0.507812 0.097656 0.027344 0.027344
0 0.634766 0.441406 0.031250 0.031250
0 0.890625 0.337891 0.031250 0.031250
0 0.087891 0.513672 0.023438 0.023438
1 0.871094 0.634766 0.013338 0.031820
1 0.919922 0.048828 0.036214 0.032461
1 0.371094 0.564453 0.041012 0.029916
1 0.578125 0.080078 0.035419 0.033540
1 0.554688 0.671875 0.055063 0.013620
1 0.455078 0.777344 0.055153 0.025328
1 0.353516 0.140625 0.020836 0.048437
1 0.900391 0.361328 0.057233 0.030384
1 0.818359 0.638672 0.044721 0.030550
1 0.474609 0.025391 0.041619 0.046433
1 0.937500 0.125000 0.021769 0.045873
1 0.615234 0.923828 0.030043 0.013734
1 0.046875 0.531250 0.024448 0.043195
1 0.111328 0.164062 0.052147 0.030370
1 0.355469 0.332031 0.051712 0.019276
1 0.199219 0.423828 0.037191 0.026532
1 0.289062 0.916016 0.023923 0.053383
1 0.537109 0.179688 0.030039 0.037505
1 0.351562 0.882812 0.027755 0.034607
1 0.927734 0.173828 0.052466 0.029460