0 0.517578 0.761719 0.027344 0.027344
0 0.357422 0.609375 0.027344 0.027344
0 0.328125 0.984375 0.023438 0.023438
0 0.632812 0.705078 0.023438 0.023438
0 0.964844 0.876953 0.023438 0.023438
0 0.667969 0.509766 0.031250 0.031250
0 0.244141 0.931641 0.031250 0.031250
0 0.318359 0.212891 0.035156 0.035156
0 0.812500 0.548828 0.023438 0.023438
0 0.269531 0.509766 0.027344 0.027344
0 0.908203 0.064453 0.035156 0.035156
0 0.277344 0.982422 0.027344 0.027344
0 0.228516 0.507812 0.035156 0.035156
0 0.343750 0.224609 0.023438 0.023438
0 0.558594 0.601562 0.023438 0.023438
0 0.625000 0.490234 0.035156 0.035156
0 0.279297 0.958984 0.035156 0.035156
0 0.515625 0.658203 0.023438 0.023438
0 0.548828 0.359375 0.023438 0.023438
0 0.804688 0.980469 0.035156 0.035156
0 0.250000 0.251953 0.023438 0.023438
0 0.783203 0.884766 0.023438 0.023438
0 0.505859 0.773438 0.027344 0.027344
0 0.236328 0.445312 0.035156 0.035156
0 0.560547 0.136719 0.031250 0.031250
0 0.013672 0.330078 0.023438 0.023438
0 0.673828 0.935547 0.035156 0.035156
0 0.210938 0.289062 0.031250 0.031250
0 0.890625 0.128906 0.023438 0.023438
0 0.894531 0.369141 0.035156 0.035156
1 0.128906 0.699219 0.038079 0.029465
1 0.183594 0.896484 0.045962 0.034778
1 0.042969 0.529297 0.035735 0.027659
1 0.746094 0.150391 0.035476 0.010987
1 0.083984 0.947266 0.045043 0.024327
1 0.121094 0.484375 0.018046 0.051780
1 0.451172 0.144531 0.033658 0.040193
1 0.666016 0.746094 0.045041 0.051104
1 0.140625 0.667969 0.044347 0.041071
1 0.943359 0.367188 0.033329 0.042028
1 0.212891 0.427734 0.015682 0.030643
1 0.812500 0.761719 0.037205 0.051238
1 0.587891 0.033203 0.020189 0.038343
1 0.759766 0.720703 0.040207 0.032741
1 0.625000 0.037109 0.043634 0.047295
1 0.480469 0.482422 0.048749 0.023866
1 0.949219 0.175781 0.049550 0.023615
1 0.503906 0.685547 0.030157 0.012774
1 0.259766 0.150391 0.039234 0.021669
1 0.345703 0.966797 0.032520 0.021632