0 0.972656 0.845703 0.027344 0.027344
0 0.250000 0.445312 0.035156 0.035156
0 0.054688 0.476562 0.027344 0.027344
0 0.630859 0.191406 0.031250 0.031250
0 0.654297 0.148438 0.027344 0.027344
0 0.703125 0.738281 0.031250 0.031250
0 0.978516 0.667969 0.031250 0.031250
0 0.437500 0.943359 0.027344 0.027344
0 0.640625 0.820312 0.035156 0.035156
0 0.544922 0.255859 0.027344 0.027344
0 0.917969 0.980469 0.027344 0.027344
0 0.156250 0.523438 0.035156 0.035156
0 0.951172 0.296875 0.023438 0.023438
0 0.763672 0.269531 0.027344 0.027344
0 0.287109 0.978516 0.031250 0.031250
0 0.642578 0.345703 0.023438 0.023438
0 0.849609 0.712891 0.035156 0.035156
0 0.861328 0.246094 0.027344 0.027344
0 0.421875 0.863281 0.027344 0.027344
0 0.425781 0.308594 0.035156 0.035156
0 0.773438 0.478516 0.031250 0.031250
0 0.812500 0.089844 0.027344 0.027344
0 0.742188 0.482422 0.023438 0.023438
0 0.771484 0.621094 0.035156 0.035156
0 0.267578 0.121094 0.027344 0.027344
0 0.773438 0.603516 0.035156 0.035156
0 0.160156 0.070312 0.035156 0.035156
0 0.910156 0.281250 0.023438 0.023438
0 0.687500 0.025391 0.023438 0.023438
0 0.505859 0.035156 0.027344 0.027344
1 0.585938 0.673828 0.050121 0.025483
1 0.365234 0.531250 0.043523 0.013952
1 0.453125 0.351562 0.035908 0.035908
1 0.056641 0.216797 0.044048 0.033325
1 0.937500 0.408203 0.033085 0.018448
1 0.832031 0.869141 0.045209 0.032513
1 0.730469 0.093750 0.012330 0.037700
1 0.134766 0.113281 0.042567 0.052639
1 0.935547 0.958984 0.037046 0.021485
1 0.083984 0.654297 0.028055 0.035668
1 0.097656 0.345703 0.018296 0.044273
1 0.412109 0.261719 0.042427 0.018663
1 0.787109 0.769531 0.049373 0.030566
1 0.496094 0.912109 0.024638 0.033775
1 0.605469 0.558594 0.021439 0.031551
1 0.148438 0.033203 0.017876 0.049834
1 0.621094 0.919922 0.036422 0.047333
1 0.263672 0.494141 0.033342 0.020802
1 0.359375 0.251953 0.048056 0.027044
1 0.843750 0.783203 0.047626 0.034683