0 0.617188 0.261719 0.035156 0.035156
0 0.767578 0.638672 0.027344 0.027344
0 0.708984 0.726562 0.027344 0.027344
0 0.382812 0.564453 0.023438 0.023438
0 0.535156 0.908203 0.031250 0.031250
0 0.585938 0.828125 0.031250 0.031250
0 0.328125 0.789062 0.031250 0.031250
0 0.681641 0.027344 0.027344 0.027344
0 0.917969 0.609375 0.023438 0.023438
0 0.048828 0.890625 0.031250 0.031250
0 0.335938 0.511719 0.031250 0.031250
0 0.865234 0.841797 0.035156 0.035156
0 0.912109 0.134766 0.031250 0.031250
0 0.595703 0.511719 0.035156 0.035156
0 0.068359 0.855469 0.035156 0.035156
0 0.441406 0.875000 0.023438 0.023438
0 0.523438 0.410156 0.035156 0.035156
0 0.769531 0.800781 0.027344 0.027344
0 0.341797 0.822266 0.031250 0.031250
0 0.556641 0.058594 0.027344 0.027344
0 0.080078 0.205078 0.023438 0.023438
0 0.111328 0.626953 0.035156 0.035156
0 0.160156 0.585938 0.035156 0.035156
0 0.697266 0.029297 0.027344 0.027344
0 0.792969 0.685547 0.027344 0.027344
0 0.164062 0.164062 0.027344 0.027344
0 0.394531 0.701172 0.035156 0.035156
0 0.968750 0.244141 0.031250 0.031250
0 0.572266 0.638672 0.031250 0.031250
0 0.134766 0.156250 0.031250 0.031250
1 0.871094 0.500000 0.040776 0.047128
1 0.093750 0.246094 0.017535 0.045943
1 0.580078 0.181641 0.028795 0.042524
1 0.779297 0.695312 0.049223 0.025877
1 0.080078 0.425781 0.045079 0.026916
1 0.404297 0.654297 0.041368 0.026763
1 0.464844 0.919922 0.039315 0.022243
1 0.523438 0.935547 0.019197 0.030870
1 0.656250 0.058594 0.019216 0.055786
1 0.121094 0.242188 0.023761 0.035143
1 0.324219 0.474609 0.023828 0.033275
1 0.662109 0.580078 0.048289 0.024185
1 0.929688 0.593750 0.028249 0.053677
1 0.447266 0.742188 0.032233 0.033968
1 0.330078 0.203125 0.047568 0.040162
1 0.939453 0.230469 0.045935 0.017418
1 0.623047 0.673828 0.010480 0.041180
1 0.404297 0.750000 0.041675 0.015800
1 0.898438 0.099609 0.026023 0.054475
1 0.050781 0.916016 0.023385 0.051506