0 0.949219 0.525391 0.027344 0.027344
0 0.966797 0.558594 0.023438 0.023438
0 0.474609 0.060547 0.023438 0.023438
0 0.166016 0.892578 0.027344 0.027344
0 0.542969 0.500000 0.035156 0.035156
0 0.628906 0.728516 0.035156 0.035156
0 0.121094 0.900391 0.031250 0.031250
0 0.203125 0.634766 0.035156 0.035156
0 0.076172 0.888672 0.035156 0.035156
0 0.369141 0.171875 0.031250 0.031250
0 0.878906 0.181641 0.035156 0.035156
0 0.349609 0.759766 0.023438 0.023438
0 0.175781 0.958984 0.035156 0.035156
0 0.720703 0.734375 0.023438 0.023438
0 0.951172 0.519531 0.035156 0.035156
0 0.025391 0.671875 0.031250 0.031250
0 0.558594 0.630859 0.027344 0.027344
0 0.066406 0.728516 0.027344 0.027344
0 0.279297 0.062500 0.035156 0.035156
0 0.646484 0.222656 0.035156 0.035156
0 0.742188 0.412109 0.035156 0.035156
0 0.873047 0.322266 0.027344 0.027344
0 0.464844 0.984375 0.023438 0.023438
0 0.453125 0.615234 0.023438 0.023438
0 0.935547 0.058594 0.027344 0.027344
0 0.974609 0.281250 0.027344 0.027344
0 0.669922 0.107422 0.031250 0.031250
0 0.675781 0.269531 0.027344 0.027344
0 0.117188 0.878906 0.035156 0.035156
0 0.705078 0.953125 0.023438 0.023438
1 0.355469 0.099609 0.028565 0.034182
1 0.535156 0.796875 0.041075 0.035689
1 0.214844 0.642578 0.037757 0.044489
1 0.167969 0.335938 0.025583 0.053171
1 0.734375 0.455078 0.016500 0.041869
1 0.427734 0.939453 0.056231 0.022961
1 0.041016 0.449219 0.023333 0.034124
1 0.371094 0.501953 0.038311 0.020755
1 0.332031 0.150391 0.035750 0.022782
1 0.781250 0.837891 0.045446 0.048338
1 0.904297 0.984375 0.024662 0.035758
1 0.273438 0.234375 0.022059 0.056153
1 0.867188 0.972656 0.015176 0.030622
1 0.560547 0.287109 0.032354 0.046890
1 0.759766 0.365234 0.034379 0.021963
1 0.332031 0.306641 0.041869 0.016500
1 0.515625 0.302734 0.050681 0.045626
1 0.681641 0.322266 0.038663 0.056429
1 0.718750 0.259766 0.034408 0.031520
1 0.466797 0.845703 0.015419 0.043827