0 0.839844 0.744141 0.023438 0.023438
0 0.353516 0.900391 0.023438 0.023438
0 0.816406 0.126953 0.027344 0.027344
0 0.361328 0.978516 0.031250 0.031250
0 0.785156 0.609375 0.027344 0.027344
0 0.707031 0.171875 0.035156 0.035156
0 0.134766 0.109375 0.031250 0.031250
0 0.578125 0.326172 0.027344 0.027344
0 0.806641 0.791016 0.023438 0.023438
0 0.982422 0.964844 0.023438 0.023438
0 0.675781 0.939453 0.023438 0.023438
0 0.480469 0.259766 0.031250 0.031250
0 0.326172 0.529297 0.027344 0.027344
0 0.935547 0.488281 0.023438 0.023438
0 0.189453 0.343750 0.027344 0.027344
0 0.775391 0.685547 0.023438 0.023438
0 0.195312 0.035156 0.031250 0.031250
0 0.746094 0.363281 0.023438 0.023438
0 0.605469 0.740234 0.027344 0.027344
0 0.628906 0.396484 0.023438 0.023438
0 0.623047 0.722656 0.035156 0.035156
0 0.833984 0.494141 0.027344 0.027344
0 0.361328 0.414062 0.035156 0.035156
0 0.210938 0.019531 0.027344 0.027344
0 0.113281 0.884766 0.027344 0.027344
0 0.476562 0.761719 0.035156 0.035156
0 0.683594 0.248047 0.027344 0.027344
0 0.029297 0.378906 0.027344 0.027344
0 0.136719 0.535156 0.023438 0.023438
0 0.949219 0.353516 0.035156 0.035156
1 0.361328 0.769531 0.027146 0.034496
1 0.464844 0.853516 0.031259 0.038716
1 0.845703 0.013672 0.049275 0.036848
1 0.859375 0.232422 0.031200 0.025924
1 0.886719 0.480469 0.039544 0.026063
1 0.517578 0.521484 0.058264 0.026063
1 0.115234 0.302734 0.033553 0.028809
1 0.148438 0.656250 0.038247 0.048799
1 0.156250 0.714844 0.053555 0.016270
1 0.570312 0.367188 0.030627 0.032747
1 0.601562 0.718750 0.054705 0.037746
1 0.568359 0.335938 0.026545 0.051059
1 0.841797 0.066406 0.035893 0.025995
1 0.873047 0.357422 0.021231 0.043996
1 0.884766 0.080078 0.040278 0.017680
1 0.927734 0.554688 0.029297 0.013672
1 0.056641 0.818359 0.043369 0.025779
1 0.722656 0.328125 0.043071 0.031633
1 0.425781 0.474609 0.054475 0.026023
1 0.941406 0.505859 0.035179 0.020914