0 0.472656 0.365234 0.035156 0.035156
0 0.527344 0.763672 0.031250 0.031250
0 0.455078 0.402344 0.027344 0.027344
0 0.380859 0.011719 0.023438 0.023438
0 0.050781 0.847656 0.027344 0.027344
0 0.072266 0.427734 0.027344 0.027344
0 0.634766 0.011719 0.023438 0.023438
0 0.304688 0.330078 0.035156 0.035156
0 0.480469 0.734375 0.027344 0.027344
0 0.873047 0.228516 0.031250 0.031250
0 0.310547 0.044922 0.027344 0.027344
0 0.912109 0.261719 0.023438 0.023438
0 0.611328 0.623047 0.023438 0.023438
0 0.134766 0.267578 0.023438 0.023438
0 0.511719 0.673828 0.023438 0.023438
0 0.146484 0.667969 0.023438 0.023438
0 0.832031 0.302734 0.027344 0.027344
0 0.582031 0.599609 0.023438 0.023438
0 0.648438 0.126953 0.023438 0.023438
0 0.076172 0.765625 0.027344 0.027344
0 0.318359 0.074219 0.031250 0.031250
0 0.933594 0.019531 0.027344 0.027344
0 0.445312 0.103516 0.027344 0.027344
0 0.722656 0.132812 0.031250 0.031250
0 0.957031 0.861328 0.031250 0.031250
0 0.537109 0.376953 0.031250 0.031250
0 0.255859 0.703125 0.023438 0.023438
0 0.589844 0.908203 0.027344 0.027344
0 0.226562 0.203125 0.035156 0.035156
0 0.976562 0.089844 0.035156 0.035156
1 0.865234 0.158203 0.011719 0.050781
1 0.710938 0.443359 0.022465 0.032152
1 0.222656 0.244141 0.046371 0.047528
1 0.806641 0.568359 0.036227 0.049896
1 0.281250 0.650391 0.034268 0.016514
1 0.492188 0.666016 0.032320 0.027524
1 0.408203 0.388672 0.035143 0.023761
1 0.443359 0.697266 0.039519 0.030164
1 0.583984 0.900391 0.055888 0.040161
1 0.093750 0.171875 0.041246 0.028378
1 0.550781 0.861328 0.019913 0.035105
1 0.544922 0.085938 0.053922 0.025800
1 0.439453 0.248047 0.055955 0.032362
1 0.632812 0.207031 0.038131 0.015534
1 0.699219 0.617188 0.015419 0.043827
1 0.572266 0.943359 0.044872 0.022307
1 0.937500 0.906250 0.039539 0.025009
1 0.732422 0.962891 0.038372 0.019037
1 0.416016 0.150391 0.043634 0.047295
1 0.816406 0.136719 0.036170 0.028152