0 0.169922 0.171875 0.031250 0.031250
0 0.638672 0.818359 0.035156 0.035156
0 0.746094 0.320312 0.031250 0.031250
0 0.121094 0.427734 0.035156 0.035156
0 0.478516 0.134766 0.035156 0.035156
0 0.037109 0.271484 0.035156 0.035156
0 0.416016 0.742188 0.027344 0.027344
0 0.210938 0.212891 0.027344 0.027344
0 0.640625 0.078125 0.027344 0.027344
0 0.824219 0.318359 0.035156 0.035156
0 0.634766 0.197266 0.027344 0.027344
0 0.181641 0.957031 0.035156 0.035156
0 0.234375 0.617188 0.023438 0.023438
0 0.115234 0.843750 0.035156 0.035156
0 0.740234 0.423828 0.023438 0.023438
0 0.166016 0.230469 0.035156 0.035156
0 0.255859 0.566406 0.035156 0.035156
0 0.964844 0.582031 0.023438 0.023438
0 0.937500 0.517578 0.027344 0.027344
0 0.591797 0.601562 0.035156 0.035156
0 0.722656 0.158203 0.031250 0.031250
0 0.304688 0.238281 0.031250 0.031250
0 0.267578 0.222656 0.031250 0.031250
0 0.923828 0.714844 0.027344 0.027344
0 0.109375 0.501953 0.031250 0.031250
0 0.476562 0.298828 0.035156 0.035156
0 0.320312 0.306641 0.023438 0.023438
0 0.291016 0.376953 0.023438 0.023438
0 0.191406 0.837891 0.027344 0.027344
0 0.433594 0.980469 0.031250 0.031250
1 0.076172 0.738281 0.038613 0.045959
1 0.654297 0.171875 0.056167 0.039418
1 0.523438 0.806641 0.023199 0.042650
1 0.876953 0.105469 0.045157 0.048627
1 0.863281 0.939453 0.036891 0.042614
1 0.582031 0.974609 0.041398 0.038508
1 0.748047 0.291016 0.048403 0.038897
1 0.802734 0.197266 0.019247 0.042519
1 0.750000 0.353516 0.055397 0.029716
1 0.417969 0.029297 0.032320 0.027524
1 0.683594 0.568359 0.049875 0.043523
1 0.951172 0.755859 0.029726 0.033185
1 0.929688 0.419922 0.042028 0.033329
1 0.892578 0.466797 0.019990 0.042556
1 0.166016 0.347656 0.034847 0.036870
1 0.560547 0.580078 0.045664 0.039129
1 0.908203 0.791016 0.043232 0.026280
1 0.835938 0.304688 0.028611 0.043097
1 0.242188 0.386719 0.032086 0.038410
1 0.685547 0.953125 0.034496 0.027146