0 0.119141 0.833984 0.027344 0.027344
0 0.355469 0.371094 0.031250 0.031250
0 0.589844 0.398438 0.035156 0.035156
0 0.869141 0.162109 0.035156 0.035156
0 0.611328 0.093750 0.035156 0.035156
0 0.689453 0.583984 0.035156 0.035156
0 0.781250 0.185547 0.023438 0.023438
0 0.253906 0.144531 0.023438 0.023438
0 0.404297 0.708984 0.023438 0.023438
0 0.052734 0.136719 0.035156 0.035156
0 0.162109 0.291016 0.027344 0.027344
0 0.236328 0.746094 0.023438 0.023438
0 0.291016 0.978516 0.023438 0.023438
0 0.318359 0.984375 0.023438 0.023438
0 0.312500 0.525391 0.035156 0.035156
0 0.392578 0.722656 0.035156 0.035156
0 0.144531 0.664062 0.023438 0.023438
0 0.679688 0.289062 0.023438 0.023438
0 0.189453 0.355469 0.031250 0.031250
0 0.544922 0.046875 0.023438 0.023438
0 0.867188 0.693359 0.027344 0.027344
0 0.580078 0.119141 0.027344 0.027344
0 0.224609 0.322266 0.031250 0.031250
0 0.248047 0.910156 0.027344 0.027344
0 0.859375 0.039062 0.031250 0.031250
0 0.212891 0.392578 0.023438 0.023438
0 0.908203 0.810547 0.027344 0.027344
0 0.357422 0.259766 0.031250 0.031250
0 0.150391 0.273438 0.035156 0.035156
0 0.033203 0.552734 0.027344 0.027344
1 0.728516 0.960938 0.044670 0.043705
1 0.556641 0.326172 0.017863 0.038355
1 0.947266 0.039062 0.042544 0.036778
1 0.375000 0.908203 0.034630 0.039539
1 0.789062 0.228516 0.048397 0.038060
1 0.916016 0.033203 0.040799 0.027878
1 0.837891 0.501953 0.024082 0.031946
1 0.158203 0.738281 0.045766 0.016772
1 0.541016 0.406250 0.030224 0.037059
1 0.296875 0.947266 0.017024 0.040105
1 0.769531 0.292969 0.031677 0.038569
1 0.412109 0.130859 0.043786 0.030918
1 0.066406 0.546875 0.031215 0.034582
1 0.812500 0.666016 0.017535 0.045943
1 0.304688 0.138672 0.018584 0.038664
1 0.904297 0.945312 0.036778 0.053935
1 0.937500 0.017578 0.023188 0.043105
1 0.085938 0.019531 0.030550 0.044721
1 0.230469 0.921875 0.037074 0.031308
1 0.744141 0.371094 0.052711 0.042773