0 0.560547 0.222656 0.035156 0.035156
0 0.548828 0.978516 0.027344 0.027344
0 0.335938 0.691406 0.027344 0.027344
0 0.115234 0.560547 0.027344 0.027344
0 0.556641 0.408203 0.035156 0.035156
0 0.720703 0.867188 0.023438 0.023438
0 0.558594 0.972656 0.023438 0.023438
0 0.306641 0.349609 0.035156 0.035156
0 0.845703 0.248047 0.023438 0.023438
0 0.261719 0.119141 0.035156 0.035156
0 0.226562 0.322266 0.031250 0.031250
0 0.468750 0.716797 0.027344 0.027344
0 0.582031 0.755859 0.035156 0.035156
0 0.898438 0.314453 0.023438 0.023438
0 0.916016 0.085938 0.031250 0.031250
0 0.412109 0.509766 0.023438 0.023438
0 0.187500 0.630859 0.023438 0.023438
0 0.828125 0.232422 0.027344 0.027344
0 0.525391 0.705078 0.027344 0.027344
0 0.738281 0.294922 0.027344 0.027344
0 0.666016 0.380859 0.023438 0.023438
0 0.722656 0.281250 0.023438 0.023438
0 0.642578 0.619141 0.023438 0.023438
0 0.960938 0.683594 0.027344 0.027344
0 0.324219 0.914062 0.027344 0.027344
0 0.628906 0.025391 0.027344 0.027344
0 0.933594 0.769531 0.023438 0.023438
0 0.283203 0.064453 0.027344 0.027344
0 0.894531 0.982422 0.031250 0.031250
0 0.064453 0.636719 0.023438 0.023438
1 0.263672 0.316406 0.055255 0.030539
1 0.214844 0.179688 0.023798 0.040750
1 0.507812 0.902344 0.039001 0.038327
1 0.451172 0.712891 0.016854 0.038160
1 0.861328 0.648438 0.031231 0.029305
1 0.152344 0.080078 0.044962 0.028773
1 0.150391 0.919922 0.031516 0.020618
1 0.511719 0.419922 0.048338 0.045446
1 0.644531 0.199219 0.052418 0.039769
1 0.103516 0.246094 0.035229 0.033783
1 0.384766 0.527344 0.041057 0.035860
1 0.628906 0.236328 0.056802 0.010753
1 0.248047 0.068359 0.021935 0.042651
1 0.966797 0.988281 0.030679 0.021232
1 0.447266 0.156250 0.025924 0.031200
1 0.802734 0.240234 0.052894 0.027213
1 0.699219 0.029297 0.030851 0.019616
1 0.111328 0.693359 0.041354 0.046551
1 0.945312 0.095703 0.029340 0.033716
1 0.410156 0.189453 0.043201 0.014420