0 0.019531 0.162109 0.027344 0.027344
0 0.556641 0.675781 0.023438 0.023438
0 0.574219 0.833984 0.023438 0.023438
0 0.205078 0.847656 0.031250 0.031250
0 0.505859 0.394531 0.027344 0.027344
0 0.406250 0.261719 0.023438 0.023438
0 0.125000 0.238281 0.035156 0.035156
0 0.580078 0.962891 0.031250 0.031250
0 0.669922 0.779297 0.027344 0.027344
0 0.320312 0.798828 0.035156 0.035156
0 0.701172 0.408203 0.031250 0.031250
0 0.595703 0.025391 0.035156 0.035156
0 0.291016 0.730469 0.031250 0.031250
0 0.597656 0.199219 0.031250 0.031250
0 0.101562 0.361328 0.035156 0.035156
0 0.644531 0.337891 0.035156 0.035156
0 0.599609 0.673828 0.031250 0.031250
0 0.212891 0.214844 0.023438 0.023438
0 0.736328 0.337891 0.031250 0.031250
0 0.480469 0.335938 0.027344 0.027344
0 0.169922 0.273438 0.031250 0.031250
0 0.308594 0.890625 0.031250 0.031250
0 0.578125 0.173828 0.023438 0.023438
0 0.091797 0.947266 0.031250 0.031250
0 0.304688 0.845703 0.023438 0.023438
0 0.953125 0.652344 0.035156 0.035156
0 0.542969 0.285156 0.023438 0.023438
0 0.441406 0.261719 0.031250 0.031250
0 0.453125 0.761719 0.023438 0.023438
0 0.835938 0.181641 0.023438 0.023438
1 0.732422 0.119141 0.042969 0.009766
1 0.457031 0.705078 0.021716 0.036321
1 0.535156 0.058594 0.039315 0.022243
1 0.740234 0.847656 0.052514 0.023931
1 0.431641 0.822266 0.039724 0.015698
1 0.878906 0.800781 0.017378 0.032683
1 0.376953 0.289062 0.012103 0.045371
1 0.839844 0.501953 0.030320 0.032968
1 0.527344 0.166016 0.024252 0.039773
1 0.720703 0.773438 0.042969 0.009766
1 0.789062 0.271484 0.046794 0.027987
1 0.435547 0.105469 0.049973 0.043240
1 0.164062 0.740234 0.016498 0.036445
1 0.701172 0.960938 0.015643 0.030687
1 0.630859 0.601562 0.052980 0.036829
1 0.431641 0.230469 0.040992 0.041860
1 0.378906 0.064453 0.021935 0.042651
1 0.238281 0.732422 0.032025 0.031495
1 0.470703 0.152344 0.031075 0.018087
1 0.654297 0.279297 0.037469 0.048654