0 0.166016 0.826172 0.031250 0.031250
0 0.087891 0.152344 0.035156 0.035156
0 0.736328 0.683594 0.031250 0.031250
0 0.107422 0.873047 0.031250 0.031250
0 0.085938 0.060547 0.027344 0.027344
0 0.656250 0.251953 0.027344 0.027344
0 0.257812 0.255859 0.031250 0.031250
0 0.517578 0.044922 0.031250 0.031250
0 0.259766 0.755859 0.035156 0.035156
0 0.927734 0.222656 0.031250 0.031250
0 0.066406 0.767578 0.023438 0.023438
0 0.535156 0.605469 0.035156 0.035156
0 0.734375 0.027344 0.035156 0.035156
0 0.681641 0.332031 0.035156 0.035156
0 0.400391 0.863281 0.023438 0.023438
0 0.589844 0.912109 0.027344 0.027344
0 0.292969 0.587891 0.031250 0.031250
0 0.388672 0.791016 0.031250 0.031250
0 0.783203 0.337891 0.031250 0.031250
0 0.128906 0.742188 0.027344 0.027344
0 0.056641 0.644531 0.035156 0.035156
0 0.345703 0.591797 0.031250 0.031250
0 0.882812 0.261719 0.027344 0.027344
0 0.476562 0.142578 0.027344 0.027344
0 0.167969 0.431641 0.031250 0.031250
0 0.283203 0.849609 0.027344 0.027344
0 0.638672 0.402344 0.035156 0.035156
0 0.460938 0.470703 0.027344 0.027344
0 0.769531 0.689453 0.023438 0.023438
0 0.925781 0.544922 0.023438 0.023438
1 0.693359 0.736328 0.053580 0.037543
1 0.277344 0.968750 0.036848 0.049275
1 0.080078 0.531250 0.032102 0.034028
1 0.441406 0.056641 0.043248 0.047680
1 0.919922 0.027344 0.011797 0.039520
1 0.738281 0.441406 0.034725 0.041440
1 0.263672 0.396484 0.038302 0.028982
1 0.927734 0.263672 0.037185 0.044873
1 0.216797 0.796875 0.040711 0.049552
1 0.218750 0.931641 0.033401 0.038021
1 0.451172 0.468750 0.053580 0.037543
1 0.255859 0.792969 0.038670 0.038670
1 0.107422 0.042969 0.052980 0.036829
1 0.152344 0.287109 0.046926 0.027552
1 0.845703 0.162109 0.040355 0.027129
1 0.320312 0.292969 0.014279 0.037836
1 0.136719 0.662109 0.051223 0.012410
1 0.492188 0.816406 0.057433 0.021328
1 0.365234 0.884766 0.031738 0.028281
1 0.347656 0.912109 0.020531 0.046508