0 0.330078 0.505859 0.027344 0.027344
0 0.892578 0.750000 0.031250 0.031250
0 0.302734 0.056641 0.031250 0.031250
0 0.660156 0.734375 0.035156 0.035156
0 0.574219 0.033203 0.031250 0.031250
0 0.087891 0.896484 0.031250 0.031250
0 0.292969 0.619141 0.023438 0.023438
0 0.613281 0.025391 0.023438 0.023438
0 0.037109 0.441406 0.027344 0.027344
0 0.941406 0.396484 0.027344 0.027344
0 0.519531 0.355469 0.031250 0.031250
0 0.960938 0.958984 0.027344 0.027344
0 0.455078 0.664062 0.027344 0.027344
0 0.880859 0.792969 0.031250 0.031250
0 0.601562 0.322266 0.027344 0.027344
0 0.642578 0.761719 0.023438 0.023438
0 0.253906 0.464844 0.035156 0.035156
0 0.972656 0.619141 0.035156 0.035156
0 0.910156 0.529297 0.031250 0.031250
0 0.191406 0.583984 0.023438 0.023438
0 0.488281 0.675781 0.035156 0.035156
0 0.564453 0.986328 0.023438 0.023438
0 0.621094 0.597656 0.023438 0.023438
0 0.929688 0.789062 0.031250 0.031250
0 0.138672 0.382812 0.035156 0.035156
0 0.861328 0.205078 0.031250 0.031250
0 0.228516 0.058594 0.023438 0.023438
0 0.447266 0.986328 0.023438 0.023438
0 0.263672 0.380859 0.027344 0.027344
0 0.873047 0.917969 0.023438 0.023438
1 0.628906 0.117188 0.041385 0.025645
1 0.037109 0.697266 0.039440 0.023371
1 0.498047 0.849609 0.041318 0.023909
1 0.587891 0.945312 0.052980 0.036829
1 0.523438 0.158203 0.030517 0.035130
1 0.847656 0.449219 0.037712 0.024872
1 0.726562 0.115234 0.028380 0.051727
1 0.626953 0.453125 0.044670 0.043705
1 0.568359 0.765625 0.040187 0.051673
1 0.197266 0.802734 0.028470 0.044656
1 0.771484 0.654297 0.026274 0.033165
1 0.767578 0.882812 0.047295 0.043634
1 0.410156 0.535156 0.018448 0.033085
1 0.517578 0.429688 0.042993 0.032656
1 0.941406 0.310547 0.046048 0.038745
1 0.093750 0.333984 0.036422 0.047333
1 0.253906 0.335938 0.028644 0.033920
1 0.750000 0.150391 0.014325 0.053385
1 0.771484 0.941406 0.030431 0.047436
1 0.787109 0.849609 0.030207 0.014228