0 0.464844 0.314453 0.035156 0.035156
0 0.439453 0.734375 0.027344 0.027344
0 0.949219 0.263672 0.023438 0.023438
0 0.130859 0.248047 0.027344 0.027344
0 0.298828 0.152344 0.023438 0.023438
0 0.972656 0.746094 0.035156 0.035156
0 0.402344 0.646484 0.031250 0.031250
0 0.839844 0.753906 0.035156 0.035156
0 0.939453 0.425781 0.027344 0.027344
0 0.609375 0.531250 0.035156 0.035156
0 0.058594 0.830078 0.023438 0.023438
0 0.736328 0.408203 0.031250 0.031250
0 0.048828 0.134766 0.031250 0.031250
0 0.878906 0.402344 0.027344 0.027344
0 0.462891 0.949219 0.035156 0.035156
0 0.556641 0.019531 0.035156 0.035156
0 0.074219 0.167969 0.031250 0.031250
0 0.939453 0.968750 0.031250 0.031250
0 0.421875 0.224609 0.031250 0.031250
0 0.070312 0.142578 0.035156 0.035156
0 0.802734 0.332031 0.035156 0.035156
0 0.957031 0.388672 0.027344 0.027344
0 0.480469 0.070312 0.023438 0.023438
0 0.708984 0.882812 0.027344 0.027344
0 0.839844 0.542969 0.023438 0.023438
0 0.275391 0.490234 0.031250 0.031250
0 0.380859 0.125000 0.027344 0.027344
0 0.193359 0.416016 0.023438 0.023438
0 0.515625 0.589844 0.035156 0.035156
0 0.513672 0.017578 0.023438 0.023438
1 0.121094 0.013672 0.022311 0.057836
1 0.648438 0.203125 0.037169 0.034472
1 0.630859 0.466797 0.034563 0.048146
1 0.460938 0.191406 0.033270 0.019878
1 0.181641 0.488281 0.033144 0.051952
1 0.197266 0.300781 0.024082 0.031946
1 0.062500 0.392578 0.015231 0.045372
1 0.556641 0.537109 0.050151 0.030312
1 0.099609 0.873047 0.024833 0.046930
1 0.626953 0.810547 0.052084 0.021193
1 0.033203 0.021484 0.027044 0.032800
1 0.201172 0.148438 0.053555 0.016270
1 0.486328 0.408203 0.029419 0.028551
1 0.634766 0.253906 0.049149 0.033160
1 0.917969 0.814453 0.037617 0.023353
1 0.902344 0.472656 0.012262 0.031450
1 0.111328 0.886719 0.042501 0.031842
1 0.205078 0.488281 0.011055 0.037428
1 0.470703 0.142578 0.046846 0.023427
1 0.591797 0.656250 0.042277 0.037228