0 0.289062 0.208984 0.027344 0.027344
0 0.205078 0.361328 0.031250 0.031250
0 0.587891 0.804688 0.035156 0.035156
0 0.583984 0.902344 0.031250 0.031250
0 0.734375 0.470703 0.031250 0.031250
0 0.771484 0.763672 0.027344 0.027344
0 0.949219 0.662109 0.023438 0.023438
0 0.027344 0.843750 0.023438 0.023438
0 0.617188 0.123047 0.031250 0.031250
0 0.519531 0.841797 0.027344 0.027344
0 0.503906 0.757812 0.031250 0.031250
0 0.826172 0.679688 0.031250 0.031250
0 0.857422 0.406250 0.027344 0.027344
0 0.609375 0.591797 0.035156 0.035156
0 0.494141 0.787109 0.023438 0.023438
0 0.535156 0.824219 0.035156 0.035156
0 0.917969 0.044922 0.027344 0.027344
0 0.185547 0.599609 0.023438 0.023438
0 0.433594 0.328125 0.035156 0.035156
0 0.972656 0.054688 0.023438 0.023438
0 0.332031 0.570312 0.023438 0.023438
0 0.333984 0.414062 0.027344 0.027344
0 0.142578 0.240234 0.023438 0.023438
0 0.378906 0.708984 0.031250 0.031250
0 0.212891 0.556641 0.027344 0.027344
0 0.730469 0.703125 0.035156 0.035156
0 0.476562 0.867188 0.027344 0.027344
0 0.794922 0.203125 0.027344 0.027344
0 0.164062 0.851562 0.031250 0.031250
0 0.191406 0.097656 0.035156 0.035156
1 0.810547 0.326172 0.018092 0.038499
1 0.824219 0.441406 0.026663 0.032988
1 0.949219 0.626953 0.013075 0.039448
1 0.839844 0.794922 0.024146 0.029889
1 0.201172 0.179688 0.033979 0.037443
1 0.123047 0.445312 0.047479 0.046419
1 0.140625 0.013672 0.027921 0.052560
1 0.111328 0.382812 0.019453 0.057476
1 0.699219 0.312500 0.041920 0.034245
1 0.242188 0.796875 0.036493 0.047560
1 0.488281 0.318359 0.057074 0.012717
1 0.685547 0.320312 0.033650 0.052535
1 0.394531 0.777344 0.021293 0.042632
1 0.626953 0.339844 0.020225 0.044578
1 0.810547 0.216797 0.047751 0.022308
1 0.070312 0.806641 0.052731 0.028015
1 0.583984 0.503906 0.047776 0.048884
1 0.537109 0.056641 0.030548 0.014705
1 0.830078 0.468750 0.022233 0.053530
1 0.287109 0.398438 0.029680 0.039688