0 0.505859 0.478516 0.035156 0.035156
0 0.822266 0.492188 0.035156 0.035156
0 0.220703 0.439453 0.027344 0.027344
0 0.912109 0.105469 0.027344 0.027344
0 0.478516 0.568359 0.035156 0.035156
0 0.222656 0.341797 0.023438 0.023438
0 0.867188 0.804688 0.035156 0.035156
0 0.753906 0.072266 0.035156 0.035156
0 0.728516 0.960938 0.023438 0.023438
0 0.191406 0.638672 0.035156 0.035156
0 0.939453 0.037109 0.027344 0.027344
0 0.777344 0.318359 0.031250 0.031250
0 0.347656 0.728516 0.035156 0.035156
0 0.351562 0.406250 0.035156 0.035156
0 0.253906 0.503906 0.035156 0.035156
0 0.351562 0.496094 0.031250 0.031250
0 0.109375 0.703125 0.023438 0.023438
0 0.416016 0.718750 0.031250 0.031250
0 0.779297 0.136719 0.027344 0.027344
0 0.099609 0.849609 0.027344 0.027344
0 0.125000 0.404297 0.031250 0.031250
0 0.482422 0.621094 0.031250 0.031250
0 0.173828 0.904297 0.031250 0.031250
0 0.365234 0.703125 0.031250 0.031250
0 0.705078 0.964844 0.031250 0.031250
0 0.160156 0.537109 0.031250 0.031250
0 0.933594 0.939453 0.023438 0.023438
0 0.490234 0.515625 0.035156 0.035156
0 0.029297 0.306641 0.023438 0.023438
0 0.259766 0.583984 0.031250 0.031250
1 0.515625 0.285156 0.014386 0.041248
1 0.517578 0.605469 0.022426 0.034305
1 0.535156 0.718750 0.041354 0.046551
1 0.134766 0.476562 0.015643 0.030687
1 0.347656 0.234375 0.045918 0.033736
1 0.500000 0.564453 0.052521 0.028695
1 0.849609 0.958984 0.027441 0.053775
1 0.488281 0.322266 0.049792 0.019704
1 0.833984 0.398438 0.053775 0.027441
1 0.681641 0.369141 0.012569 0.049025
1 0.566406 0.583984 0.018807 0.044315
1 0.240234 0.798828 0.024189 0.035879
1 0.234375 0.250000 0.028486 0.033655
1 0.882812 0.054688 0.040105 0.017024
1 0.675781 0.822266 0.052871 0.034297
1 0.544922 0.244141 0.051091 0.011532
1 0.943359 0.373047 0.022238 0.046423
1 0.232422 0.705078 0.012001 0.043421
1 0.437500 0.912109 0.014667 0.057176
1 0.550781 0.894531 0.033315 0.023416