0 0.503906 0.068359 0.023438 0.023438
0 0.394531 0.220703 0.035156 0.035156
0 0.515625 0.615234 0.023438 0.023438
0 0.437500 0.738281 0.035156 0.035156
0 0.541016 0.486328 0.023438 0.023438
0 0.722656 0.906250 0.035156 0.035156
0 0.791016 0.585938 0.035156 0.035156
0 0.384766 0.466797 0.023438 0.023438
0 0.296875 0.888672 0.027344 0.027344
0 0.708984 0.259766 0.031250 0.031250
0 0.289062 0.154297 0.031250 0.031250
0 0.140625 0.154297 0.031250 0.031250
0 0.621094 0.076172 0.023438 0.023438
0 0.173828 0.021484 0.027344 0.027344
0 0.634766 0.472656 0.023438 0.023438
0 0.585938 0.208984 0.023438 0.023438
0 0.589844 0.191406 0.031250 0.031250
0 0.759766 0.287109 0.031250 0.031250
0 0.972656 0.353516 0.035156 0.035156
0 0.451172 0.351562 0.023438 0.023438
0 0.291016 0.437500 0.031250 0.031250
0 0.732422 0.466797 0.023438 0.023438
0 0.863281 0.712891 0.031250 0.031250
0 0.097656 0.892578 0.027344 0.027344
0 0.695312 0.507812 0.023438 0.023438
0 0.423828 0.494141 0.031250 0.031250
0 0.562500 0.785156 0.027344 0.027344
0 0.863281 0.392578 0.027344 0.027344
0 0.099609 0.552734 0.027344 0.027344
0 0.451172 0.662109 0.035156 0.035156
1 0.244141 0.121094 0.053391 0.035405
1 0.791016 0.050781 0.036123 0.053194
1 0.525391 0.847656 0.028442 0.035591
1 0.187500 0.925781 0.017521 0.032713
1 0.091797 0.199219 0.026063 0.039544
1 0.267578 0.550781 0.037972 0.039321
1 0.138672 0.091797 0.045959 0.038613
1 0.859375 0.468750 0.043757 0.029369
1 0.792969 0.291016 0.036657 0.035115
1 0.292969 0.025391 0.047568 0.040162
1 0.666016 0.425781 0.039129 0.045664
1 0.482422 0.771484 0.056291 0.023856
1 0.068359 0.136719 0.017024 0.040105
1 0.312500 0.156250 0.033894 0.057638
1 0.566406 0.953125 0.036156 0.055787
1 0.667969 0.558594 0.046894 0.040835
1 0.511719 0.980469 0.021247 0.042871
1 0.105469 0.798828 0.032350 0.050168
1 0.820312 0.734375 0.047199 0.037126
1 0.753906 0.099609 0.047626 0.034683