0 0.417969 0.822266 0.031250 0.031250
0 0.439453 0.029297 0.023438 0.023438
0 0.933594 0.097656 0.023438 0.023438
0 0.447266 0.597656 0.027344 0.027344
0 0.714844 0.947266 0.031250 0.031250
0 0.609375 0.708984 0.031250 0.031250
0 0.710938 0.101562 0.023438 0.023438
0 0.037109 0.472656 0.031250 0.031250
0 0.566406 0.314453 0.031250 0.031250
0 0.298828 0.226562 0.035156 0.035156
0 0.378906 0.134766 0.027344 0.027344
0 0.960938 0.160156 0.023438 0.023438
0 0.664062 0.906250 0.031250 0.031250
0 0.621094 0.515625 0.027344 0.027344
0 0.761719 0.261719 0.027344 0.027344
0 0.146484 0.800781 0.031250 0.031250
0 0.554688 0.388672 0.027344 0.027344
0 0.326172 0.212891 0.035156 0.035156
0 0.785156 0.937500 0.031250 0.031250
0 0.828125 0.281250 0.023438 0.023438
0 0.435547 0.376953 0.027344 0.027344
0 0.228516 0.138672 0.035156 0.035156
0 0.083984 0.875000 0.023438 0.023438
0 0.527344 0.982422 0.027344 0.027344
0 0.158203 0.263672 0.031250 0.031250
0 0.824219 0.582031 0.027344 0.027344
0 0.548828 0.054688 0.027344 0.027344
0 0.853516 0.751953 0.027344 0.027344
0 0.253906 0.580078 0.031250 0.031250
0 0.333984 0.056641 0.027344 0.027344
1 0.921875 0.798828 0.039920 0.047608
1 0.816406 0.859375 0.031640 0.012802
1 0.941406 0.101562 0.046948 0.026884
1 0.677734 0.166016 0.030506 0.058093
1 0.470703 0.136719 0.030832 0.038850
1 0.412109 0.515625 0.050213 0.022402
1 0.814453 0.529297 0.026861 0.028306
1 0.648438 0.070312 0.012512 0.053173
1 0.105469 0.455078 0.036735 0.025944
1 0.298828 0.527344 0.050167 0.024724
1 0.232422 0.449219 0.046015 0.017106
1 0.830078 0.781250 0.017985 0.038581
1 0.632812 0.527344 0.019398 0.042160
1 0.277344 0.367188 0.047599 0.023773
1 0.849609 0.169922 0.042088 0.016740
1 0.275391 0.841797 0.033771 0.013440
1 0.390625 0.484375 0.010514 0.043133
1 0.148438 0.767578 0.035626 0.025127
1 0.503906 0.353516 0.045821 0.042352
1 0.375000 0.804688 0.045901 0.016350