0 0.138672 0.537109 0.023438 0.023438
0 0.462891 0.472656 0.027344 0.027344
0 0.875000 0.169922 0.035156 0.035156
0 0.353516 0.814453 0.031250 0.031250
0 0.798828 0.833984 0.035156 0.035156
0 0.873047 0.419922 0.027344 0.027344
0 0.810547 0.767578 0.023438 0.023438
0 0.599609 0.343750 0.031250 0.031250
0 0.591797 0.855469 0.027344 0.027344
0 0.753906 0.166016 0.027344 0.027344
0 0.353516 0.916016 0.035156 0.035156
0 0.078125 0.298828 0.023438 0.023438
0 0.964844 0.855469 0.031250 0.031250
0 0.572266 0.191406 0.027344 0.027344
0 0.513672 0.794922 0.031250 0.031250
0 0.837891 0.814453 0.035156 0.035156
0 0.109375 0.263672 0.031250 0.031250
0 0.660156 0.832031 0.023438 0.023438
0 0.210938 0.328125 0.027344 0.027344
0 0.468750 0.673828 0.023438 0.023438
0 0.845703 0.763672 0.027344 0.027344
0 0.744141 0.542969 0.023438 0.023438
0 0.156250 0.417969 0.031250 0.031250
0 0.464844 0.660156 0.035156 0.035156
0 0.166016 0.339844 0.027344 0.027344
0 0.847656 0.048828 0.027344 0.027344
0 0.759766 0.246094 0.031250 0.031250
0 0.373047 0.878906 0.023438 0.023438
0 0.460938 0.710938 0.027344 0.027344
0 0.687500 0.871094 0.023438 0.023438
1 0.734375 0.121094 0.033979 0.037443
1 0.494141 0.857422 0.010446 0.039227
1 0.705078 0.812500 0.049390 0.013148
1 0.093750 0.246094 0.052871 0.034297
1 0.269531 0.164062 0.049983 0.026977
1 0.910156 0.357422 0.046253 0.019045
1 0.101562 0.353516 0.041886 0.051112
1 0.951172 0.773438 0.036873 0.037693
1 0.291016 0.986328 0.031250 0.009766
1 0.089844 0.701172 0.032009 0.038922
1 0.667969 0.460938 0.046889 0.028212
1 0.453125 0.904297 0.034829 0.017839
1 0.251953 0.316406 0.012228 0.029497
1 0.939453 0.525391 0.039769 0.052418
1 0.099609 0.789062 0.018807 0.044315
1 0.236328 0.212891 0.013672 0.037109
1 0.449219 0.798828 0.047680 0.043248
1 0.947266 0.736328 0.028455 0.029515
1 0.507812 0.119141 0.042161 0.018742
1 0.875000 0.943359 0.050652 0.024305