0 0.576172 0.210938 0.027344 0.027344
0 0.814453 0.171875 0.035156 0.035156
0 0.818359 0.316406 0.027344 0.027344
0 0.281250 0.832031 0.023438 0.023438
0 0.332031 0.292969 0.031250 0.031250
0 0.044922 0.517578 0.023438 0.023438
0 0.029297 0.984375 0.023438 0.023438
0 0.082031 0.687500 0.035156 0.035156
0 0.968750 0.074219 0.035156 0.035156
0 0.041016 0.023438 0.031250 0.031250
0 0.726562 0.242188 0.023438 0.023438
0 0.914062 0.949219 0.035156 0.035156
0 0.701172 0.613281 0.027344 0.027344
0 0.972656 0.736328 0.023438 0.023438
0 0.365234 0.736328 0.023438 0.023438
0 0.281250 0.699219 0.035156 0.035156
0 0.605469 0.238281 0.031250 0.031250
0 0.800781 0.222656 0.027344 0.027344
0 0.103516 0.523438 0.027344 0.027344
0 0.273438 0.884766 0.031250 0.031250
0 0.640625 0.316406 0.031250 0.031250
0 0.925781 0.957031 0.027344 0.027344
0 0.642578 0.626953 0.023438 0.023438
0 0.638672 0.136719 0.035156 0.035156
0 0.607422 0.228516 0.035156 0.035156
0 0.875000 0.654297 0.027344 0.027344
0 0.892578 0.044922 0.023438 0.023438
0 0.691406 0.333984 0.031250 0.031250
0 0.203125 0.890625 0.031250 0.031250
0 0.082031 0.390625 0.023438 0.023438
1 0.091797 0.093750 0.040782 0.022627
1 0.361328 0.650391 0.021032 0.031538
1 0.279297 0.140625 0.039383 0.022811
1 0.595703 0.712891 0.027249 0.037640
1 0.740234 0.707031 0.035209 0.022368
1 0.306641 0.128906 0.047892 0.045964
1 0.601562 0.134766 0.016358 0.055470
1 0.175781 0.816406 0.028976 0.035867
1 0.509766 0.671875 0.041400 0.013143
1 0.421875 0.953125 0.051325 0.014360
1 0.685547 0.380859 0.032177 0.023294
1 0.638672 0.730469 0.050663 0.028091
1 0.671875 0.720703 0.056871 0.014658
1 0.177734 0.083984 0.051393 0.044752
1 0.199219 0.162109 0.021620 0.044788
1 0.242188 0.146484 0.034124 0.023333
1 0.900391 0.009766 0.023923 0.053383
1 0.900391 0.927734 0.030501 0.041861
1 0.892578 0.925781 0.033149 0.018891
1 0.083984 0.498047 0.035721 0.013543