0 0.355469 0.720703 0.027344 0.027344
0 0.902344 0.070312 0.035156 0.035156
0 0.484375 0.750000 0.031250 0.031250
0 0.314453 0.843750 0.035156 0.035156
0 0.402344 0.162109 0.035156 0.035156
0 0.076172 0.029297 0.027344 0.027344
0 0.199219 0.363281 0.023438 0.023438
0 0.414062 0.257812 0.023438 0.023438
0 0.189453 0.835938 0.023438 0.023438
0 0.824219 0.173828 0.031250 0.031250
0 0.720703 0.939453 0.031250 0.031250
0 0.158203 0.351562 0.027344 0.027344
0 0.062500 0.218750 0.031250 0.031250
0 0.953125 0.691406 0.031250 0.031250
0 0.519531 0.476562 0.023438 0.023438
0 0.193359 0.205078 0.031250 0.031250
0 0.660156 0.439453 0.023438 0.023438
0 0.867188 0.357422 0.027344 0.027344
0 0.480469 0.568359 0.035156 0.035156
0 0.490234 0.908203 0.023438 0.023438
0 0.738281 0.539062 0.023438 0.023438
0 0.742188 0.083984 0.035156 0.035156
0 0.640625 0.035156 0.035156 0.035156
0 0.464844 0.619141 0.023438 0.023438
0 0.843750 0.802734 0.031250 0.031250
0 0.412109 0.779297 0.027344 0.027344
0 0.740234 0.968750 0.027344 0.027344
0 0.226562 0.654297 0.031250 0.031250
0 0.173828 0.298828 0.027344 0.027344
0 0.580078 0.636719 0.031250 0.031250
1 0.296875 0.779297 0.033638 0.025059
1 0.224609 0.326172 0.040967 0.051519
1 0.056641 0.371094 0.041057 0.035860
1 0.058594 0.503906 0.039921 0.016363
1 0.259766 0.031250 0.031725 0.036478
1 0.619141 0.638672 0.032598 0.016049
1 0.625000 0.554688 0.010344 0.033369
1 0.271484 0.171875 0.050168 0.032350
1 0.912109 0.251953 0.043265 0.042349
1 0.111328 0.117188 0.014463 0.053275
1 0.865234 0.357422 0.049782 0.018096
1 0.691406 0.361328 0.036646 0.027947
1 0.294922 0.529297 0.027417 0.032602
1 0.568359 0.554688 0.041364 0.049107
1 0.087891 0.419922 0.019704 0.049792
1 0.710938 0.742188 0.034076 0.015955
1 0.324219 0.326172 0.030216 0.027568
1 0.371094 0.048828 0.032124 0.041084
1 0.488281 0.257812 0.047805 0.021565
1 0.464844 0.884766 0.029764 0.035520