0 0.710938 0.345703 0.031250 0.031250
0 0.517578 0.296875 0.035156 0.035156
0 0.130859 0.806641 0.035156 0.035156
0 0.130859 0.904297 0.027344 0.027344
0 0.820312 0.173828 0.031250 0.031250
0 0.945312 0.777344 0.031250 0.031250
0 0.474609 0.361328 0.027344 0.027344
0 0.398438 0.500000 0.027344 0.027344
0 0.820312 0.439453 0.023438 0.023438
0 0.919922 0.568359 0.031250 0.031250
0 0.845703 0.865234 0.023438 0.023438
0 0.660156 0.130859 0.027344 0.027344
0 0.644531 0.427734 0.023438 0.023438
0 0.449219 0.560547 0.031250 0.031250
0 0.701172 0.552734 0.023438 0.023438
0 0.302734 0.517578 0.023438 0.023438
0 0.441406 0.435547 0.023438 0.023438
0 0.158203 0.894531 0.035156 0.035156
0 0.468750 0.916016 0.031250 0.031250
0 0.031250 0.048828 0.023438 0.023438
0 0.865234 0.244141 0.031250 0.031250
0 0.298828 0.582031 0.031250 0.031250
0 0.208984 0.164062 0.031250 0.031250
0 0.546875 0.843750 0.035156 0.035156
0 0.664062 0.271484 0.031250 0.031250
0 0.843750 0.601562 0.027344 0.027344
0 0.296875 0.580078 0.031250 0.031250
0 0.765625 0.580078 0.035156 0.035156
0 0.730469 0.281250 0.027344 0.027344
0 0.406250 0.082031 0.027344 0.027344
1 0.859375 0.679688 0.012058 0.033803
1 0.380859 0.736328 0.038549 0.050609
1 0.783203 0.640625 0.047322 0.012205
1 0.294922 0.457031 0.031673 0.040993
1 0.396484 0.271484 0.030090 0.030668
1 0.753906 0.525391 0.024606 0.048790
1 0.884766 0.281250 0.020435 0.057777
1 0.755859 0.060547 0.031982 0.012452
1 0.593750 0.054688 0.037362 0.034279
1 0.205078 0.980469 0.037289 0.037289
1 0.941406 0.501953 0.052980 0.036829
1 0.494141 0.517578 0.047988 0.045867
1 0.566406 0.251953 0.010753 0.056802
1 0.328125 0.937500 0.046193 0.041859
1 0.226562 0.146484 0.017884 0.042220
1 0.326172 0.021484 0.049180 0.037585
1 0.587891 0.451172 0.027912 0.034229
1 0.539062 0.078125 0.028164 0.034400
1 0.863281 0.716797 0.032348 0.042357
1 0.107422 0.316406 0.042821 0.039930