0 0.890625 0.027344 0.035156 0.035156
0 0.269531 0.468750 0.027344 0.027344
0 0.052734 0.494141 0.023438 0.023438
0 0.339844 0.214844 0.023438 0.023438
0 0.683594 0.367188 0.035156 0.035156
0 0.599609 0.693359 0.027344 0.027344
0 0.185547 0.199219 0.023438 0.023438
0 0.162109 0.966797 0.031250 0.031250
0 0.865234 0.193359 0.027344 0.027344
0 0.089844 0.724609 0.023438 0.023438
0 0.753906 0.250000 0.031250 0.031250
0 0.705078 0.154297 0.031250 0.031250
0 0.048828 0.609375 0.031250 0.031250
0 0.781250 0.597656 0.035156 0.035156
0 0.619141 0.929688 0.027344 0.027344
0 0.894531 0.509766 0.031250 0.031250
0 0.210938 0.109375 0.035156 0.035156
0 0.447266 0.638672 0.023438 0.023438
0 0.158203 0.708984 0.035156 0.035156
0 0.689453 0.816406 0.023438 0.023438
0 0.855469 0.978516 0.023438 0.023438
0 0.898438 0.716797 0.031250 0.031250
0 0.123047 0.460938 0.027344 0.027344
0 0.029297 0.136719 0.027344 0.027344
0 0.679688 0.289062 0.035156 0.035156
0 0.824219 0.394531 0.035156 0.035156
0 0.222656 0.259766 0.027344 0.027344
0 0.496094 0.275391 0.035156 0.035156
0 0.333984 0.039062 0.023438 0.023438
0 0.970703 0.974609 0.027344 0.027344
1 0.171875 0.855469 0.039050 0.038278
1 0.339844 0.722656 0.016358 0.055470
1 0.804688 0.675781 0.036024 0.016091
1 0.675781 0.408203 0.030638 0.026935
1 0.173828 0.605469 0.018296 0.055708
1 0.828125 0.904297 0.038490 0.032441
1 0.503906 0.687500 0.041619 0.046433
1 0.523438 0.087891 0.050213 0.023183
1 0.935547 0.605469 0.023162 0.038903
1 0.388672 0.130859 0.034696 0.031232
1 0.611328 0.917969 0.027012 0.037020
1 0.787109 0.634766 0.031765 0.031765
1 0.248047 0.091797 0.013211 0.043352
1 0.388672 0.435547 0.020802 0.033342
1 0.179688 0.505859 0.025995 0.035893
1 0.527344 0.203125 0.058264 0.026063
1 0.626953 0.240234 0.048192 0.019283
1 0.847656 0.062500 0.033620 0.037660
1 0.490234 0.566406 0.016967 0.032810
1 0.421875 0.800781 0.053512 0.036762