0 0.074219 0.152344 0.023438 0.023438
0 0.462891 0.710938 0.031250 0.031250
0 0.363281 0.951172 0.035156 0.035156
0 0.310547 0.234375 0.023438 0.023438
0 0.878906 0.943359 0.031250 0.031250
0 0.406250 0.435547 0.027344 0.027344
0 0.980469 0.619141 0.035156 0.035156
0 0.197266 0.968750 0.031250 0.031250
0 0.480469 0.408203 0.027344 0.027344
0 0.515625 0.150391 0.035156 0.035156
0 0.468750 0.503906 0.035156 0.035156
0 0.132812 0.750000 0.035156 0.035156
0 0.054688 0.535156 0.031250 0.031250
0 0.216797 0.302734 0.027344 0.027344
0 0.910156 0.339844 0.023438 0.023438
0 0.097656 0.562500 0.031250 0.031250
0 0.119141 0.052734 0.023438 0.023438
0 0.279297 0.677734 0.035156 0.035156
0 0.724609 0.427734 0.027344 0.027344
0 0.164062 0.121094 0.031250 0.031250
0 0.593750 0.589844 0.035156 0.035156
0 0.802734 0.054688 0.031250 0.031250
0 0.070312 0.146484 0.035156 0.035156
0 0.861328 0.138672 0.031250 0.031250
0 0.613281 0.160156 0.031250 0.031250
0 0.041016 0.271484 0.027344 0.027344
0 0.626953 0.103516 0.023438 0.023438
0 0.701172 0.548828 0.027344 0.027344
0 0.757812 0.427734 0.023438 0.023438
0 0.556641 0.718750 0.027344 0.027344
1 0.218750 0.783203 0.029764 0.030920
1 0.673828 0.859375 0.018698 0.034933
1 0.369141 0.576172 0.014020 0.032305
1 0.382812 0.248047 0.043703 0.041871
1 0.357422 0.419922 0.051227 0.015436
1 0.255859 0.097656 0.039761 0.047539
1 0.345703 0.228516 0.054476 0.026855
1 0.910156 0.343750 0.029901 0.035172
1 0.306641 0.876953 0.028824 0.050619
1 0.779297 0.265625 0.045228 0.043107
1 0.435547 0.626953 0.026339 0.055799
1 0.207031 0.927734 0.056371 0.026496
1 0.574219 0.666016 0.053041 0.026402
1 0.304688 0.218750 0.039846 0.029187
1 0.552734 0.392578 0.047971 0.039329
1 0.861328 0.296875 0.043133 0.010514
1 0.951172 0.736328 0.033149 0.018891
1 0.552734 0.638672 0.022238 0.046423
1 0.251953 0.951172 0.052580 0.025551
1 0.361328 0.730469 0.018160 0.034783