0 0.568359 0.087891 0.023438 0.023438
0 0.556641 0.171875 0.035156 0.035156
0 0.544922 0.689453 0.035156 0.035156
0 0.728516 0.800781 0.031250 0.031250
0 0.736328 0.257812 0.035156 0.035156
0 0.728516 0.316406 0.027344 0.027344
0 0.869141 0.068359 0.027344 0.027344
0 0.312500 0.421875 0.031250 0.031250
0 0.134766 0.107422 0.031250 0.031250
0 0.570312 0.626953 0.027344 0.027344
0 0.964844 0.062500 0.035156 0.035156
0 0.474609 0.777344 0.027344 0.027344
0 0.156250 0.935547 0.023438 0.023438
0 0.259766 0.068359 0.023438 0.023438
0 0.533203 0.861328 0.023438 0.023438
0 0.496094 0.550781 0.035156 0.035156
0 0.972656 0.642578 0.027344 0.027344
0 0.531250 0.246094 0.027344 0.027344
0 0.328125 0.509766 0.031250 0.031250
0 0.683594 0.472656 0.023438 0.023438
0 0.099609 0.205078 0.027344 0.027344
0 0.259766 0.427734 0.035156 0.035156
0 0.269531 0.527344 0.027344 0.027344
0 0.623047 0.105469 0.023438 0.023438
0 0.373047 0.253906 0.027344 0.027344
0 0.742188 0.332031 0.035156 0.035156
0 0.314453 0.433594 0.027344 0.027344
0 0.566406 0.906250 0.031250 0.031250
0 0.943359 0.318359 0.023438 0.023438
0 0.462891 0.439453 0.035156 0.035156
1 0.693359 0.982422 0.017476 0.038335
1 0.507812 0.412109 0.039536 0.047993
1 0.099609 0.353516 0.050560 0.028831
1 0.273438 0.580078 0.040363 0.044937
1 0.226562 0.486328 0.029826 0.037176
1 0.339844 0.285156 0.018160 0.034783
1 0.414062 0.894531 0.053623 0.040574
1 0.882812 0.671875 0.054475 0.026023
1 0.736328 0.515625 0.027417 0.032602
1 0.183594 0.757812 0.046454 0.033586
1 0.744141 0.478516 0.028715 0.054555
1 0.845703 0.533203 0.034305 0.042083
1 0.402344 0.326172 0.032674 0.020316
1 0.333984 0.679688 0.043786 0.030918
1 0.671875 0.324219 0.033605 0.039840
1 0.082031 0.146484 0.040992 0.041860
1 0.744141 0.558594 0.037377 0.042286
1 0.302734 0.376953 0.014249 0.033437
1 0.371094 0.728516 0.039141 0.021089
1 0.408203 0.884766 0.020334 0.050256