0 0.048828 0.580078 0.031250 0.031250
0 0.664062 0.396484 0.035156 0.035156
0 0.173828 0.681641 0.023438 0.023438
0 0.630859 0.498047 0.027344 0.027344
0 0.964844 0.363281 0.027344 0.027344
0 0.228516 0.429688 0.027344 0.027344
0 0.710938 0.882812 0.035156 0.035156
0 0.261719 0.625000 0.031250 0.031250
0 0.337891 0.851562 0.023438 0.023438
0 0.220703 0.681641 0.023438 0.023438
0 0.583984 0.789062 0.035156 0.035156
0 0.826172 0.076172 0.027344 0.027344
0 0.652344 0.574219 0.027344 0.027344
0 0.982422 0.478516 0.023438 0.023438
0 0.318359 0.013672 0.027344 0.027344
0 0.669922 0.029297 0.035156 0.035156
0 0.326172 0.714844 0.023438 0.023438
0 0.783203 0.050781 0.023438 0.023438
0 0.947266 0.332031 0.023438 0.023438
0 0.820312 0.464844 0.035156 0.035156
0 0.861328 0.712891 0.031250 0.031250
0 0.763672 0.851562 0.035156 0.035156
0 0.646484 0.882812 0.023438 0.023438
0 0.310547 0.873047 0.027344 0.027344
0 0.335938 0.201172 0.035156 0.035156
0 0.345703 0.744141 0.031250 0.031250
0 0.351562 0.121094 0.031250 0.031250
0 0.398438 0.638672 0.027344 0.027344
0 0.187500 0.312500 0.031250 0.031250
0 0.048828 0.583984 0.035156 0.035156
1 0.214844 0.722656 0.053562 0.029048
1 0.718750 0.902344 0.032220 0.057901
1 0.750000 0.550781 0.021209 0.048287
1 0.273438 0.138672 0.032214 0.047441
1 0.343750 0.277344 0.053875 0.019109
1 0.607422 0.498047 0.009766 0.052734
1 0.849609 0.976562 0.025732 0.029099
1 0.863281 0.314453 0.054131 0.031662
1 0.181641 0.464844 0.034416 0.054901
1 0.287109 0.707031 0.019772 0.031443
1 0.416016 0.294922 0.052069 0.019759
1 0.234375 0.900391 0.020334 0.050256
1 0.105469 0.986328 0.035848 0.047907
1 0.751953 0.597656 0.038160 0.016854
1 0.197266 0.220703 0.038335 0.017476
1 0.861328 0.818359 0.033163 0.055827
1 0.908203 0.267578 0.020618 0.031516
1 0.945312 0.060547 0.037074 0.031308
1 0.373047 0.609375 0.036537 0.051906
1 0.255859 0.587891 0.031559 0.038937