0 0.986328 0.875000 0.023438 0.023438
0 0.197266 0.525391 0.031250 0.031250
0 0.746094 0.675781 0.027344 0.027344
0 0.630859 0.375000 0.023438 0.023438
0 0.455078 0.480469 0.023438 0.023438
0 0.925781 0.292969 0.023438 0.023438
0 0.160156 0.234375 0.031250 0.031250
0 0.705078 0.812500 0.023438 0.023438
0 0.927734 0.582031 0.023438 0.023438
0 0.716797 0.820312 0.027344 0.027344
0 0.369141 0.310547 0.023438 0.023438
0 0.853516 0.373047 0.023438 0.023438
0 0.033203 0.828125 0.027344 0.027344
0 0.046875 0.279297 0.035156 0.035156
0 0.173828 0.390625 0.031250 0.031250
0 0.087891 0.496094 0.027344 0.027344
0 0.716797 0.085938 0.027344 0.027344
0 0.630859 0.527344 0.031250 0.031250
0 0.330078 0.480469 0.027344 0.027344
0 0.646484 0.453125 0.023438 0.023438
0 0.761719 0.585938 0.035156 0.035156
0 0.519531 0.039062 0.027344 0.027344
0 0.455078 0.304688 0.027344 0.027344
0 0.593750 0.466797 0.035156 0.035156
0 0.166016 0.376953 0.031250 0.031250
0 0.828125 0.794922 0.035156 0.035156
0 0.908203 0.423828 0.027344 0.027344
0 0.224609 0.910156 0.023438 0.023438
0 0.701172 0.894531 0.031250 0.031250
0 0.757812 0.888672 0.031250 0.031250
1 0.589844 0.593750 0.042178 0.040636
1 0.787109 0.406250 0.057238 0.024093
1 0.605469 0.119141 0.017705 0.047888
1 0.724609 0.613281 0.039036 0.020501
1 0.763672 0.853516 0.036288 0.035517
1 0.677734 0.740234 0.014249 0.033437
1 0.806641 0.236328 0.018807 0.044315
1 0.517578 0.046875 0.047296 0.049320
1 0.158203 0.527344 0.032155 0.052942
1 0.796875 0.031250 0.023867 0.037660
1 0.847656 0.722656 0.020129 0.055847
1 0.228516 0.880859 0.026861 0.028306
1 0.865234 0.097656 0.055261 0.024461
1 0.414062 0.789062 0.014822 0.033660
1 0.433594 0.455078 0.055708 0.018296
1 0.587891 0.470703 0.023867 0.037660
1 0.802734 0.703125 0.054901 0.034416
1 0.960938 0.736328 0.029726 0.033185
1 0.121094 0.966797 0.019247 0.042519
1 0.869141 0.517578 0.034508 0.016456