0 0.119141 0.908203 0.023438 0.023438
0 0.718750 0.390625 0.031250 0.031250
0 0.361328 0.695312 0.035156 0.035156
0 0.359375 0.619141 0.027344 0.027344
0 0.966797 0.828125 0.027344 0.027344
0 0.519531 0.421875 0.023438 0.023438
0 0.320312 0.669922 0.031250 0.031250
0 0.662109 0.611328 0.027344 0.027344
0 0.687500 0.158203 0.027344 0.027344
0 0.351562 0.957031 0.035156 0.035156
0 0.421875 0.513672 0.027344 0.027344
0 0.980469 0.150391 0.031250 0.031250
0 0.488281 0.638672 0.027344 0.027344
0 0.796875 0.275391 0.027344 0.027344
0 0.912109 0.220703 0.023438 0.023438
0 0.587891 0.037109 0.023438 0.023438
0 0.013672 0.835938 0.027344 0.027344
0 0.146484 0.970703 0.027344 0.027344
0 0.142578 0.716797 0.035156 0.035156
0 0.847656 0.441406 0.023438 0.023438
0 0.156250 0.421875 0.031250 0.031250
0 0.871094 0.570312 0.027344 0.027344
0 0.525391 0.853516 0.023438 0.023438
0 0.068359 0.119141 0.023438 0.023438
0 0.791016 0.902344 0.035156 0.035156
0 0.386719 0.898438 0.031250 0.031250
0 0.847656 0.927734 0.023438 0.023438
0 0.556641 0.281250 0.027344 0.027344
0 0.154297 0.716797 0.027344 0.027344
0 0.736328 0.593750 0.035156 0.035156
1 0.720703 0.064453 0.039961 0.014453
1 0.232422 0.904297 0.029373 0.042316
1 0.855469 0.806641 0.031231 0.024797
1 0.171875 0.125000 0.033605 0.039840
1 0.658203 0.769531 0.038738 0.025287
1 0.234375 0.908203 0.017888 0.032849
1 0.587891 0.886719 0.053885 0.040677
1 0.884766 0.839844 0.045610 0.039547
1 0.191406 0.958984 0.026280 0.043232
1 0.726562 0.703125 0.037997 0.028703
1 0.865234 0.525391 0.043757 0.029369
1 0.169922 0.406250 0.034869 0.050096
1 0.574219 0.542969 0.036657 0.017646
1 0.609375 0.558594 0.018701 0.049990
1 0.158203 0.964844 0.049773 0.020499
1 0.757812 0.724609 0.027315 0.050908
1 0.673828 0.824219 0.012603 0.050978
1 0.486328 0.462891 0.056361 0.025623
1 0.679688 0.490234 0.013849 0.041573
1 0.753906 0.966797 0.026791 0.056886