0 0.195312 0.873047 0.035156 0.035156
0 0.121094 0.847656 0.027344 0.027344
0 0.333984 0.378906 0.027344 0.027344
0 0.171875 0.896484 0.023438 0.023438
0 0.513672 0.546875 0.035156 0.035156
0 0.441406 0.158203 0.031250 0.031250
0 0.542969 0.464844 0.031250 0.031250
0 0.630859 0.089844 0.023438 0.023438
0 0.058594 0.935547 0.027344 0.027344
0 0.035156 0.603516 0.031250 0.031250
0 0.974609 0.638672 0.027344 0.027344
0 0.162109 0.753906 0.023438 0.023438
0 0.580078 0.316406 0.035156 0.035156
0 0.515625 0.744141 0.023438 0.023438
0 0.392578 0.347656 0.023438 0.023438
0 0.500000 0.878906 0.035156 0.035156
0 0.259766 0.712891 0.027344 0.027344
0 0.162109 0.183594 0.031250 0.031250
0 0.310547 0.173828 0.027344 0.027344
0 0.107422 0.150391 0.023438 0.023438
0 0.890625 0.330078 0.031250 0.031250
0 0.857422 0.919922 0.027344 0.027344
0 0.242188 0.535156 0.031250 0.031250
0 0.201172 0.855469 0.027344 0.027344
0 0.224609 0.947266 0.027344 0.027344
0 0.494141 0.798828 0.027344 0.027344
0 0.398438 0.373047 0.035156 0.035156
0 0.595703 0.511719 0.027344 0.027344
0 0.552734 0.541016 0.035156 0.035156
0 0.496094 0.468750 0.027344 0.027344
1 0.716797 0.980469 0.026855 0.054476
1 0.626953 0.812500 0.025074 0.041375
1 0.525391 0.027344 0.043191 0.027462
1 0.150391 0.605469 0.048403 0.038897
1 0.169922 0.388672 0.016154 0.038261
1 0.955078 0.115234 0.013473 0.043656
1 0.281250 0.888672 0.044487 0.024423
1 0.244141 0.605469 0.047441 0.032214
1 0.820312 0.626953 0.050121 0.025483
1 0.197266 0.261719 0.033401 0.038021
1 0.425781 0.439453 0.049718 0.049718
1 0.603516 0.431641 0.033655 0.028486
1 0.527344 0.703125 0.012622 0.033928
1 0.439453 0.703125 0.014279 0.037836
1 0.511719 0.054688 0.018400 0.049984
1 0.650391 0.474609 0.024448 0.043195
1 0.097656 0.134766 0.051393 0.044752
1 0.554688 0.580078 0.055682 0.033953
1 0.091797 0.328125 0.042719 0.028209
1 0.833984 0.886719 0.040608 0.028426