0 0.675781 0.671875 0.027344 0.027344
0 0.248047 0.154297 0.035156 0.035156
0 0.021484 0.621094 0.027344 0.027344
0 0.550781 0.919922 0.027344 0.027344
0 0.865234 0.373047 0.027344 0.027344
0 0.646484 0.798828 0.023438 0.023438
0 0.037109 0.468750 0.023438 0.023438
0 0.980469 0.095703 0.035156 0.035156
0 0.175781 0.109375 0.023438 0.023438
0 0.263672 0.380859 0.035156 0.035156
0 0.490234 0.923828 0.035156 0.035156
0 0.566406 0.781250 0.023438 0.023438
0 0.511719 0.125000 0.023438 0.023438
0 0.687500 0.861328 0.023438 0.023438
0 0.843750 0.017578 0.035156 0.035156
0 0.257812 0.947266 0.023438 0.023438
0 0.847656 0.230469 0.027344 0.027344
0 0.611328 0.308594 0.023438 0.023438
0 0.718750 0.037109 0.023438 0.023438
0 0.195312 0.169922 0.035156 0.035156
0 0.736328 0.945312 0.031250 0.031250
0 0.365234 0.345703 0.023438 0.023438
0 0.941406 0.199219 0.023438 0.023438
0 0.787109 0.931641 0.027344 0.027344
0 0.300781 0.425781 0.035156 0.035156
0 0.644531 0.699219 0.035156 0.035156
0 0.798828 0.496094 0.031250 0.031250
0 0.279297 0.585938 0.031250 0.031250
0 0.189453 0.283203 0.027344 0.027344
0 0.382812 0.531250 0.031250 0.031250
1 0.703125 0.792969 0.046930 0.024833
1 0.613281 0.039062 0.027044 0.032800
1 0.458984 0.226562 0.048136 0.026341
1 0.316406 0.669922 0.030371 0.013748
1 0.119141 0.605469 0.024453 0.031305
1 0.580078 0.617188 0.051635 0.021761
1 0.796875 0.837891 0.040967 0.051519
1 0.781250 0.720703 0.036503 0.032172
1 0.800781 0.099609 0.045321 0.039836
1 0.951172 0.667969 0.028880 0.048724
1 0.126953 0.273438 0.017317 0.053560
1 0.843750 0.347656 0.028831 0.050560
1 0.779297 0.882812 0.021378 0.053580
1 0.851562 0.316406 0.015436 0.051227
1 0.248047 0.271484 0.037020 0.027012
1 0.861328 0.240234 0.054197 0.039184
1 0.771484 0.242188 0.034733 0.055520
1 0.513672 0.011719 0.040117 0.037034
1 0.349609 0.203125 0.023110 0.052457
1 0.150391 0.609375 0.044153 0.038094