0 0.917969 0.787109 0.023438 0.023438
0 0.486328 0.107422 0.023438 0.023438
0 0.927734 0.037109 0.031250 0.031250
0 0.912109 0.582031 0.023438 0.023438
0 0.210938 0.636719 0.027344 0.027344
0 0.812500 0.804688 0.023438 0.023438
0 0.599609 0.210938 0.035156 0.035156
0 0.033203 0.464844 0.035156 0.035156
0 0.644531 0.466797 0.023438 0.023438
0 0.447266 0.318359 0.027344 0.027344
0 0.728516 0.564453 0.023438 0.023438
0 0.117188 0.244141 0.035156 0.035156
0 0.355469 0.164062 0.035156 0.035156
0 0.027344 0.611328 0.035156 0.035156
0 0.300781 0.181641 0.031250 0.031250
0 0.845703 0.640625 0.027344 0.027344
0 0.505859 0.673828 0.027344 0.027344
0 0.222656 0.494141 0.035156 0.035156
0 0.908203 0.300781 0.027344 0.027344
0 0.515625 0.072266 0.035156 0.035156
0 0.154297 0.087891 0.035156 0.035156
0 0.585938 0.074219 0.027344 0.027344
0 0.914062 0.121094 0.031250 0.031250
0 0.371094 0.826172 0.027344 0.027344
0 0.277344 0.400391 0.027344 0.027344
0 0.371094 0.498047 0.035156 0.035156
0 0.126953 0.734375 0.031250 0.031250
0 0.402344 0.947266 0.031250 0.031250
0 0.068359 0.126953 0.035156 0.035156
0 0.263672 0.201172 0.031250 0.031250
1 0.792969 0.322266 0.054555 0.028715
1 0.134766 0.082031 0.042186 0.037612
1 0.433594 0.830078 0.030572 0.030186
1 0.751953 0.533203 0.032323 0.016343
1 0.074219 0.337891 0.034268 0.016514
1 0.175781 0.187500 0.035209 0.021890
1 0.316406 0.031250 0.040525 0.031838
1 0.644531 0.611328 0.053179 0.015504
1 0.564453 0.755859 0.022946 0.046424
1 0.312500 0.470703 0.013999 0.041812
1 0.421875 0.703125 0.024772 0.032330
1 0.851562 0.517578 0.041860 0.040992
1 0.716797 0.173828 0.022402 0.050213
1 0.900391 0.101562 0.046385 0.024341
1 0.111328 0.644531 0.028513 0.042002
1 0.058594 0.310547 0.046387 0.019791
1 0.410156 0.191406 0.050243 0.046197
1 0.542969 0.498047 0.027872 0.029992
1 0.783203 0.621094 0.044130 0.049426
1 0.123047 0.394531 0.050728 0.042271