0 0.605469 0.710938 0.031250 0.031250
0 0.972656 0.277344 0.027344 0.027344
0 0.056641 0.308594 0.031250 0.031250
0 0.658203 0.371094 0.027344 0.027344
0 0.931641 0.812500 0.031250 0.031250
0 0.589844 0.320312 0.035156 0.035156
0 0.355469 0.462891 0.035156 0.035156
0 0.505859 0.042969 0.023438 0.023438
0 0.908203 0.730469 0.035156 0.035156
0 0.210938 0.771484 0.031250 0.031250
0 0.734375 0.236328 0.035156 0.035156
0 0.414062 0.078125 0.023438 0.023438
0 0.894531 0.537109 0.023438 0.023438
0 0.912109 0.550781 0.035156 0.035156
0 0.109375 0.628906 0.031250 0.031250
0 0.205078 0.490234 0.035156 0.035156
0 0.978516 0.726562 0.031250 0.031250
0 0.388672 0.136719 0.023438 0.023438
0 0.884766 0.519531 0.031250 0.031250
0 0.806641 0.173828 0.027344 0.027344
0 0.179688 0.527344 0.027344 0.027344
0 0.595703 0.085938 0.027344 0.027344
0 0.263672 0.218750 0.023438 0.023438
0 0.365234 0.339844 0.035156 0.035156
0 0.179688 0.187500 0.031250 0.031250
0 0.089844 0.730469 0.035156 0.035156
0 0.705078 0.171875 0.035156 0.035156
0 0.349609 0.789062 0.031250 0.031250
0 0.384766 0.390625 0.027344 0.027344
0 0.843750 0.519531 0.023438 0.023438
1 0.230469 0.017578 0.015231 0.045372
1 0.345703 0.371094 0.055261 0.024461
1 0.332031 0.447266 0.015369 0.053423
1 0.074219 0.552734 0.047751 0.022308
1 0.210938 0.830078 0.031593 0.041355
1 0.875000 0.201172 0.051999 0.040487
1 0.103516 0.101562 0.017785 0.044043
1 0.484375 0.666016 0.041967 0.046206
1 0.919922 0.115234 0.056565 0.028549
1 0.878906 0.138672 0.034829 0.017839
1 0.439453 0.580078 0.035867 0.028976
1 0.871094 0.378906 0.046560 0.044535
1 0.390625 0.085938 0.044962 0.028773
1 0.369141 0.316406 0.041051 0.021495
1 0.613281 0.263672 0.033125 0.040320
1 0.179688 0.908203 0.018532 0.036486
1 0.759766 0.751953 0.039530 0.025359
1 0.310547 0.466797 0.040193 0.033658
1 0.269531 0.384766 0.032727 0.030560
1 0.154297 0.865234 0.057815 0.021376