0 0.947266 0.642578 0.031250 0.031250
0 0.671875 0.742188 0.035156 0.035156
0 0.380859 0.197266 0.035156 0.035156
0 0.962891 0.425781 0.035156 0.035156
0 0.714844 0.945312 0.031250 0.031250
0 0.039062 0.730469 0.027344 0.027344
0 0.916016 0.404297 0.027344 0.027344
0 0.494141 0.673828 0.027344 0.027344
0 0.240234 0.263672 0.035156 0.035156
0 0.542969 0.390625 0.031250 0.031250
0 0.689453 0.941406 0.031250 0.031250
0 0.150391 0.537109 0.031250 0.031250
0 0.154297 0.462891 0.035156 0.035156
0 0.255859 0.644531 0.031250 0.031250
0 0.316406 0.666016 0.031250 0.031250
0 0.302734 0.197266 0.035156 0.035156
0 0.640625 0.169922 0.023438 0.023438
0 0.839844 0.919922 0.031250 0.031250
0 0.029297 0.669922 0.027344 0.027344
0 0.144531 0.519531 0.031250 0.031250
0 0.777344 0.087891 0.031250 0.031250
0 0.718750 0.179688 0.031250 0.031250
0 0.892578 0.019531 0.035156 0.035156
0 0.552734 0.361328 0.023438 0.023438
0 0.400391 0.597656 0.023438 0.023438
0 0.578125 0.765625 0.035156 0.035156
0 0.564453 0.898438 0.027344 0.027344
0 0.873047 0.154297 0.031250 0.031250
0 0.302734 0.216797 0.031250 0.031250
0 0.583984 0.580078 0.031250 0.031250
1 0.675781 0.798828 0.038634 0.032483
1 0.513672 0.394531 0.055955 0.032362
1 0.884766 0.687500 0.030225 0.045513
1 0.207031 0.093750 0.031530 0.022622
1 0.669922 0.021484 0.022576 0.051578
1 0.429688 0.960938 0.056058 0.021150
1 0.785156 0.421875 0.036006 0.045599
1 0.750000 0.437500 0.037570 0.011694
1 0.830078 0.097656 0.046956 0.046956
1 0.908203 0.041016 0.021247 0.042871
1 0.669922 0.962891 0.043030 0.029172
1 0.511719 0.773438 0.049586 0.043812
1 0.115234 0.414062 0.017575 0.057555
1 0.488281 0.855469 0.041651 0.034737
1 0.667969 0.337891 0.021817 0.055483
1 0.693359 0.705078 0.051712 0.019276
1 0.750000 0.248047 0.051112 0.041886
1 0.685547 0.511719 0.037704 0.026322
1 0.888672 0.082031 0.023535 0.034041
1 0.513672 0.677734 0.055929 0.022833