0 0.908203 0.306641 0.035156 0.035156
0 0.230469 0.523438 0.023438 0.023438
0 0.890625 0.308594 0.035156 0.035156
0 0.716797 0.431641 0.031250 0.031250
0 0.326172 0.064453 0.031250 0.031250
0 0.738281 0.691406 0.023438 0.023438
0 0.017578 0.423828 0.027344 0.027344
0 0.392578 0.855469 0.027344 0.027344
0 0.974609 0.849609 0.027344 0.027344
0 0.160156 0.521484 0.023438 0.023438
0 0.169922 0.218750 0.031250 0.031250
0 0.654297 0.781250 0.023438 0.023438
0 0.298828 0.308594 0.031250 0.031250
0 0.417969 0.806641 0.031250 0.031250
0 0.791016 0.910156 0.031250 0.031250
0 0.431641 0.662109 0.035156 0.035156
0 0.591797 0.128906 0.023438 0.023438
0 0.613281 0.689453 0.035156 0.035156
0 0.738281 0.187500 0.023438 0.023438
0 0.478516 0.808594 0.023438 0.023438
0 0.044922 0.080078 0.027344 0.027344
0 0.728516 0.955078 0.035156 0.035156
0 0.019531 0.136719 0.031250 0.031250
0 0.898438 0.019531 0.027344 0.027344
0 0.902344 0.054688 0.035156 0.035156
0 0.248047 0.828125 0.031250 0.031250
0 0.375000 0.517578 0.027344 0.027344
0 0.839844 0.207031 0.035156 0.035156
0 0.810547 0.875000 0.035156 0.035156
0 0.800781 0.875000 0.035156 0.035156
1 0.529297 0.939453 0.044656 0.028470
1 0.347656 0.048828 0.013672 0.041016
1 0.289062 0.333984 0.049834 0.017876
1 0.134766 0.970703 0.029326 0.046412
1 0.423828 0.718750 0.012793 0.035874
1 0.923828 0.082031 0.029870 0.013236
1 0.107422 0.361328 0.019383 0.033285
1 0.830078 0.646484 0.028780 0.043895
1 0.074219 0.806641 0.026852 0.036543
1 0.861328 0.074219 0.033848 0.048861
1 0.318359 0.718750 0.027835 0.044840
1 0.548828 0.683594 0.027360 0.056363
1 0.660156 0.955078 0.027256 0.030432
1 0.839844 0.453125 0.035099 0.024211
1 0.468750 0.214844 0.053423 0.015369
1 0.515625 0.960938 0.027576 0.044132
1 0.193359 0.445312 0.045478 0.031895
1 0.384766 0.128906 0.041051 0.021495
1 0.945312 0.507812 0.034549 0.051635
1 0.099609 0.601562 0.034221 0.031909