0 0.783203 0.212891 0.023438 0.023438
0 0.636719 0.810547 0.027344 0.027344
0 0.345703 0.214844 0.027344 0.027344
0 0.652344 0.757812 0.023438 0.023438
0 0.687500 0.794922 0.027344 0.027344
0 0.919922 0.392578 0.031250 0.031250
0 0.371094 0.851562 0.023438 0.023438
0 0.498047 0.773438 0.031250 0.031250
0 0.296875 0.945312 0.027344 0.027344
0 0.488281 0.296875 0.027344 0.027344
0 0.210938 0.947266 0.035156 0.035156
0 0.580078 0.302734 0.027344 0.027344
0 0.962891 0.582031 0.027344 0.027344
0 0.556641 0.279297 0.035156 0.035156
0 0.074219 0.427734 0.035156 0.035156
0 0.546875 0.830078 0.023438 0.023438
0 0.255859 0.417969 0.035156 0.035156
0 0.640625 0.753906 0.035156 0.035156
0 0.226562 0.597656 0.031250 0.031250
0 0.296875 0.613281 0.027344 0.027344
0 0.671875 0.582031 0.023438 0.023438
0 0.853516 0.697266 0.027344 0.027344
0 0.689453 0.173828 0.023438 0.023438
0 0.617188 0.900391 0.027344 0.027344
0 0.287109 0.695312 0.023438 0.023438
0 0.113281 0.855469 0.027344 0.027344
0 0.476562 0.822266 0.023438 0.023438
0 0.642578 0.867188 0.027344 0.027344
0 0.484375 0.800781 0.023438 0.023438
0 0.099609 0.822266 0.035156 0.035156
1 0.617188 0.667969 0.036000 0.029285
1 0.533203 0.958984 0.034444 0.021493
1 0.310547 0.400391 0.012308 0.049272
1 0.767578 0.412109 0.046894 0.040835
1 0.691406 0.138672 0.047487 0.043441
1 0.185547 0.197266 0.053612 0.020516
1 0.074219 0.867188 0.027010 0.043070
1 0.664062 0.304688 0.015942 0.042016
1 0.617188 0.603516 0.035208 0.038961
1 0.099609 0.919922 0.018009 0.031182
1 0.589844 0.845703 0.026161 0.032252
1 0.560547 0.384766 0.041571 0.025015
1 0.410156 0.710938 0.033766 0.042399
1 0.458984 0.521484 0.015107 0.040041
1 0.425781 0.017578 0.023539 0.037021
1 0.863281 0.468750 0.026140 0.032822
1 0.529297 0.753906 0.041331 0.011191
1 0.744141 0.277344 0.017284 0.049755
1 0.164062 0.638672 0.050619 0.028824
1 0.689453 0.962891 0.046950 0.025524