0 0.689453 0.273438 0.035156 0.035156
0 0.250000 0.841797 0.023438 0.023438
0 0.937500 0.171875 0.031250 0.031250
0 0.140625 0.234375 0.027344 0.027344
0 0.066406 0.876953 0.035156 0.035156
0 0.923828 0.687500 0.031250 0.031250
0 0.802734 0.552734 0.031250 0.031250
0 0.480469 0.357422 0.031250 0.031250
0 0.923828 0.445312 0.035156 0.035156
0 0.263672 0.146484 0.031250 0.031250
0 0.925781 0.402344 0.027344 0.027344
0 0.984375 0.667969 0.023438 0.023438
0 0.214844 0.707031 0.035156 0.035156
0 0.535156 0.029297 0.035156 0.035156
0 0.601562 0.912109 0.035156 0.035156
0 0.345703 0.431641 0.027344 0.027344
0 0.488281 0.263672 0.031250 0.031250
0 0.240234 0.189453 0.035156 0.035156
0 0.464844 0.683594 0.027344 0.027344
0 0.412109 0.140625 0.031250 0.031250
0 0.824219 0.212891 0.035156 0.035156
0 0.128906 0.400391 0.031250 0.031250
0 0.953125 0.728516 0.031250 0.031250
0 0.267578 0.767578 0.027344 0.027344
0 0.472656 0.392578 0.031250 0.031250
0 0.726562 0.878906 0.023438 0.023438
0 0.207031 0.074219 0.027344 0.027344
0 0.603516 0.724609 0.027344 0.027344
0 0.406250 0.333984 0.023438 0.023438
0 0.558594 0.068359 0.023438 0.023438
1 0.798828 0.580078 0.039536 0.034486
1 0.900391 0.917969 0.040363 0.044937
1 0.599609 0.218750 0.039869 0.013795
1 0.611328 0.019531 0.032582 0.021200
1 0.679688 0.101562 0.028957 0.033954
1 0.312500 0.957031 0.034107 0.050857
1 0.378906 0.501953 0.023483 0.054374
1 0.353516 0.695312 0.012501 0.045120
1 0.882812 0.949219 0.014686 0.029756
1 0.255859 0.568359 0.014551 0.041733
1 0.621094 0.972656 0.037377 0.042286
1 0.482422 0.613281 0.055508 0.017453
1 0.410156 0.978516 0.041886 0.051112
1 0.146484 0.968750 0.050922 0.045385
1 0.210938 0.330078 0.051677 0.020939
1 0.203125 0.115234 0.044194 0.044194
1 0.707031 0.906250 0.034628 0.016769
1 0.576172 0.160156 0.025359 0.039530
1 0.785156 0.781250 0.033658 0.040193
1 0.271484 0.087891 0.037443 0.033979