0 0.833984 0.806641 0.027344 0.027344
0 0.503906 0.199219 0.023438 0.023438
0 0.123047 0.058594 0.027344 0.027344
0 0.220703 0.716797 0.027344 0.027344
0 0.845703 0.103516 0.035156 0.035156
0 0.800781 0.242188 0.027344 0.027344
0 0.179688 0.646484 0.023438 0.023438
0 0.779297 0.029297 0.035156 0.035156
0 0.572266 0.117188 0.023438 0.023438
0 0.951172 0.845703 0.031250 0.031250
0 0.312500 0.583984 0.023438 0.023438
0 0.326172 0.160156 0.027344 0.027344
0 0.193359 0.412109 0.023438 0.023438
0 0.136719 0.253906 0.023438 0.023438
0 0.695312 0.496094 0.023438 0.023438
0 0.619141 0.386719 0.027344 0.027344
0 0.171875 0.890625 0.031250 0.031250
0 0.429688 0.376953 0.023438 0.023438
0 0.302734 0.373047 0.027344 0.027344
0 0.158203 0.732422 0.023438 0.023438
0 0.595703 0.826172 0.023438 0.023438
0 0.507812 0.285156 0.027344 0.027344
0 0.595703 0.660156 0.031250 0.031250
0 0.500000 0.253906 0.031250 0.031250
0 0.732422 0.509766 0.035156 0.035156
0 0.548828 0.787109 0.035156 0.035156
0 0.970703 0.220703 0.031250 0.031250
0 0.138672 0.326172 0.027344 0.027344
0 0.179688 0.849609 0.035156 0.035156
0 0.025391 0.199219 0.023438 0.023438
1 0.880859 0.746094 0.050213 0.023183
1 0.324219 0.722656 0.033968 0.032233
1 0.849609 0.943359 0.039124 0.050035
1 0.621094 0.144531 0.055922 0.023720
1 0.833984 0.642578 0.035192 0.048240
1 0.156250 0.833984 0.036938 0.055512
1 0.849609 0.500000 0.034368 0.027533
1 0.917969 0.058594 0.037428 0.011055
1 0.628906 0.753906 0.039315 0.022243
1 0.490234 0.902344 0.038844 0.024239
1 0.904297 0.052734 0.032285 0.023651
1 0.537109 0.953125 0.044032 0.020554
1 0.091797 0.849609 0.037596 0.036970
1 0.306641 0.800781 0.018506 0.057471
1 0.687500 0.734375 0.043369 0.025779
1 0.810547 0.443359 0.030832 0.038850
1 0.589844 0.626953 0.025915 0.047261
1 0.445312 0.466797 0.055342 0.035503
1 0.332031 0.976562 0.030383 0.030383
1 0.478516 0.658203 0.046377 0.020802