0 0.791016 0.498047 0.023438 0.023438
0 0.619141 0.748047 0.023438 0.023438
0 0.839844 0.218750 0.035156 0.035156
0 0.216797 0.158203 0.023438 0.023438
0 0.818359 0.562500 0.027344 0.027344
0 0.505859 0.322266 0.023438 0.023438
0 0.789062 0.466797 0.031250 0.031250
0 0.474609 0.298828 0.027344 0.027344
0 0.605469 0.578125 0.035156 0.035156
0 0.541016 0.474609 0.023438 0.023438
0 0.177734 0.673828 0.023438 0.023438
0 0.900391 0.656250 0.023438 0.023438
0 0.771484 0.419922 0.027344 0.027344
0 0.871094 0.855469 0.031250 0.031250
0 0.695312 0.220703 0.023438 0.023438
0 0.021484 0.199219 0.027344 0.027344
0 0.804688 0.593750 0.035156 0.035156
0 0.412109 0.822266 0.035156 0.035156
0 0.828125 0.695312 0.027344 0.027344
0 0.312500 0.404297 0.031250 0.031250
0 0.958984 0.031250 0.035156 0.035156
0 0.523438 0.542969 0.023438 0.023438
0 0.154297 0.062500 0.035156 0.035156
0 0.146484 0.269531 0.023438 0.023438
0 0.800781 0.921875 0.035156 0.035156
0 0.945312 0.062500 0.027344 0.027344
0 0.228516 0.445312 0.027344 0.027344
0 0.371094 0.453125 0.035156 0.035156
0 0.822266 0.488281 0.035156 0.035156
0 0.753906 0.322266 0.035156 0.035156
1 0.587891 0.306641 0.021640 0.032014
1 0.859375 0.820312 0.030657 0.041380
1 0.220703 0.720703 0.044492 0.031689
1 0.707031 0.496094 0.044632 0.046463
1 0.208984 0.546875 0.018212 0.036746
1 0.617188 0.689453 0.019197 0.030870
1 0.375000 0.087891 0.027769 0.038267
1 0.052734 0.150391 0.024327 0.045043
1 0.183594 0.541016 0.057490 0.028648
1 0.722656 0.910156 0.017371 0.055613
1 0.500000 0.330078 0.041075 0.035689
1 0.552734 0.761719 0.042867 0.032175
1 0.199219 0.882812 0.056674 0.037896
1 0.548828 0.753906 0.025430 0.029275
1 0.919922 0.253906 0.041976 0.015379
1 0.867188 0.322266 0.014408 0.045697
1 0.541016 0.550781 0.033954 0.028957
1 0.628906 0.076172 0.029062 0.031372
1 0.796875 0.658203 0.022576 0.051578
1 0.068359 0.486328 0.055328 0.016515