0 0.062500 0.474609 0.027344 0.027344
0 0.226562 0.603516 0.035156 0.035156
0 0.533203 0.132812 0.035156 0.035156
0 0.462891 0.261719 0.023438 0.023438
0 0.171875 0.943359 0.035156 0.035156
0 0.599609 0.896484 0.027344 0.027344
0 0.240234 0.486328 0.023438 0.023438
0 0.472656 0.558594 0.035156 0.035156
0 0.585938 0.148438 0.031250 0.031250
0 0.244141 0.507812 0.027344 0.027344
0 0.410156 0.892578 0.031250 0.031250
0 0.359375 0.460938 0.027344 0.027344
0 0.345703 0.345703 0.035156 0.035156
0 0.808594 0.404297 0.027344 0.027344
0 0.277344 0.511719 0.027344 0.027344
0 0.103516 0.318359 0.035156 0.035156
0 0.802734 0.646484 0.027344 0.027344
0 0.644531 0.355469 0.031250 0.031250
0 0.736328 0.865234 0.035156 0.035156
0 0.919922 0.273438 0.023438 0.023438
0 0.109375 0.699219 0.035156 0.035156
0 0.144531 0.632812 0.035156 0.035156
0 0.533203 0.849609 0.031250 0.031250
0 0.634766 0.705078 0.023438 0.023438
0 0.101562 0.681641 0.031250 0.031250
0 0.183594 0.554688 0.031250 0.031250
0 0.953125 0.468750 0.031250 0.031250
0 0.083984 0.203125 0.023438 0.023438
0 0.955078 0.851562 0.027344 0.027344
0 0.191406 0.681641 0.031250 0.031250
1 0.828125 0.757812 0.051427 0.016311
1 0.357422 0.509766 0.015020 0.051524
1 0.082031 0.296875 0.038914 0.022613
1 0.777344 0.707031 0.026376 0.046221
1 0.763672 0.500000 0.037606 0.046719
1 0.304688 0.800781 0.038450 0.035946
1 0.820312 0.570312 0.018026 0.034599
1 0.935547 0.384766 0.013739 0.034146
1 0.281250 0.693359 0.040073 0.015738
1 0.908203 0.792969 0.053769 0.018058
1 0.132812 0.378906 0.033410 0.019870
1 0.818359 0.619141 0.049059 0.014522
1 0.503906 0.482422 0.018216 0.053725
1 0.689453 0.205078 0.027350 0.050692
1 0.066406 0.369141 0.027322 0.040979
1 0.750000 0.070312 0.050560 0.028831
1 0.121094 0.429688 0.016227 0.037973
1 0.255859 0.494141 0.030236 0.048583
1 0.228516 0.931641 0.023223 0.043807
1 0.595703 0.195312 0.035824 0.015493