0 0.802734 0.234375 0.027344 0.027344
0 0.085938 0.435547 0.027344 0.027344
0 0.113281 0.605469 0.035156 0.035156
0 0.273438 0.650391 0.035156 0.035156
0 0.107422 0.011719 0.023438 0.023438
0 0.962891 0.962891 0.027344 0.027344
0 0.970703 0.037109 0.023438 0.023438
0 0.259766 0.660156 0.031250 0.031250
0 0.566406 0.339844 0.035156 0.035156
0 0.050781 0.115234 0.035156 0.035156
0 0.748047 0.642578 0.031250 0.031250
0 0.175781 0.802734 0.023438 0.023438
0 0.957031 0.556641 0.027344 0.027344
0 0.587891 0.851562 0.027344 0.027344
0 0.652344 0.683594 0.035156 0.035156
0 0.945312 0.283203 0.035156 0.035156
0 0.957031 0.359375 0.031250 0.031250
0 0.916016 0.871094 0.027344 0.027344
0 0.189453 0.597656 0.035156 0.035156
0 0.447266 0.931641 0.031250 0.031250
0 0.679688 0.484375 0.023438 0.023438
0 0.714844 0.021484 0.027344 0.027344
0 0.937500 0.601562 0.031250 0.031250
0 0.564453 0.318359 0.035156 0.035156
0 0.402344 0.257812 0.023438 0.023438
0 0.273438 0.177734 0.027344 0.027344
0 0.464844 0.603516 0.023438 0.023438
0 0.599609 0.146484 0.023438 0.023438
0 0.591797 0.568359 0.023438 0.023438
0 0.886719 0.728516 0.031250 0.031250
1 0.654297 0.619141 0.034527 0.034527
1 0.851562 0.431641 0.034614 0.026750
1 0.408203 0.328125 0.044060 0.018486
1 0.126953 0.085938 0.051506 0.023385
1 0.769531 0.824219 0.031038 0.049923
1 0.755859 0.500000 0.031840 0.028003
1 0.117188 0.800781 0.041871 0.043703
1 0.861328 0.671875 0.043268 0.035362
1 0.464844 0.039062 0.041845 0.033805
1 0.869141 0.517578 0.055523 0.020922
1 0.730469 0.515625 0.052358 0.029594
1 0.888672 0.398438 0.047716 0.015405
1 0.476562 0.433594 0.038490 0.032441
1 0.171875 0.152344 0.034918 0.030879
1 0.576172 0.613281 0.025995 0.035893
1 0.746094 0.564453 0.031232 0.034696
1 0.892578 0.886719 0.038094 0.044153
1 0.101562 0.753906 0.034574 0.020043
1 0.207031 0.744141 0.028847 0.036226
1 0.851562 0.537109 0.048397 0.038060