0 0.236328 0.257812 0.031250 0.031250
0 0.142578 0.812500 0.027344 0.027344
0 0.433594 0.095703 0.035156 0.035156
0 0.408203 0.564453 0.027344 0.027344
0 0.947266 0.085938 0.031250 0.031250
0 0.716797 0.751953 0.031250 0.031250
0 0.115234 0.640625 0.031250 0.031250
0 0.117188 0.625000 0.027344 0.027344
0 0.351562 0.910156 0.023438 0.023438
0 0.601562 0.230469 0.035156 0.035156
0 0.408203 0.263672 0.031250 0.031250
0 0.142578 0.787109 0.035156 0.035156
0 0.591797 0.507812 0.035156 0.035156
0 0.884766 0.371094 0.023438 0.023438
0 0.599609 0.867188 0.035156 0.035156
0 0.777344 0.244141 0.027344 0.027344
0 0.541016 0.580078 0.027344 0.027344
0 0.634766 0.568359 0.023438 0.023438
0 0.451172 0.136719 0.023438 0.023438
0 0.914062 0.113281 0.023438 0.023438
0 0.904297 0.619141 0.023438 0.023438
0 0.941406 0.474609 0.027344 0.027344
0 0.468750 0.679688 0.035156 0.035156
0 0.179688 0.429688 0.035156 0.035156
0 0.298828 0.560547 0.035156 0.035156
0 0.687500 0.970703 0.023438 0.023438
0 0.187500 0.498047 0.035156 0.035156
0 0.091797 0.914062 0.023438 0.023438
0 0.312500 0.251953 0.023438 0.023438
0 0.832031 0.314453 0.023438 0.023438
1 0.599609 0.320312 0.038670 0.038670
1 0.886719 0.800781 0.043441 0.039108
1 0.609375 0.947266 0.051678 0.031895
1 0.320312 0.464844 0.030405 0.037599
1 0.939453 0.083984 0.041369 0.038623
1 0.525391 0.201172 0.040979 0.027322
1 0.550781 0.343750 0.010850 0.031572
1 0.583984 0.312500 0.026591 0.028517
1 0.488281 0.363281 0.034074 0.023963
1 0.201172 0.251953 0.055261 0.024461
1 0.835938 0.609375 0.042294 0.048357
1 0.240234 0.181641 0.018907 0.048131
1 0.519531 0.916016 0.043703 0.041871
1 0.437500 0.263672 0.042962 0.021901
1 0.128906 0.923828 0.050167 0.020820
1 0.417969 0.291016 0.039683 0.040406
1 0.617188 0.740234 0.055261 0.024461
1 0.693359 0.666016 0.019876 0.036947
1 0.359375 0.923828 0.057992 0.021422
1 0.318359 0.041016 0.022368 0.035209