0 0.083984 0.650391 0.031250 0.031250
0 0.296875 0.394531 0.031250 0.031250
0 0.105469 0.691406 0.023438 0.023438
0 0.625000 0.904297 0.027344 0.027344
0 0.882812 0.162109 0.023438 0.023438
0 0.546875 0.322266 0.035156 0.035156
0 0.056641 0.607422 0.023438 0.023438
0 0.140625 0.773438 0.035156 0.035156
0 0.306641 0.376953 0.027344 0.027344
0 0.011719 0.066406 0.023438 0.023438
0 0.558594 0.408203 0.031250 0.031250
0 0.388672 0.123047 0.027344 0.027344
0 0.546875 0.072266 0.023438 0.023438
0 0.802734 0.253906 0.031250 0.031250
0 0.660156 0.562500 0.027344 0.027344
0 0.568359 0.570312 0.027344 0.027344
0 0.847656 0.109375 0.031250 0.031250
0 0.664062 0.939453 0.031250 0.031250
0 0.513672 0.220703 0.035156 0.035156
0 0.150391 0.314453 0.035156 0.035156
0 0.033203 0.490234 0.023438 0.023438
0 0.544922 0.855469 0.023438 0.023438
0 0.984375 0.966797 0.027344 0.027344
0 0.812500 0.019531 0.027344 0.027344
0 0.136719 0.267578 0.027344 0.027344
0 0.154297 0.583984 0.023438 0.023438
0 0.371094 0.070312 0.035156 0.035156
0 0.722656 0.156250 0.031250 0.031250
0 0.068359 0.968750 0.035156 0.035156
0 0.841797 0.238281 0.023438 0.023438
1 0.306641 0.857422 0.051780 0.018046
1 0.728516 0.324219 0.047954 0.017344
1 0.125000 0.265625 0.043883 0.022566
1 0.097656 0.230469 0.042501 0.031842
1 0.841797 0.281250 0.029888 0.051473
1 0.722656 0.814453 0.032325 0.025131
1 0.587891 0.294922 0.036021 0.053788
1 0.361328 0.408203 0.046886 0.044139
1 0.857422 0.130859 0.032252 0.026161
1 0.166016 0.123047 0.029562 0.048661
1 0.742188 0.902344 0.024757 0.053285
1 0.755859 0.664062 0.025604 0.041442
1 0.714844 0.169922 0.016868 0.044077
1 0.828125 0.486328 0.053629 0.019648
1 0.863281 0.373047 0.014228 0.030464
1 0.853516 0.730469 0.038360 0.046433
1 0.886719 0.746094 0.009766 0.050781
1 0.070312 0.074219 0.035274 0.033684
1 0.285156 0.986328 0.039597 0.043065
1 0.746094 0.148438 0.030834 0.026606