0 0.623047 0.548828 0.031250 0.031250
0 0.980469 0.181641 0.031250 0.031250
0 0.052734 0.417969 0.027344 0.027344
0 0.755859 0.912109 0.027344 0.027344
0 0.324219 0.441406 0.031250 0.031250
0 0.675781 0.173828 0.031250 0.031250
0 0.634766 0.359375 0.035156 0.035156
0 0.527344 0.339844 0.035156 0.035156
0 0.498047 0.179688 0.035156 0.035156
0 0.333984 0.828125 0.031250 0.031250
0 0.771484 0.615234 0.023438 0.023438
0 0.394531 0.642578 0.035156 0.035156
0 0.650391 0.171875 0.027344 0.027344
0 0.671875 0.158203 0.027344 0.027344
0 0.927734 0.808594 0.027344 0.027344
0 0.783203 0.365234 0.027344 0.027344
0 0.814453 0.630859 0.035156 0.035156
0 0.521484 0.912109 0.023438 0.023438
0 0.787109 0.126953 0.027344 0.027344
0 0.162109 0.732422 0.023438 0.023438
0 0.599609 0.931641 0.023438 0.023438
0 0.017578 0.320312 0.035156 0.035156
0 0.349609 0.589844 0.035156 0.035156
0 0.398438 0.554688 0.023438 0.023438
0 0.759766 0.693359 0.023438 0.023438
0 0.152344 0.291016 0.035156 0.035156
0 0.689453 0.798828 0.035156 0.035156
0 0.966797 0.242188 0.027344 0.027344
0 0.683594 0.763672 0.023438 0.023438
0 0.546875 0.755859 0.023438 0.023438
1 0.757812 0.919922 0.011464 0.049139
1 0.437500 0.501953 0.034100 0.025598
1 0.658203 0.304688 0.053612 0.020516
1 0.242188 0.285156 0.049085 0.026615
1 0.341797 0.431641 0.052711 0.042773
1 0.605469 0.421875 0.047199 0.037126
1 0.638672 0.513672 0.045121 0.035932
1 0.611328 0.195312 0.037460 0.028576
1 0.556641 0.037109 0.036452 0.017424
1 0.656250 0.250000 0.043201 0.014420
1 0.382812 0.869141 0.034246 0.015125
1 0.220703 0.980469 0.055632 0.028045
1 0.462891 0.814453 0.017521 0.032713
1 0.656250 0.156250 0.039992 0.028686
1 0.080078 0.787109 0.057638 0.033894
1 0.648438 0.650391 0.027190 0.032460
1 0.761719 0.421875 0.043827 0.015419
1 0.748047 0.703125 0.028965 0.040403
1 0.427734 0.414062 0.037231 0.020683
1 0.791016 0.255859 0.049896 0.036227