0 0.134766 0.972656 0.031250 0.031250
0 0.753906 0.775391 0.027344 0.027344
0 0.351562 0.666016 0.035156 0.035156
0 0.744141 0.320312 0.035156 0.035156
0 0.023438 0.822266 0.035156 0.035156
0 0.119141 0.027344 0.027344 0.027344
0 0.111328 0.927734 0.023438 0.023438
0 0.125000 0.958984 0.035156 0.035156
0 0.398438 0.957031 0.035156 0.035156
0 0.130859 0.376953 0.035156 0.035156
0 0.292969 0.042969 0.023438 0.023438
0 0.039062 0.253906 0.027344 0.027344
0 0.033203 0.650391 0.027344 0.027344
0 0.294922 0.847656 0.023438 0.023438
0 0.896484 0.490234 0.035156 0.035156
0 0.167969 0.714844 0.023438 0.023438
0 0.648438 0.853516 0.027344 0.027344
0 0.582031 0.544922 0.027344 0.027344
0 0.203125 0.466797 0.035156 0.035156
0 0.244141 0.564453 0.027344 0.027344
0 0.451172 0.099609 0.035156 0.035156
0 0.375000 0.423828 0.031250 0.031250
0 0.853516 0.908203 0.035156 0.035156
0 0.023438 0.878906 0.035156 0.035156
0 0.638672 0.751953 0.027344 0.027344
0 0.183594 0.164062 0.027344 0.027344
0 0.132812 0.677734 0.027344 0.027344
0 0.050781 0.658203 0.035156 0.035156
0 0.111328 0.222656 0.035156 0.035156
0 0.947266 0.160156 0.023438 0.023438
1 0.046875 0.083984 0.045814 0.022473
1 0.304688 0.388672 0.028068 0.048762
1 0.390625 0.607422 0.021298 0.035524
1 0.207031 0.513672 0.025482 0.032311
1 0.146484 0.867188 0.023770 0.044517
1 0.392578 0.541016 0.053612 0.020516
1 0.271484 0.896484 0.047892 0.045964
1 0.312500 0.759766 0.036254 0.049122
1 0.253906 0.736328 0.050663 0.028091
1 0.734375 0.246094 0.020922 0.055523
1 0.185547 0.146484 0.015329 0.036189
1 0.302734 0.412109 0.031765 0.031765
1 0.769531 0.777344 0.048661 0.029562
1 0.337891 0.361328 0.035867 0.028976
1 0.351562 0.457031 0.035888 0.014143
1 0.302734 0.962891 0.020189 0.038343
1 0.955078 0.595703 0.034783 0.018160
1 0.099609 0.693359 0.021938 0.055919
1 0.843750 0.937500 0.032362 0.055955
1 0.820312 0.376953 0.041270 0.023316