0 0.708984 0.660156 0.027344 0.027344
0 0.773438 0.470703 0.027344 0.027344
0 0.160156 0.496094 0.035156 0.035156
0 0.621094 0.929688 0.031250 0.031250
0 0.640625 0.654297 0.027344 0.027344
0 0.144531 0.634766 0.027344 0.027344
0 0.630859 0.140625 0.027344 0.027344
0 0.582031 0.931641 0.027344 0.027344
0 0.607422 0.800781 0.035156 0.035156
0 0.654297 0.927734 0.035156 0.035156
0 0.150391 0.710938 0.023438 0.023438
0 0.927734 0.933594 0.023438 0.023438
0 0.837891 0.953125 0.031250 0.031250
0 0.662109 0.197266 0.027344 0.027344
0 0.861328 0.533203 0.027344 0.027344
0 0.888672 0.582031 0.035156 0.035156
0 0.832031 0.060547 0.031250 0.031250
0 0.593750 0.939453 0.027344 0.027344
0 0.240234 0.736328 0.027344 0.027344
0 0.507812 0.619141 0.023438 0.023438
0 0.755859 0.769531 0.031250 0.031250
0 0.669922 0.083984 0.023438 0.023438
0 0.158203 0.421875 0.023438 0.023438
0 0.880859 0.013672 0.023438 0.023438
0 0.708984 0.207031 0.027344 0.027344
0 0.376953 0.283203 0.027344 0.027344
0 0.277344 0.447266 0.023438 0.023438
0 0.343750 0.027344 0.031250 0.031250
0 0.949219 0.468750 0.023438 0.023438
0 0.794922 0.785156 0.035156 0.035156
1 0.199219 0.447266 0.035115 0.036657
1 0.507812 0.296875 0.057836 0.022311
1 0.425781 0.847656 0.040187 0.051673
1 0.681641 0.328125 0.024239 0.038844
1 0.074219 0.205078 0.032747 0.030627
1 0.941406 0.517578 0.026376 0.046221
1 0.093750 0.275391 0.010850 0.031572
1 0.945312 0.501953 0.037119 0.020129
1 0.765625 0.902344 0.042813 0.042813
1 0.257812 0.156250 0.033901 0.024210
1 0.226562 0.023438 0.043889 0.049666
1 0.335938 0.308594 0.035101 0.039193
1 0.794922 0.300781 0.023761 0.035143
1 0.171875 0.863281 0.022416 0.038144
1 0.150391 0.796875 0.039085 0.029949
1 0.873047 0.884766 0.053119 0.042087
1 0.572266 0.658203 0.040105 0.017024
1 0.697266 0.091797 0.016498 0.036445
1 0.345703 0.875000 0.040109 0.015756
1 0.130859 0.787109 0.013348 0.047255