0 0.369141 0.482422 0.023438 0.023438
0 0.140625 0.724609 0.035156 0.035156
0 0.947266 0.542969 0.031250 0.031250
0 0.771484 0.326172 0.035156 0.035156
0 0.472656 0.191406 0.031250 0.031250
0 0.527344 0.865234 0.031250 0.031250
0 0.933594 0.917969 0.031250 0.031250
0 0.974609 0.093750 0.027344 0.027344
0 0.828125 0.820312 0.023438 0.023438
0 0.929688 0.572266 0.031250 0.031250
0 0.333984 0.248047 0.031250 0.031250
0 0.658203 0.935547 0.027344 0.027344
0 0.634766 0.115234 0.031250 0.031250
0 0.400391 0.740234 0.027344 0.027344
0 0.843750 0.777344 0.031250 0.031250
0 0.332031 0.974609 0.031250 0.031250
0 0.730469 0.865234 0.023438 0.023438
0 0.687500 0.546875 0.035156 0.035156
0 0.322266 0.162109 0.035156 0.035156
0 0.330078 0.017578 0.035156 0.035156
0 0.425781 0.166016 0.023438 0.023438
0 0.617188 0.904297 0.027344 0.027344
0 0.503906 0.919922 0.031250 0.031250
0 0.236328 0.810547 0.035156 0.035156
0 0.271484 0.847656 0.023438 0.023438
0 0.345703 0.541016 0.027344 0.027344
0 0.783203 0.287109 0.035156 0.035156
0 0.197266 0.234375 0.023438 0.023438
0 0.697266 0.292969 0.027344 0.027344
0 0.097656 0.841797 0.035156 0.035156
1 0.777344 0.347656 0.039184 0.054197
1 0.404297 0.865234 0.036996 0.019569
1 0.539062 0.898438 0.054586 0.039217
1 0.771484 0.835938 0.022833 0.037563
1 0.664062 0.791016 0.048971 0.037486
1 0.105469 0.679688 0.038370 0.018453
1 0.566406 0.703125 0.047718 0.015760
1 0.476562 0.189453 0.036317 0.042799
1 0.148438 0.134766 0.021218 0.031930
1 0.751953 0.759766 0.027309 0.041340
1 0.910156 0.062500 0.037592 0.027700
1 0.902344 0.068359 0.030395 0.038974
1 0.652344 0.548828 0.029463 0.010275
1 0.734375 0.189453 0.039846 0.029187
1 0.324219 0.191406 0.037681 0.029603
1 0.308594 0.433594 0.035848 0.047907
1 0.441406 0.611328 0.056363 0.027360
1 0.525391 0.341797 0.033743 0.044306
1 0.687500 0.031250 0.031949 0.028485
1 0.199219 0.341797 0.051420 0.032642