0 0.396484 0.455078 0.031250 0.031250
0 0.021484 0.123047 0.023438 0.023438
0 0.152344 0.181641 0.027344 0.027344
0 0.906250 0.773438 0.023438 0.023438
0 0.753906 0.734375 0.023438 0.023438
0 0.662109 0.582031 0.023438 0.023438
0 0.162109 0.451172 0.027344 0.027344
0 0.527344 0.111328 0.031250 0.031250
0 0.539062 0.345703 0.031250 0.031250
0 0.814453 0.121094 0.031250 0.031250
0 0.578125 0.435547 0.035156 0.035156
0 0.746094 0.474609 0.023438 0.023438
0 0.179688 0.144531 0.031250 0.031250
0 0.830078 0.146484 0.035156 0.035156
0 0.515625 0.316406 0.031250 0.031250
0 0.964844 0.234375 0.035156 0.035156
0 0.208984 0.865234 0.023438 0.023438
0 0.408203 0.890625 0.023438 0.023438
0 0.431641 0.488281 0.031250 0.031250
0 0.076172 0.347656 0.023438 0.023438
0 0.941406 0.951172 0.023438 0.023438
0 0.376953 0.570312 0.027344 0.027344
0 0.404297 0.158203 0.023438 0.023438
0 0.492188 0.923828 0.031250 0.031250
0 0.960938 0.367188 0.031250 0.031250
0 0.341797 0.310547 0.023438 0.023438
0 0.392578 0.900391 0.031250 0.031250
0 0.740234 0.548828 0.035156 0.035156
0 0.777344 0.488281 0.023438 0.023438
0 0.927734 0.949219 0.031250 0.031250
1 0.626953 0.308594 0.051131 0.041625
1 0.277344 0.902344 0.019283 0.048192
1 0.048828 0.544922 0.015942 0.042016
1 0.085938 0.214844 0.023371 0.039440
1 0.640625 0.607422 0.037228 0.042277
1 0.386719 0.738281 0.052746 0.032907
1 0.179688 0.830078 0.032233 0.033968
1 0.687500 0.025391 0.028137 0.032177
1 0.685547 0.890625 0.014563 0.036173
1 0.470703 0.880859 0.033743 0.042176
1 0.599609 0.648438 0.045772 0.015589
1 0.076172 0.378906 0.047175 0.043850
1 0.851562 0.822266 0.051609 0.016100
1 0.328125 0.101562 0.048056 0.027044
1 0.373047 0.525391 0.016120 0.053531
1 0.605469 0.332031 0.038867 0.043682
1 0.796875 0.931641 0.026341 0.048136
1 0.048828 0.285156 0.015176 0.030622
1 0.375000 0.929688 0.015231 0.045372
1 0.546875 0.261719 0.035502 0.028820