0 0.910156 0.851562 0.035156 0.035156
0 0.576172 0.714844 0.031250 0.031250
0 0.871094 0.386719 0.027344 0.027344
0 0.560547 0.251953 0.035156 0.035156
0 0.281250 0.357422 0.031250 0.031250
0 0.714844 0.226562 0.023438 0.023438
0 0.195312 0.367188 0.031250 0.031250
0 0.218750 0.783203 0.035156 0.035156
0 0.529297 0.318359 0.027344 0.027344
0 0.199219 0.503906 0.035156 0.035156
0 0.791016 0.531250 0.035156 0.035156
0 0.511719 0.478516 0.031250 0.031250
0 0.150391 0.673828 0.027344 0.027344
0 0.855469 0.480469 0.035156 0.035156
0 0.814453 0.830078 0.027344 0.027344
0 0.955078 0.363281 0.031250 0.031250
0 0.181641 0.410156 0.027344 0.027344
0 0.775391 0.798828 0.035156 0.035156
0 0.681641 0.593750 0.023438 0.023438
0 0.652344 0.330078 0.027344 0.027344
0 0.041016 0.429688 0.023438 0.023438
0 0.984375 0.021484 0.023438 0.023438
0 0.462891 0.037109 0.027344 0.027344
0 0.945312 0.384766 0.035156 0.035156
0 0.386719 0.900391 0.023438 0.023438
0 0.121094 0.958984 0.031250 0.031250
0 0.152344 0.314453 0.027344 0.027344
0 0.464844 0.851562 0.027344 0.027344
0 0.052734 0.505859 0.027344 0.027344
0 0.265625 0.089844 0.027344 0.027344
1 0.785156 0.525391 0.052063 0.035104
1 0.716797 0.798828 0.043369 0.025779
1 0.619141 0.552734 0.020516 0.053612
1 0.093750 0.417969 0.048050 0.018128
1 0.914062 0.335938 0.019584 0.040645
1 0.650391 0.882812 0.045692 0.039296
1 0.341797 0.375000 0.036640 0.031364
1 0.945312 0.027344 0.047199 0.037126
1 0.353516 0.076172 0.050060 0.026234
1 0.275391 0.978516 0.032661 0.030781
1 0.822266 0.062500 0.031673 0.040993
1 0.339844 0.302734 0.037231 0.020683
1 0.517578 0.052734 0.043231 0.035885
1 0.832031 0.166016 0.048895 0.036867
1 0.876953 0.875000 0.031273 0.029346
1 0.625000 0.515625 0.052822 0.039039
1 0.464844 0.955078 0.033553 0.028809
1 0.101562 0.232422 0.014568 0.034098
1 0.873047 0.115234 0.031520 0.034408
1 0.623047 0.619141 0.042556 0.019990