0 0.521484 0.181641 0.035156 0.035156
0 0.011719 0.462891 0.023438 0.023438
0 0.496094 0.429688 0.035156 0.035156
0 0.791016 0.681641 0.035156 0.035156
0 0.386719 0.236328 0.027344 0.027344
0 0.544922 0.568359 0.023438 0.023438
0 0.453125 0.464844 0.035156 0.035156
0 0.214844 0.535156 0.027344 0.027344
0 0.224609 0.128906 0.031250 0.031250
0 0.298828 0.427734 0.035156 0.035156
0 0.638672 0.818359 0.027344 0.027344
0 0.941406 0.119141 0.035156 0.035156
0 0.437500 0.273438 0.023438 0.023438
0 0.912109 0.964844 0.035156 0.035156
0 0.119141 0.675781 0.023438 0.023438
0 0.699219 0.679688 0.035156 0.035156
0 0.326172 0.023438 0.035156 0.035156
0 0.585938 0.820312 0.023438 0.023438
0 0.531250 0.039062 0.035156 0.035156
0 0.169922 0.429688 0.023438 0.023438
0 0.214844 0.724609 0.035156 0.035156
0 0.853516 0.402344 0.027344 0.027344
0 0.023438 0.417969 0.027344 0.027344
0 0.732422 0.169922 0.035156 0.035156
0 0.839844 0.423828 0.027344 0.027344
0 0.591797 0.449219 0.031250 0.031250
0 0.546875 0.042969 0.035156 0.035156
0 0.925781 0.615234 0.023438 0.023438
0 0.128906 0.369141 0.027344 0.027344
0 0.613281 0.220703 0.035156 0.035156
1 0.349609 0.658203 0.013739 0.034146
1 0.392578 0.253906 0.028811 0.031503
1 0.128906 0.785156 0.030224 0.037059
1 0.181641 0.882812 0.025040 0.042550
1 0.324219 0.408203 0.056167 0.039418
1 0.898438 0.328125 0.036009 0.038466
1 0.328125 0.541016 0.034904 0.025515
1 0.089844 0.912109 0.036986 0.024035
1 0.617188 0.283203 0.048826 0.032609
1 0.669922 0.662109 0.035502 0.028820
1 0.085938 0.878906 0.040241 0.020154
1 0.097656 0.148438 0.022473 0.045814
1 0.453125 0.089844 0.030377 0.016173
1 0.822266 0.794922 0.034497 0.021016
1 0.304688 0.445312 0.013747 0.039622
1 0.750000 0.802734 0.053629 0.018774
1 0.419922 0.585938 0.046123 0.045014
1 0.724609 0.660156 0.020924 0.038878
1 0.894531 0.312500 0.029600 0.024804
1 0.140625 0.287109 0.037732 0.033690