0 0.681641 0.423828 0.023438 0.023438
0 0.324219 0.330078 0.027344 0.027344
0 0.134766 0.482422 0.031250 0.031250
0 0.248047 0.744141 0.035156 0.035156
0 0.302734 0.394531 0.035156 0.035156
0 0.220703 0.449219 0.023438 0.023438
0 0.484375 0.021484 0.035156 0.035156
0 0.205078 0.816406 0.035156 0.035156
0 0.226562 0.462891 0.035156 0.035156
0 0.867188 0.576172 0.027344 0.027344
0 0.349609 0.917969 0.035156 0.035156
0 0.396484 0.066406 0.035156 0.035156
0 0.925781 0.708984 0.031250 0.031250
0 0.646484 0.332031 0.031250 0.031250
0 0.154297 0.931641 0.023438 0.023438
0 0.628906 0.269531 0.023438 0.023438
0 0.193359 0.783203 0.023438 0.023438
0 0.550781 0.505859 0.027344 0.027344
0 0.564453 0.714844 0.031250 0.031250
0 0.554688 0.808594 0.023438 0.023438
0 0.078125 0.091797 0.027344 0.027344
0 0.515625 0.330078 0.031250 0.031250
0 0.111328 0.640625 0.023438 0.023438
0 0.244141 0.482422 0.035156 0.035156
0 0.281250 0.626953 0.031250 0.031250
0 0.404297 0.705078 0.031250 0.031250
0 0.855469 0.242188 0.023438 0.023438
0 0.414062 0.964844 0.027344 0.027344
0 0.978516 0.677734 0.027344 0.027344
0 0.509766 0.238281 0.023438 0.023438
1 0.095703 0.310547 0.039111 0.040942
1 0.902344 0.724609 0.032988 0.026663
1 0.488281 0.394531 0.016545 0.032646
1 0.873047 0.021484 0.027568 0.030216
1 0.109375 0.207031 0.041869 0.016500
1 0.111328 0.613281 0.045035 0.043300
1 0.730469 0.220703 0.029374 0.035699
1 0.632812 0.044922 0.030657 0.041380
1 0.451172 0.574219 0.029764 0.030920
1 0.259766 0.208984 0.019543 0.040259
1 0.437500 0.484375 0.057471 0.018506
1 0.855469 0.531250 0.017024 0.040105
1 0.074219 0.171875 0.010344 0.033369
1 0.593750 0.462891 0.035565 0.036240
1 0.335938 0.025391 0.057825 0.024160
1 0.138672 0.015625 0.031352 0.055095
1 0.248047 0.562500 0.030820 0.032554
1 0.216797 0.128906 0.032683 0.017378
1 0.935547 0.378906 0.020693 0.042119
1 0.330078 0.785156 0.029064 0.031472