0 0.132812 0.566406 0.023438 0.023438
0 0.335938 0.136719 0.035156 0.035156
0 0.894531 0.074219 0.027344 0.027344
0 0.458984 0.703125 0.035156 0.035156
0 0.210938 0.236328 0.023438 0.023438
0 0.333984 0.535156 0.023438 0.023438
0 0.144531 0.570312 0.035156 0.035156
0 0.664062 0.083984 0.031250 0.031250
0 0.093750 0.611328 0.027344 0.027344
0 0.283203 0.570312 0.027344 0.027344
0 0.535156 0.246094 0.023438 0.023438
0 0.746094 0.835938 0.035156 0.035156
0 0.443359 0.773438 0.031250 0.031250
0 0.326172 0.939453 0.023438 0.023438
0 0.533203 0.673828 0.023438 0.023438
0 0.730469 0.910156 0.031250 0.031250
0 0.724609 0.927734 0.023438 0.023438
0 0.564453 0.732422 0.035156 0.035156
0 0.339844 0.912109 0.023438 0.023438
0 0.412109 0.466797 0.027344 0.027344
0 0.386719 0.312500 0.027344 0.027344
0 0.207031 0.421875 0.035156 0.035156
0 0.914062 0.291016 0.023438 0.023438
0 0.429688 0.722656 0.027344 0.027344
0 0.037109 0.255859 0.023438 0.023438
0 0.517578 0.841797 0.035156 0.035156
0 0.765625 0.320312 0.035156 0.035156
0 0.214844 0.421875 0.031250 0.031250
0 0.720703 0.830078 0.027344 0.027344
0 0.208984 0.324219 0.027344 0.027344
1 0.351562 0.416016 0.054459 0.038471
1 0.248047 0.257812 0.023931 0.052514
1 0.765625 0.242188 0.043967 0.016367
1 0.744141 0.660156 0.034980 0.025088
1 0.677734 0.343750 0.048770 0.041701
1 0.275391 0.273438 0.038430 0.043816
1 0.751953 0.193359 0.039519 0.030164
1 0.707031 0.179688 0.053391 0.035405
1 0.347656 0.974609 0.020554 0.044032
1 0.654297 0.927734 0.032460 0.027190
1 0.439453 0.851562 0.041716 0.029603
1 0.263672 0.439453 0.028312 0.029613
1 0.923828 0.234375 0.033592 0.012870
1 0.550781 0.777344 0.040750 0.023798
1 0.144531 0.921875 0.033743 0.044306
1 0.529297 0.968750 0.033410 0.019870
1 0.298828 0.558594 0.032738 0.018944
1 0.705078 0.414062 0.041300 0.026185
1 0.687500 0.777344 0.025027 0.046345
1 0.691406 0.984375 0.027584 0.039462