0 0.039062 0.244141 0.023438 0.023438
0 0.076172 0.210938 0.023438 0.023438
0 0.427734 0.056641 0.023438 0.023438
0 0.666016 0.882812 0.031250 0.031250
0 0.378906 0.181641 0.035156 0.035156
0 0.324219 0.326172 0.027344 0.027344
0 0.779297 0.111328 0.023438 0.023438
0 0.076172 0.449219 0.035156 0.035156
0 0.062500 0.457031 0.035156 0.035156
0 0.464844 0.546875 0.027344 0.027344
0 0.480469 0.876953 0.035156 0.035156
0 0.316406 0.875000 0.035156 0.035156
0 0.615234 0.367188 0.035156 0.035156
0 0.648438 0.486328 0.035156 0.035156
0 0.171875 0.583984 0.035156 0.035156
0 0.876953 0.509766 0.023438 0.023438
0 0.480469 0.050781 0.031250 0.031250
0 0.966797 0.095703 0.031250 0.031250
0 0.695312 0.951172 0.031250 0.031250
0 0.283203 0.361328 0.035156 0.035156
0 0.265625 0.880859 0.031250 0.031250
0 0.357422 0.029297 0.031250 0.031250
0 0.058594 0.541016 0.027344 0.027344
0 0.037109 0.316406 0.031250 0.031250
0 0.300781 0.109375 0.023438 0.023438
0 0.457031 0.974609 0.035156 0.035156
0 0.527344 0.142578 0.023438 0.023438
0 0.806641 0.855469 0.027344 0.027344
0 0.283203 0.501953 0.031250 0.031250
0 0.705078 0.455078 0.031250 0.031250
1 0.748047 0.468750 0.057901 0.032220
1 0.628906 0.187500 0.054726 0.032949
1 0.378906 0.394531 0.037704 0.026322
1 0.652344 0.312500 0.018324 0.040504
1 0.177734 0.640625 0.038899 0.027479
1 0.337891 0.386719 0.044351 0.019002
1 0.716797 0.277344 0.023385 0.051506
1 0.751953 0.109375 0.029712 0.044248
1 0.568359 0.087891 0.023856 0.056291
1 0.167969 0.734375 0.037034 0.040117
1 0.386719 0.369141 0.022660 0.033945
1 0.791016 0.175781 0.038333 0.032947
1 0.439453 0.736328 0.031437 0.045165
1 0.421875 0.232422 0.051223 0.012410
1 0.621094 0.761719 0.057778 0.033062
1 0.894531 0.044922 0.032708 0.042650
1 0.263672 0.742188 0.038144 0.022416
1 0.324219 0.406250 0.027814 0.033828
1 0.271484 0.789062 0.040891 0.055592
1 0.392578 0.980469 0.047221 0.035861