0 0.308594 0.208984 0.027344 0.027344
0 0.234375 0.652344 0.027344 0.027344
0 0.685547 0.328125 0.027344 0.027344
0 0.755859 0.658203 0.027344 0.027344
0 0.025391 0.974609 0.027344 0.027344
0 0.029297 0.087891 0.031250 0.031250
0 0.699219 0.234375 0.031250 0.031250
0 0.308594 0.781250 0.023438 0.023438
0 0.828125 0.908203 0.031250 0.031250
0 0.304688 0.695312 0.023438 0.023438
0 0.087891 0.226562 0.027344 0.027344
0 0.777344 0.232422 0.035156 0.035156
0 0.431641 0.244141 0.023438 0.023438
0 0.492188 0.601562 0.035156 0.035156
0 0.892578 0.751953 0.027344 0.027344
0 0.623047 0.593750 0.027344 0.027344
0 0.494141 0.277344 0.035156 0.035156
0 0.361328 0.755859 0.027344 0.027344
0 0.966797 0.740234 0.023438 0.023438
0 0.228516 0.177734 0.023438 0.023438
0 0.455078 0.677734 0.035156 0.035156
0 0.267578 0.974609 0.027344 0.027344
0 0.080078 0.625000 0.027344 0.027344
0 0.673828 0.289062 0.023438 0.023438
0 0.302734 0.349609 0.035156 0.035156
0 0.798828 0.552734 0.035156 0.035156
0 0.876953 0.291016 0.023438 0.023438
0 0.123047 0.201172 0.023438 0.023438
0 0.238281 0.349609 0.035156 0.035156
0 0.396484 0.792969 0.027344 0.027344
1 0.343750 0.462891 0.028087 0.027123
1 0.679688 0.037109 0.034096 0.024383
1 0.408203 0.738281 0.018672 0.051918
1 0.873047 0.804688 0.032294 0.040372
1 0.330078 0.964844 0.040438 0.018330
1 0.142578 0.429688 0.025883 0.045309
1 0.605469 0.615234 0.029062 0.041865
1 0.871094 0.970703 0.018200 0.055542
1 0.503906 0.101562 0.025924 0.031200
1 0.570312 0.626953 0.027146 0.034496
1 0.525391 0.439453 0.040823 0.051364
1 0.876953 0.765625 0.038297 0.053209
1 0.498047 0.810547 0.012365 0.037308
1 0.406250 0.314453 0.028003 0.031840
1 0.216797 0.689453 0.015643 0.049654
1 0.757812 0.392578 0.053209 0.038297
1 0.388672 0.929688 0.016226 0.034511
1 0.386719 0.208984 0.037377 0.042286
1 0.716797 0.970703 0.041299 0.027848
1 0.316406 0.412109 0.020396 0.044466