0 0.705078 0.572266 0.027344 0.027344
0 0.619141 0.810547 0.035156 0.035156
0 0.583984 0.662109 0.023438 0.023438
0 0.910156 0.582031 0.035156 0.035156
0 0.111328 0.917969 0.023438 0.023438
0 0.792969 0.794922 0.031250 0.031250
0 0.146484 0.730469 0.035156 0.035156
0 0.458984 0.494141 0.027344 0.027344
0 0.121094 0.455078 0.023438 0.023438
0 0.548828 0.287109 0.027344 0.027344
0 0.042969 0.490234 0.023438 0.023438
0 0.197266 0.765625 0.023438 0.023438
0 0.892578 0.404297 0.023438 0.023438
0 0.367188 0.279297 0.023438 0.023438
0 0.380859 0.294922 0.035156 0.035156
0 0.482422 0.968750 0.031250 0.031250
0 0.652344 0.751953 0.031250 0.031250
0 0.367188 0.306641 0.031250 0.031250
0 0.697266 0.451172 0.023438 0.023438
0 0.937500 0.726562 0.027344 0.027344
0 0.390625 0.158203 0.035156 0.035156
0 0.892578 0.427734 0.035156 0.035156
0 0.982422 0.675781 0.027344 0.027344
0 0.783203 0.316406 0.035156 0.035156
0 0.740234 0.507812 0.027344 0.027344
0 0.644531 0.695312 0.035156 0.035156
0 0.275391 0.244141 0.031250 0.031250
0 0.078125 0.568359 0.023438 0.023438
0 0.494141 0.363281 0.023438 0.023438
0 0.433594 0.847656 0.031250 0.031250
1 0.660156 0.500000 0.046753 0.049789
1 0.380859 0.812500 0.019109 0.053875
1 0.753906 0.179688 0.055671 0.018386
1 0.640625 0.248047 0.031369 0.024101
1 0.773438 0.740234 0.031977 0.031543
1 0.308594 0.666016 0.022713 0.046783
1 0.105469 0.335938 0.042146 0.020048
1 0.703125 0.240234 0.035211 0.036561
1 0.669922 0.158203 0.018772 0.036824
1 0.068359 0.136719 0.031959 0.055716
1 0.835938 0.134766 0.044060 0.018486
1 0.523438 0.175781 0.046433 0.038360
1 0.087891 0.849609 0.020316 0.032674
1 0.509766 0.966797 0.027441 0.053775
1 0.582031 0.345703 0.051529 0.036516
1 0.808594 0.105469 0.051256 0.035912
1 0.937500 0.046875 0.031816 0.024466
1 0.142578 0.369141 0.024524 0.036940
1 0.554688 0.117188 0.029521 0.057370
1 0.509766 0.101562 0.029515 0.028455