0 0.685547 0.693359 0.035156 0.035156
0 0.974609 0.757812 0.035156 0.035156
0 0.355469 0.070312 0.031250 0.031250
0 0.904297 0.828125 0.027344 0.027344
0 0.693359 0.074219 0.031250 0.031250
0 0.117188 0.724609 0.027344 0.027344
0 0.263672 0.181641 0.023438 0.023438
0 0.380859 0.708984 0.027344 0.027344
0 0.792969 0.013672 0.027344 0.027344
0 0.201172 0.193359 0.035156 0.035156
0 0.250000 0.939453 0.023438 0.023438
0 0.388672 0.039062 0.035156 0.035156
0 0.878906 0.714844 0.023438 0.023438
0 0.203125 0.222656 0.035156 0.035156
0 0.611328 0.820312 0.027344 0.027344
0 0.621094 0.013672 0.027344 0.027344
0 0.878906 0.859375 0.023438 0.023438
0 0.597656 0.244141 0.023438 0.023438
0 0.464844 0.611328 0.027344 0.027344
0 0.205078 0.839844 0.023438 0.023438
0 0.816406 0.097656 0.031250 0.031250
0 0.099609 0.330078 0.035156 0.035156
0 0.111328 0.234375 0.027344 0.027344
0 0.878906 0.476562 0.035156 0.035156
0 0.328125 0.464844 0.031250 0.031250
0 0.373047 0.339844 0.023438 0.023438
0 0.871094 0.048828 0.035156 0.035156
0 0.437500 0.138672 0.035156 0.035156
0 0.931641 0.681641 0.023438 0.023438
0 0.962891 0.496094 0.027344 0.027344
1 0.609375 0.068359 0.033607 0.032643
1 0.380859 0.818359 0.015249 0.041881
1 0.210938 0.449219 0.034246 0.015125
1 0.144531 0.533203 0.043030 0.029172
1 0.291016 0.267578 0.035503 0.055342
1 0.720703 0.113281 0.042813 0.042813
1 0.193359 0.457031 0.036148 0.040768
1 0.736328 0.779297 0.020939 0.051677
1 0.396484 0.470703 0.015902 0.043625
1 0.156250 0.664062 0.030879 0.034918
1 0.734375 0.490234 0.018742 0.042161
1 0.498047 0.562500 0.029187 0.039846
1 0.238281 0.837891 0.028306 0.026861
1 0.085938 0.687500 0.055131 0.015572
1 0.814453 0.722656 0.041432 0.041432
1 0.943359 0.478516 0.046240 0.038086
1 0.681641 0.904297 0.028565 0.034182
1 0.632812 0.767578 0.034112 0.032088
1 0.945312 0.964844 0.044092 0.038318
1 0.146484 0.072266 0.034933 0.018698