0 0.904297 0.343750 0.023438 0.023438
0 0.205078 0.285156 0.023438 0.023438
0 0.890625 0.656250 0.031250 0.031250
0 0.597656 0.162109 0.031250 0.031250
0 0.832031 0.214844 0.031250 0.031250
0 0.359375 0.208984 0.031250 0.031250
0 0.066406 0.021484 0.027344 0.027344
0 0.140625 0.083984 0.023438 0.023438
0 0.724609 0.248047 0.027344 0.027344
0 0.068359 0.201172 0.027344 0.027344
0 0.626953 0.939453 0.031250 0.031250
0 0.744141 0.787109 0.023438 0.023438
0 0.595703 0.888672 0.031250 0.031250
0 0.966797 0.607422 0.023438 0.023438
0 0.662109 0.152344 0.031250 0.031250
0 0.859375 0.431641 0.035156 0.035156
0 0.494141 0.494141 0.031250 0.031250
0 0.478516 0.171875 0.027344 0.027344
0 0.527344 0.078125 0.027344 0.027344
0 0.386719 0.132812 0.035156 0.035156
0 0.265625 0.072266 0.023438 0.023438
0 0.869141 0.544922 0.027344 0.027344
0 0.103516 0.300781 0.031250 0.031250
0 0.554688 0.320312 0.035156 0.035156
0 0.457031 0.082031 0.031250 0.031250
0 0.796875 0.849609 0.027344 0.027344
0 0.519531 0.605469 0.035156 0.035156
0 0.460938 0.431641 0.023438 0.023438
0 0.386719 0.349609 0.027344 0.027344
0 0.011719 0.513672 0.023438 0.023438
1 0.882812 0.976562 0.054239 0.043687
1 0.882812 0.880859 0.014228 0.030464
1 0.796875 0.888672 0.035202 0.019756
1 0.666016 0.738281 0.045654 0.023859
1 0.521484 0.587891 0.054688 0.013672
1 0.158203 0.585938 0.054586 0.039217
1 0.666016 0.494141 0.051563 0.041193
1 0.431641 0.914062 0.030613 0.021620
1 0.853516 0.423828 0.038379 0.016769
1 0.275391 0.238281 0.043008 0.054602
1 0.246094 0.804688 0.036922 0.037645
1 0.341797 0.375000 0.041871 0.043703
1 0.623047 0.728516 0.033374 0.022139
1 0.824219 0.910156 0.015176 0.030622
1 0.523438 0.164062 0.020348 0.038842
1 0.105469 0.582031 0.032277 0.022888
1 0.208984 0.273438 0.016978 0.047826
1 0.169922 0.470703 0.045666 0.029606
1 0.810547 0.414062 0.012963 0.037819
1 0.048828 0.625000 0.037564 0.014959