0 0.609375 0.349609 0.035156 0.035156
0 0.376953 0.589844 0.031250 0.031250
0 0.220703 0.849609 0.027344 0.027344
0 0.376953 0.832031 0.035156 0.035156
0 0.691406 0.027344 0.027344 0.027344
0 0.472656 0.878906 0.031250 0.031250
0 0.181641 0.402344 0.023438 0.023438
0 0.306641 0.826172 0.027344 0.027344
0 0.029297 0.763672 0.023438 0.023438
0 0.378906 0.820312 0.035156 0.035156
0 0.156250 0.216797 0.027344 0.027344
0 0.197266 0.107422 0.027344 0.027344
0 0.832031 0.363281 0.035156 0.035156
0 0.042969 0.486328 0.035156 0.035156
0 0.376953 0.375000 0.035156 0.035156
0 0.496094 0.917969 0.027344 0.027344
0 0.343750 0.486328 0.031250 0.031250
0 0.708984 0.335938 0.035156 0.035156
0 0.197266 0.644531 0.031250 0.031250
0 0.527344 0.339844 0.035156 0.035156
0 0.183594 0.958984 0.027344 0.027344
0 0.195312 0.605469 0.023438 0.023438
0 0.181641 0.927734 0.031250 0.031250
0 0.146484 0.789062 0.023438 0.023438
0 0.820312 0.199219 0.035156 0.035156
0 0.328125 0.068359 0.031250 0.031250
0 0.619141 0.902344 0.031250 0.031250
0 0.634766 0.681641 0.031250 0.031250
0 0.683594 0.722656 0.027344 0.027344
0 0.023438 0.042969 0.031250 0.031250
1 0.214844 0.027344 0.029883 0.030847
1 0.576172 0.056641 0.010616 0.048991
1 0.320312 0.693359 0.026063 0.048828
1 0.431641 0.076172 0.025015 0.041571
1 0.898438 0.187500 0.026347 0.034721
1 0.082031 0.730469 0.044873 0.037185
1 0.812500 0.742188 0.039329 0.047971
1 0.076172 0.078125 0.018158 0.045960
1 0.208984 0.078125 0.056641 0.011719
1 0.587891 0.376953 0.042357 0.032348
1 0.083984 0.371094 0.034322 0.014840
1 0.744141 0.832031 0.047870 0.020060
1 0.884766 0.101562 0.032484 0.038240
1 0.740234 0.517578 0.048202 0.025630
1 0.085938 0.449219 0.038613 0.045959
1 0.341797 0.343750 0.050742 0.028078
1 0.523438 0.419922 0.053173 0.012512
1 0.058594 0.970703 0.033311 0.020343
1 0.255859 0.343750 0.037954 0.044104
1 0.222656 0.806641 0.033848 0.048861