0 0.416016 0.720703 0.035156 0.035156
0 0.542969 0.869141 0.031250 0.031250
0 0.867188 0.347656 0.031250 0.031250
0 0.210938 0.099609 0.031250 0.031250
0 0.968750 0.333984 0.023438 0.023438
0 0.531250 0.107422 0.031250 0.031250
0 0.552734 0.353516 0.027344 0.027344
0 0.083984 0.019531 0.023438 0.023438
0 0.277344 0.976562 0.027344 0.027344
0 0.375000 0.945312 0.031250 0.031250
0 0.695312 0.558594 0.027344 0.027344
0 0.185547 0.783203 0.031250 0.031250
0 0.599609 0.779297 0.035156 0.035156
0 0.832031 0.888672 0.023438 0.023438
0 0.828125 0.207031 0.027344 0.027344
0 0.076172 0.898438 0.023438 0.023438
0 0.871094 0.914062 0.035156 0.035156
0 0.507812 0.085938 0.027344 0.027344
0 0.560547 0.775391 0.023438 0.023438
0 0.302734 0.296875 0.027344 0.027344
0 0.638672 0.412109 0.027344 0.027344
0 0.093750 0.089844 0.031250 0.031250
0 0.117188 0.357422 0.023438 0.023438
0 0.685547 0.035156 0.023438 0.023438
0 0.650391 0.482422 0.023438 0.023438
0 0.080078 0.453125 0.023438 0.023438
0 0.470703 0.931641 0.023438 0.023438
0 0.906250 0.894531 0.031250 0.031250
0 0.650391 0.458984 0.023438 0.023438
0 0.638672 0.660156 0.023438 0.023438
1 0.962891 0.935547 0.025121 0.029442
1 0.660156 0.691406 0.025482 0.032311
1 0.164062 0.357422 0.031765 0.031765
1 0.384766 0.275391 0.048784 0.041480
1 0.449219 0.388672 0.016146 0.043958
1 0.712891 0.210938 0.033620 0.037660
1 0.923828 0.244141 0.029714 0.033467
1 0.316406 0.558594 0.027955 0.042125
1 0.671875 0.646484 0.041687 0.024419
1 0.121094 0.531250 0.026281 0.045091
1 0.171875 0.375000 0.035209 0.021890
1 0.515625 0.921875 0.045901 0.016350
1 0.576172 0.197266 0.048654 0.037469
1 0.734375 0.126953 0.043997 0.017365
1 0.634766 0.210938 0.014408 0.045697
1 0.617188 0.470703 0.021632 0.032520
1 0.292969 0.517578 0.050922 0.045385
1 0.320312 0.863281 0.034268 0.016514
1 0.130859 0.935547 0.019197 0.030870
1 0.521484 0.310547 0.040313 0.017041