0 0.500000 0.585938 0.031250 0.031250
0 0.738281 0.644531 0.027344 0.027344
0 0.953125 0.316406 0.035156 0.035156
0 0.638672 0.716797 0.035156 0.035156
0 0.300781 0.957031 0.031250 0.031250
0 0.183594 0.451172 0.035156 0.035156
0 0.154297 0.912109 0.027344 0.027344
0 0.478516 0.484375 0.031250 0.031250
0 0.583984 0.037109 0.031250 0.031250
0 0.947266 0.839844 0.027344 0.027344
0 0.091797 0.099609 0.023438 0.023438
0 0.039062 0.029297 0.035156 0.035156
0 0.250000 0.472656 0.031250 0.031250
0 0.740234 0.751953 0.031250 0.031250
0 0.392578 0.384766 0.031250 0.031250
0 0.906250 0.304688 0.035156 0.035156
0 0.785156 0.291016 0.031250 0.031250
0 0.283203 0.703125 0.027344 0.027344
0 0.625000 0.527344 0.031250 0.031250
0 0.431641 0.205078 0.027344 0.027344
0 0.957031 0.648438 0.027344 0.027344
0 0.769531 0.802734 0.035156 0.035156
0 0.757812 0.574219 0.027344 0.027344
0 0.121094 0.677734 0.035156 0.035156
0 0.718750 0.615234 0.031250 0.031250
0 0.902344 0.802734 0.035156 0.035156
0 0.623047 0.830078 0.035156 0.035156
0 0.162109 0.074219 0.027344 0.027344
0 0.597656 0.400391 0.031250 0.031250
0 0.904297 0.509766 0.035156 0.035156
1 0.408203 0.326172 0.024376 0.049456
1 0.451172 0.357422 0.051593 0.015882
1 0.371094 0.798828 0.026968 0.058266
1 0.304688 0.371094 0.038138 0.028240
1 0.109375 0.468750 0.049663 0.017045
1 0.572266 0.730469 0.033939 0.053736
1 0.929688 0.056641 0.026322 0.037704
1 0.328125 0.939453 0.032088 0.034112
1 0.119141 0.058594 0.038360 0.046433
1 0.240234 0.529297 0.043997 0.017365
1 0.384766 0.203125 0.025708 0.044385
1 0.769531 0.664062 0.031081 0.047268
1 0.750000 0.453125 0.034496 0.027146
1 0.474609 0.287109 0.032590 0.036201
1 0.201172 0.136719 0.024185 0.048289
1 0.070312 0.380859 0.041881 0.015249
1 0.925781 0.292969 0.051673 0.040187
1 0.406250 0.537109 0.020235 0.055946
1 0.187500 0.193359 0.024015 0.037873
1 0.083984 0.037109 0.036493 0.047560