0 0.804688 0.708984 0.031250 0.031250
0 0.365234 0.773438 0.031250 0.031250
0 0.375000 0.187500 0.031250 0.031250
0 0.039062 0.769531 0.035156 0.035156
0 0.417969 0.740234 0.023438 0.023438
0 0.068359 0.955078 0.035156 0.035156
0 0.687500 0.353516 0.023438 0.023438
0 0.101562 0.783203 0.035156 0.035156
0 0.365234 0.179688 0.027344 0.027344
0 0.781250 0.511719 0.031250 0.031250
0 0.417969 0.181641 0.027344 0.027344
0 0.041016 0.382812 0.023438 0.023438
0 0.175781 0.289062 0.031250 0.031250
0 0.222656 0.892578 0.031250 0.031250
0 0.753906 0.671875 0.035156 0.035156
0 0.320312 0.974609 0.027344 0.027344
0 0.650391 0.306641 0.031250 0.031250
0 0.525391 0.263672 0.031250 0.031250
0 0.648438 0.509766 0.023438 0.023438
0 0.691406 0.679688 0.023438 0.023438
0 0.597656 0.654297 0.023438 0.023438
0 0.527344 0.318359 0.023438 0.023438
0 0.923828 0.632812 0.027344 0.027344
0 0.820312 0.050781 0.035156 0.035156
0 0.726562 0.158203 0.031250 0.031250
0 0.462891 0.818359 0.027344 0.027344
0 0.648438 0.636719 0.035156 0.035156
0 0.156250 0.492188 0.027344 0.027344
0 0.224609 0.634766 0.035156 0.035156
0 0.162109 0.871094 0.031250 0.031250
1 0.066406 0.173828 0.042271 0.050728
1 0.195312 0.587891 0.022833 0.037563
1 0.185547 0.035156 0.014665 0.057276
1 0.761719 0.283203 0.048622 0.022365
1 0.093750 0.867188 0.036486 0.019078
1 0.236328 0.828125 0.045474 0.014054
1 0.380859 0.210938 0.025915 0.047261
1 0.767578 0.623047 0.042160 0.046013
1 0.667969 0.341797 0.010616 0.048991
1 0.945312 0.142578 0.030268 0.042858
1 0.693359 0.564453 0.045209 0.032513
1 0.306641 0.394531 0.051728 0.016963
1 0.142578 0.527344 0.019247 0.042519
1 0.339844 0.291016 0.034294 0.044057
1 0.093750 0.492188 0.036226 0.028847
1 0.332031 0.806641 0.019766 0.038794
1 0.304688 0.083984 0.042962 0.021901
1 0.515625 0.839844 0.042903 0.050309
1 0.373047 0.207031 0.033605 0.039840
1 0.933594 0.390625 0.033467 0.029714