0 0.826172 0.312500 0.027344 0.027344
0 0.466797 0.060547 0.031250 0.031250
0 0.898438 0.474609 0.027344 0.027344
0 0.906250 0.212891 0.035156 0.035156
0 0.953125 0.531250 0.027344 0.027344
0 0.115234 0.628906 0.027344 0.027344
0 0.892578 0.666016 0.023438 0.023438
0 0.507812 0.056641 0.031250 0.031250
0 0.628906 0.794922 0.027344 0.027344
0 0.630859 0.304688 0.031250 0.031250
0 0.519531 0.408203 0.023438 0.023438
0 0.445312 0.318359 0.035156 0.035156
0 0.183594 0.076172 0.023438 0.023438
0 0.310547 0.013672 0.027344 0.027344
0 0.037109 0.593750 0.023438 0.023438
0 0.029297 0.359375 0.027344 0.027344
0 0.041016 0.845703 0.035156 0.035156
0 0.070312 0.445312 0.023438 0.023438
0 0.734375 0.271484 0.035156 0.035156
0 0.955078 0.150391 0.023438 0.023438
0 0.968750 0.644531 0.023438 0.023438
0 0.453125 0.361328 0.035156 0.035156
0 0.076172 0.498047 0.031250 0.031250
0 0.636719 0.849609 0.035156 0.035156
0 0.839844 0.544922 0.031250 0.031250
0 0.539062 0.972656 0.023438 0.023438
0 0.371094 0.236328 0.031250 0.031250
0 0.072266 0.277344 0.031250 0.031250
0 0.695312 0.191406 0.035156 0.035156
0 0.642578 0.542969 0.035156 0.035156
1 0.437500 0.466797 0.016978 0.047826
1 0.367188 0.529297 0.014822 0.033660
1 0.582031 0.568359 0.034989 0.026912
1 0.357422 0.203125 0.038364 0.019616
1 0.437500 0.232422 0.051146 0.033380
1 0.406250 0.466797 0.038207 0.052505
1 0.517578 0.070312 0.032591 0.026848
1 0.615234 0.972656 0.013672 0.050781
1 0.322266 0.585938 0.022402 0.050213
1 0.119141 0.421875 0.030872 0.017904
1 0.154297 0.660156 0.036288 0.035517
1 0.232422 0.548828 0.054586 0.039217
1 0.355469 0.619141 0.049107 0.041364
1 0.953125 0.628906 0.039765 0.013133
1 0.400391 0.707031 0.023692 0.032066
1 0.097656 0.519531 0.020683 0.037231
1 0.205078 0.914062 0.045967 0.019621
1 0.541016 0.941406 0.017705 0.047888
1 0.392578 0.941406 0.022627 0.040782
1 0.892578 0.931641 0.043997 0.017365