0 0.085938 0.279297 0.027344 0.027344
0 0.535156 0.390625 0.023438 0.023438
0 0.974609 0.253906 0.027344 0.027344
0 0.496094 0.693359 0.027344 0.027344
0 0.314453 0.839844 0.031250 0.031250
0 0.113281 0.410156 0.027344 0.027344
0 0.697266 0.972656 0.023438 0.023438
0 0.863281 0.230469 0.027344 0.027344
0 0.945312 0.712891 0.035156 0.035156
0 0.509766 0.664062 0.031250 0.031250
0 0.125000 0.156250 0.023438 0.023438
0 0.851562 0.431641 0.023438 0.023438
0 0.513672 0.421875 0.035156 0.035156
0 0.650391 0.509766 0.035156 0.035156
0 0.285156 0.392578 0.027344 0.027344
0 0.875000 0.736328 0.027344 0.027344
0 0.380859 0.806641 0.027344 0.027344
0 0.589844 0.546875 0.035156 0.035156
0 0.773438 0.099609 0.027344 0.027344
0 0.933594 0.771484 0.027344 0.027344
0 0.730469 0.328125 0.031250 0.031250
0 0.330078 0.542969 0.031250 0.031250
0 0.460938 0.773438 0.027344 0.027344
0 0.308594 0.494141 0.023438 0.023438
0 0.382812 0.285156 0.023438 0.023438
0 0.320312 0.285156 0.027344 0.027344
0 0.259766 0.212891 0.035156 0.035156
0 0.140625 0.835938 0.035156 0.035156
0 0.552734 0.099609 0.027344 0.027344
0 0.455078 0.390625 0.035156 0.035156
1 0.167969 0.738281 0.057885 0.020473
1 0.324219 0.228516 0.048084 0.045771
1 0.546875 0.046875 0.032172 0.036503
1 0.753906 0.605469 0.042632 0.021293
1 0.466797 0.177734 0.040161 0.055888
1 0.820312 0.617188 0.027576 0.044132
1 0.404297 0.687500 0.039587 0.040503
1 0.742188 0.128906 0.030870 0.019197
1 0.111328 0.455078 0.024186 0.051418
1 0.806641 0.828125 0.055632 0.028045
1 0.363281 0.517578 0.011396 0.047187
1 0.798828 0.900391 0.041967 0.046206
1 0.458984 0.978516 0.031250 0.013672
1 0.337891 0.830078 0.025000 0.057138
1 0.619141 0.765625 0.050799 0.038677
1 0.353516 0.671875 0.034919 0.039250
1 0.453125 0.875000 0.043685 0.034364
1 0.494141 0.683594 0.034219 0.022883
1 0.707031 0.595703 0.020924 0.038878
1 0.390625 0.654297 0.047971 0.039329