0 0.509766 0.373047 0.031250 0.031250
0 0.656250 0.449219 0.027344 0.027344
0 0.792969 0.892578 0.023438 0.023438
0 0.076172 0.294922 0.035156 0.035156
0 0.851562 0.865234 0.031250 0.031250
0 0.566406 0.974609 0.031250 0.031250
0 0.933594 0.203125 0.027344 0.027344
0 0.871094 0.281250 0.027344 0.027344
0 0.201172 0.320312 0.027344 0.027344
0 0.484375 0.960938 0.035156 0.035156
0 0.572266 0.937500 0.027344 0.027344
0 0.425781 0.099609 0.027344 0.027344
0 0.119141 0.304688 0.023438 0.023438
0 0.066406 0.960938 0.027344 0.027344
0 0.625000 0.662109 0.027344 0.027344
0 0.152344 0.234375 0.035156 0.035156
0 0.857422 0.476562 0.035156 0.035156
0 0.177734 0.888672 0.023438 0.023438
0 0.017578 0.019531 0.035156 0.035156
0 0.302734 0.115234 0.027344 0.027344
0 0.220703 0.287109 0.027344 0.027344
0 0.060547 0.064453 0.031250 0.031250
0 0.671875 0.029297 0.023438 0.023438
0 0.076172 0.015625 0.023438 0.023438
0 0.927734 0.849609 0.027344 0.027344
0 0.775391 0.039062 0.023438 0.023438
0 0.906250 0.824219 0.031250 0.031250
0 0.634766 0.560547 0.027344 0.027344
0 0.039062 0.246094 0.027344 0.027344
0 0.238281 0.945312 0.031250 0.031250
1 0.437500 0.265625 0.030832 0.038850
1 0.460938 0.146484 0.033284 0.037996
1 0.839844 0.443359 0.053769 0.018058
1 0.343750 0.541016 0.009766 0.039062
1 0.125000 0.845703 0.041246 0.028378
1 0.119141 0.957031 0.041193 0.051563
1 0.384766 0.126953 0.033724 0.021294
1 0.492188 0.207031 0.019330 0.042498
1 0.484375 0.072266 0.028720 0.026313
1 0.417969 0.761719 0.036475 0.019618
1 0.650391 0.671875 0.027858 0.027376
1 0.087891 0.515625 0.029883 0.030847
1 0.613281 0.222656 0.053385 0.014325
1 0.513672 0.673828 0.043754 0.044621
1 0.902344 0.250000 0.040455 0.039635
1 0.806641 0.400391 0.030994 0.036791
1 0.556641 0.972656 0.021963 0.034379
1 0.330078 0.894531 0.033975 0.035036
1 0.724609 0.615234 0.021209 0.048287
1 0.611328 0.835938 0.032968 0.030320