0 0.906250 0.818359 0.035156 0.035156
0 0.443359 0.064453 0.023438 0.023438
0 0.583984 0.531250 0.023438 0.023438
0 0.904297 0.974609 0.031250 0.031250
0 0.705078 0.970703 0.031250 0.031250
0 0.984375 0.859375 0.023438 0.023438
0 0.529297 0.410156 0.035156 0.035156
0 0.691406 0.531250 0.023438 0.023438
0 0.642578 0.515625 0.035156 0.035156
0 0.388672 0.537109 0.023438 0.023438
0 0.525391 0.878906 0.027344 0.027344
0 0.820312 0.111328 0.023438 0.023438
0 0.261719 0.031250 0.035156 0.035156
0 0.289062 0.792969 0.031250 0.031250
0 0.568359 0.917969 0.023438 0.023438
0 0.494141 0.398438 0.027344 0.027344
0 0.978516 0.623047 0.023438 0.023438
0 0.439453 0.132812 0.023438 0.023438
0 0.769531 0.488281 0.031250 0.031250
0 0.662109 0.056641 0.035156 0.035156
0 0.941406 0.287109 0.031250 0.031250
0 0.128906 0.230469 0.035156 0.035156
0 0.195312 0.525391 0.035156 0.035156
0 0.333984 0.126953 0.023438 0.023438
0 0.289062 0.234375 0.031250 0.031250
0 0.552734 0.845703 0.031250 0.031250
0 0.304688 0.363281 0.035156 0.035156
0 0.138672 0.074219 0.027344 0.027344
0 0.970703 0.480469 0.023438 0.023438
0 0.617188 0.962891 0.027344 0.027344
1 0.728516 0.062500 0.025784 0.030953
1 0.359375 0.791016 0.042427 0.018663
1 0.085938 0.873047 0.034733 0.055520
1 0.214844 0.253906 0.035132 0.033879
1 0.890625 0.455078 0.036838 0.040208
1 0.427734 0.199219 0.030435 0.032940
1 0.503906 0.582031 0.050604 0.023525
1 0.583984 0.357422 0.052912 0.038211
1 0.390625 0.714844 0.032206 0.022867
1 0.406250 0.654297 0.052589 0.026349
1 0.445312 0.335938 0.019230 0.035073
1 0.226562 0.960938 0.016659 0.030565
1 0.941406 0.873047 0.034829 0.017839
1 0.232422 0.316406 0.045971 0.018892
1 0.941406 0.699219 0.010344 0.033369
1 0.513672 0.888672 0.021951 0.040114
1 0.343750 0.128906 0.024305 0.050652
1 0.908203 0.037109 0.048622 0.022365
1 0.794922 0.351562 0.037746 0.054705
1 0.941406 0.267578 0.027693 0.046041