0 0.148438 0.736328 0.031250 0.031250
0 0.769531 0.458984 0.031250 0.031250
0 0.386719 0.308594 0.023438 0.023438
0 0.626953 0.974609 0.035156 0.035156
0 0.123047 0.734375 0.035156 0.035156
0 0.855469 0.394531 0.031250 0.031250
0 0.923828 0.839844 0.027344 0.027344
0 0.128906 0.097656 0.023438 0.023438
0 0.441406 0.417969 0.027344 0.027344
0 0.580078 0.519531 0.031250 0.031250
0 0.183594 0.154297 0.023438 0.023438
0 0.050781 0.167969 0.031250 0.031250
0 0.667969 0.076172 0.035156 0.035156
0 0.144531 0.972656 0.035156 0.035156
0 0.585938 0.675781 0.035156 0.035156
0 0.121094 0.505859 0.035156 0.035156
0 0.748047 0.287109 0.031250 0.031250
0 0.292969 0.669922 0.031250 0.031250
0 0.380859 0.138672 0.023438 0.023438
0 0.179688 0.804688 0.027344 0.027344
0 0.707031 0.056641 0.031250 0.031250
0 0.343750 0.044922 0.023438 0.023438
0 0.402344 0.505859 0.035156 0.035156
0 0.501953 0.146484 0.031250 0.031250
0 0.855469 0.400391 0.027344 0.027344
0 0.888672 0.564453 0.027344 0.027344
0 0.349609 0.423828 0.023438 0.023438
0 0.515625 0.570312 0.031250 0.031250
0 0.869141 0.435547 0.031250 0.031250
0 0.482422 0.921875 0.023438 0.023438
1 0.529297 0.429688 0.018701 0.049990
1 0.607422 0.449219 0.052069 0.019759
1 0.076172 0.689453 0.033380 0.051146
1 0.960938 0.500000 0.021840 0.031554
1 0.507812 0.078125 0.009766 0.050781
1 0.857422 0.812500 0.050121 0.025483
1 0.599609 0.511719 0.021992 0.046705
1 0.537109 0.736328 0.033270 0.019878
1 0.406250 0.679688 0.042532 0.040219
1 0.210938 0.246094 0.039199 0.034823
1 0.244141 0.445312 0.034076 0.015955
1 0.703125 0.779297 0.020152 0.036453
1 0.595703 0.117188 0.038240 0.032484
1 0.707031 0.746094 0.035172 0.029901
1 0.166016 0.101562 0.031625 0.028550
1 0.789062 0.085938 0.022476 0.032368
1 0.716797 0.783203 0.036453 0.020152
1 0.246094 0.541016 0.037316 0.039918
1 0.335938 0.904297 0.037109 0.013672
1 0.199219 0.087891 0.031209 0.029475