0 0.306641 0.250000 0.023438 0.023438
0 0.853516 0.267578 0.035156 0.035156
0 0.224609 0.355469 0.031250 0.031250
0 0.830078 0.882812 0.031250 0.031250
0 0.591797 0.242188 0.035156 0.035156
0 0.921875 0.486328 0.031250 0.031250
0 0.044922 0.111328 0.023438 0.023438
0 0.259766 0.712891 0.023438 0.023438
0 0.476562 0.488281 0.023438 0.023438
0 0.082031 0.072266 0.035156 0.035156
0 0.472656 0.121094 0.035156 0.035156
0 0.371094 0.744141 0.031250 0.031250
0 0.541016 0.666016 0.035156 0.035156
0 0.800781 0.136719 0.027344 0.027344
0 0.083984 0.238281 0.031250 0.031250
0 0.050781 0.638672 0.023438 0.023438
0 0.937500 0.886719 0.023438 0.023438
0 0.472656 0.873047 0.035156 0.035156
0 0.531250 0.455078 0.035156 0.035156
0 0.388672 0.132812 0.031250 0.031250
0 0.472656 0.285156 0.023438 0.023438
0 0.917969 0.533203 0.027344 0.027344
0 0.373047 0.130859 0.035156 0.035156
0 0.085938 0.255859 0.035156 0.035156
0 0.917969 0.230469 0.035156 0.035156
0 0.216797 0.345703 0.035156 0.035156
0 0.316406 0.230469 0.023438 0.023438
0 0.921875 0.390625 0.023438 0.023438
0 0.474609 0.708984 0.031250 0.031250
0 0.861328 0.662109 0.035156 0.035156
1 0.474609 0.634766 0.027488 0.048806
1 0.259766 0.097656 0.023205 0.041882
1 0.570312 0.925781 0.042813 0.042813
1 0.539062 0.048828 0.047388 0.025209
1 0.570312 0.373047 0.044539 0.040878
1 0.044922 0.826172 0.015095 0.041468
1 0.425781 0.599609 0.021963 0.034379
1 0.398438 0.308594 0.051611 0.017181
1 0.167969 0.468750 0.038023 0.014215
1 0.429688 0.611328 0.042160 0.046013
1 0.283203 0.912109 0.041619 0.046433
1 0.720703 0.683594 0.041480 0.048784
1 0.929688 0.568359 0.046964 0.027305
1 0.914062 0.978516 0.033920 0.028644
1 0.250000 0.693359 0.015329 0.036189
1 0.716797 0.248047 0.018774 0.053629
1 0.525391 0.591797 0.033589 0.040070
1 0.365234 0.144531 0.022660 0.033945
1 0.357422 0.542969 0.037746 0.054705
1 0.726562 0.322266 0.038316 0.041591