0 0.191406 0.072266 0.023438 0.023438
0 0.218750 0.470703 0.035156 0.035156
0 0.156250 0.238281 0.023438 0.023438
0 0.644531 0.244141 0.031250 0.031250
0 0.173828 0.925781 0.031250 0.031250
0 0.648438 0.076172 0.023438 0.023438
0 0.306641 0.103516 0.035156 0.035156
0 0.462891 0.298828 0.023438 0.023438
0 0.042969 0.826172 0.023438 0.023438
0 0.125000 0.318359 0.031250 0.031250
0 0.076172 0.251953 0.035156 0.035156
0 0.302734 0.939453 0.035156 0.035156
0 0.060547 0.730469 0.031250 0.031250
0 0.041016 0.667969 0.035156 0.035156
0 0.037109 0.628906 0.027344 0.027344
0 0.759766 0.687500 0.035156 0.035156
0 0.535156 0.281250 0.031250 0.031250
0 0.917969 0.894531 0.031250 0.031250
0 0.591797 0.750000 0.027344 0.027344
0 0.974609 0.310547 0.031250 0.031250
0 0.488281 0.224609 0.027344 0.027344
0 0.378906 0.310547 0.035156 0.035156
0 0.806641 0.417969 0.031250 0.031250
0 0.951172 0.580078 0.023438 0.023438
0 0.951172 0.517578 0.035156 0.035156
0 0.421875 0.421875 0.023438 0.023438
0 0.675781 0.824219 0.031250 0.031250
0 0.742188 0.347656 0.023438 0.023438
0 0.900391 0.419922 0.031250 0.031250
0 0.753906 0.601562 0.023438 0.023438
1 0.089844 0.476562 0.018302 0.040258
1 0.105469 0.951172 0.032713 0.017521
1 0.158203 0.705078 0.043807 0.023223
1 0.105469 0.564453 0.035560 0.038836
1 0.183594 0.683594 0.032325 0.024406
1 0.683594 0.378906 0.015698 0.039724
1 0.658203 0.953125 0.012793 0.035874
1 0.673828 0.693359 0.048192 0.019283
1 0.589844 0.111328 0.026347 0.034721
1 0.912109 0.363281 0.040168 0.021359
1 0.564453 0.712891 0.032727 0.030560
1 0.107422 0.650391 0.031364 0.036640
1 0.777344 0.218750 0.039629 0.037605
1 0.814453 0.072266 0.054595 0.035214
1 0.199219 0.609375 0.037564 0.014959
1 0.271484 0.109375 0.029603 0.037681
1 0.388672 0.539062 0.034918 0.030879
1 0.455078 0.654297 0.031946 0.024082
1 0.851562 0.734375 0.025262 0.052044
1 0.109375 0.251953 0.021150 0.056058