0 0.974609 0.388672 0.035156 0.035156
0 0.513672 0.904297 0.027344 0.027344
0 0.021484 0.166016 0.035156 0.035156
0 0.593750 0.355469 0.031250 0.031250
0 0.615234 0.244141 0.035156 0.035156
0 0.447266 0.347656 0.023438 0.023438
0 0.464844 0.382812 0.023438 0.023438
0 0.197266 0.021484 0.035156 0.035156
0 0.164062 0.960938 0.035156 0.035156
0 0.343750 0.455078 0.035156 0.035156
0 0.626953 0.568359 0.035156 0.035156
0 0.308594 0.101562 0.031250 0.031250
0 0.216797 0.033203 0.027344 0.027344
0 0.171875 0.707031 0.035156 0.035156
0 0.462891 0.677734 0.023438 0.023438
0 0.962891 0.341797 0.031250 0.031250
0 0.857422 0.447266 0.027344 0.027344
0 0.632812 0.580078 0.035156 0.035156
0 0.853516 0.375000 0.023438 0.023438
0 0.125000 0.642578 0.035156 0.035156
0 0.695312 0.373047 0.027344 0.027344
0 0.041016 0.183594 0.023438 0.023438
0 0.472656 0.363281 0.031250 0.031250
0 0.455078 0.738281 0.035156 0.035156
0 0.187500 0.287109 0.031250 0.031250
0 0.351562 0.158203 0.031250 0.031250
0 0.582031 0.613281 0.027344 0.027344
0 0.056641 0.238281 0.023438 0.023438
0 0.542969 0.070312 0.031250 0.031250
0 0.244141 0.257812 0.035156 0.035156
1 0.779297 0.669922 0.043441 0.047487
1 0.693359 0.400391 0.036148 0.040768
1 0.441406 0.408203 0.041248 0.014386
1 0.564453 0.427734 0.048357 0.042294
1 0.722656 0.552734 0.040645 0.019584
1 0.679688 0.185547 0.040073 0.015738
1 0.603516 0.671875 0.037700 0.012330
1 0.517578 0.132812 0.014215 0.031484
1 0.578125 0.886719 0.020276 0.035320
1 0.695312 0.130859 0.053051 0.045645
1 0.121094 0.908203 0.023692 0.032066
1 0.330078 0.369141 0.050609 0.038549
1 0.417969 0.136719 0.022307 0.044872
1 0.130859 0.593750 0.057476 0.019453
1 0.339844 0.023438 0.054595 0.035214
1 0.804688 0.460938 0.047971 0.039329
1 0.087891 0.138672 0.013795 0.039869
1 0.470703 0.314453 0.032311 0.025482
1 0.470703 0.595703 0.030157 0.012774
1 0.070312 0.544922 0.040452 0.026594