0 0.060547 0.568359 0.027344 0.027344
0 0.162109 0.693359 0.035156 0.035156
0 0.085938 0.757812 0.031250 0.031250
0 0.552734 0.037109 0.023438 0.023438
0 0.402344 0.777344 0.027344 0.027344
0 0.554688 0.630859 0.031250 0.031250
0 0.392578 0.419922 0.027344 0.027344
0 0.396484 0.943359 0.027344 0.027344
0 0.787109 0.671875 0.035156 0.035156
0 0.845703 0.195312 0.023438 0.023438
0 0.025391 0.878906 0.027344 0.027344
0 0.562500 0.699219 0.023438 0.023438
0 0.367188 0.111328 0.031250 0.031250
0 0.083984 0.162109 0.031250 0.031250
0 0.134766 0.837891 0.027344 0.027344
0 0.250000 0.765625 0.023438 0.023438
0 0.492188 0.619141 0.027344 0.027344
0 0.115234 0.451172 0.035156 0.035156
0 0.031250 0.103516 0.023438 0.023438
0 0.642578 0.214844 0.035156 0.035156
0 0.890625 0.509766 0.035156 0.035156
0 0.242188 0.082031 0.031250 0.031250
0 0.386719 0.257812 0.023438 0.023438
0 0.841797 0.345703 0.023438 0.023438
0 0.787109 0.287109 0.035156 0.035156
0 0.427734 0.093750 0.031250 0.031250
0 0.316406 0.597656 0.027344 0.027344
0 0.433594 0.875000 0.027344 0.027344
0 0.298828 0.580078 0.035156 0.035156
0 0.464844 0.179688 0.023438 0.023438
1 0.552734 0.630859 0.047436 0.030431
1 0.878906 0.207031 0.033395 0.035564
1 0.669922 0.314453 0.045414 0.035927
1 0.273438 0.400391 0.034349 0.049713
1 0.082031 0.914062 0.027544 0.030143
1 0.921875 0.414062 0.040208 0.036838
1 0.812500 0.189453 0.038879 0.023704
1 0.671875 0.783203 0.038107 0.014835
1 0.890625 0.675781 0.056871 0.014658
1 0.933594 0.300781 0.052279 0.043205
1 0.546875 0.951172 0.037596 0.036970
1 0.929688 0.248047 0.023867 0.037660
1 0.072266 0.232422 0.044273 0.018296
1 0.253906 0.199219 0.030145 0.035330
1 0.330078 0.738281 0.047870 0.020060
1 0.439453 0.789062 0.022476 0.032368
1 0.310547 0.941406 0.035278 0.047431
1 0.255859 0.070312 0.031505 0.023002
1 0.537109 0.521484 0.039539 0.051966
1 0.714844 0.337891 0.020198 0.031484