0 0.394531 0.164062 0.023438 0.023438
0 0.392578 0.455078 0.023438 0.023438
0 0.759766 0.691406 0.031250 0.031250
0 0.576172 0.173828 0.027344 0.027344
0 0.779297 0.417969 0.027344 0.027344
0 0.529297 0.851562 0.027344 0.027344
0 0.873047 0.912109 0.035156 0.035156
0 0.601562 0.810547 0.035156 0.035156
0 0.121094 0.169922 0.023438 0.023438
0 0.011719 0.183594 0.023438 0.023438
0 0.250000 0.064453 0.035156 0.035156
0 0.042969 0.193359 0.035156 0.035156
0 0.337891 0.962891 0.023438 0.023438
0 0.113281 0.453125 0.031250 0.031250
0 0.689453 0.552734 0.031250 0.031250
0 0.679688 0.400391 0.027344 0.027344
0 0.966797 0.380859 0.023438 0.023438
0 0.726562 0.123047 0.023438 0.023438
0 0.386719 0.601562 0.023438 0.023438
0 0.375000 0.027344 0.035156 0.035156
0 0.576172 0.568359 0.035156 0.035156
0 0.927734 0.339844 0.031250 0.031250
0 0.574219 0.457031 0.027344 0.027344
0 0.265625 0.521484 0.035156 0.035156
0 0.845703 0.654297 0.027344 0.027344
0 0.654297 0.453125 0.027344 0.027344
0 0.189453 0.050781 0.035156 0.035156
0 0.382812 0.910156 0.035156 0.035156
0 0.175781 0.361328 0.035156 0.035156
0 0.142578 0.359375 0.023438 0.023438
1 0.822266 0.363281 0.054934 0.037009
1 0.355469 0.333984 0.024470 0.039518
1 0.457031 0.021484 0.032646 0.016545
1 0.925781 0.320312 0.050560 0.028831
1 0.593750 0.583984 0.043656 0.013473
1 0.806641 0.289062 0.041701 0.048770
1 0.746094 0.681641 0.037176 0.029826
1 0.601562 0.384766 0.048627 0.045157
1 0.080078 0.355469 0.025901 0.039390
1 0.763672 0.835938 0.031633 0.043071
1 0.376953 0.583984 0.024210 0.033901
1 0.080078 0.572266 0.043958 0.016146
1 0.660156 0.876953 0.033655 0.028486
1 0.744141 0.169922 0.024842 0.031676
1 0.251953 0.191406 0.050692 0.027350
1 0.925781 0.476562 0.017876 0.049834
1 0.398438 0.783203 0.029949 0.043606
1 0.408203 0.960938 0.030358 0.022745
1 0.750000 0.105469 0.035514 0.030132
1 0.820312 0.759766 0.031495 0.032025