0 0.890625 0.101562 0.023438 0.023438
0 0.667969 0.050781 0.035156 0.035156
0 0.130859 0.976562 0.031250 0.031250
0 0.357422 0.513672 0.031250 0.031250
0 0.029297 0.257812 0.027344 0.027344
0 0.957031 0.882812 0.031250 0.031250
0 0.316406 0.888672 0.035156 0.035156
0 0.228516 0.716797 0.023438 0.023438
0 0.152344 0.044922 0.031250 0.031250
0 0.158203 0.474609 0.035156 0.035156
0 0.095703 0.205078 0.027344 0.027344
0 0.162109 0.226562 0.035156 0.035156
0 0.531250 0.818359 0.031250 0.031250
0 0.582031 0.447266 0.035156 0.035156
0 0.642578 0.283203 0.031250 0.031250
0 0.460938 0.751953 0.031250 0.031250
0 0.824219 0.285156 0.023438 0.023438
0 0.767578 0.197266 0.035156 0.035156
0 0.093750 0.660156 0.027344 0.027344
0 0.388672 0.591797 0.023438 0.023438
0 0.845703 0.349609 0.031250 0.031250
0 0.224609 0.417969 0.027344 0.027344
0 0.619141 0.927734 0.035156 0.035156
0 0.105469 0.816406 0.031250 0.031250
0 0.978516 0.939453 0.027344 0.027344
0 0.783203 0.521484 0.027344 0.027344
0 0.382812 0.453125 0.035156 0.035156
0 0.794922 0.380859 0.023438 0.023438
0 0.599609 0.251953 0.035156 0.035156
0 0.369141 0.751953 0.023438 0.023438
1 0.650391 0.822266 0.023427 0.046846
1 0.099609 0.324219 0.033882 0.022211
1 0.484375 0.072266 0.047881 0.019298
1 0.703125 0.535156 0.031443 0.019772
1 0.771484 0.326172 0.051223 0.012410
1 0.669922 0.628906 0.039869 0.013795
1 0.320312 0.130859 0.043997 0.017365
1 0.515625 0.732422 0.038370 0.018453
1 0.929688 0.935547 0.015722 0.036318
1 0.152344 0.496094 0.041881 0.015249
1 0.320312 0.246094 0.037749 0.046823
1 0.457031 0.460938 0.047478 0.051717
1 0.443359 0.775391 0.039785 0.014415
1 0.595703 0.832031 0.029771 0.047589
1 0.177734 0.914062 0.036478 0.031725
1 0.740234 0.234375 0.030537 0.022002
1 0.539062 0.144531 0.038623 0.041369
1 0.794922 0.046875 0.029095 0.044459
1 0.517578 0.568359 0.020351 0.033525
1 0.306641 0.628906 0.043850 0.047175