0 0.250000 0.630859 0.023438 0.023438
0 0.675781 0.214844 0.031250 0.031250
0 0.431641 0.603516 0.035156 0.035156
0 0.607422 0.105469 0.027344 0.027344
0 0.060547 0.298828 0.035156 0.035156
0 0.826172 0.783203 0.031250 0.031250
0 0.611328 0.191406 0.027344 0.027344
0 0.226562 0.716797 0.027344 0.027344
0 0.056641 0.371094 0.027344 0.027344
0 0.273438 0.330078 0.023438 0.023438
0 0.896484 0.253906 0.023438 0.023438
0 0.761719 0.345703 0.023438 0.023438
0 0.054688 0.798828 0.023438 0.023438
0 0.388672 0.603516 0.035156 0.035156
0 0.048828 0.750000 0.027344 0.027344
0 0.412109 0.464844 0.031250 0.031250
0 0.201172 0.230469 0.027344 0.027344
0 0.396484 0.285156 0.023438 0.023438
0 0.701172 0.933594 0.027344 0.027344
0 0.050781 0.015625 0.027344 0.027344
0 0.599609 0.066406 0.023438 0.023438
0 0.894531 0.507812 0.023438 0.023438
0 0.482422 0.677734 0.031250 0.031250
0 0.955078 0.294922 0.023438 0.023438
0 0.919922 0.845703 0.027344 0.027344
0 0.734375 0.832031 0.031250 0.031250
0 0.472656 0.632812 0.023438 0.023438
0 0.341797 0.546875 0.035156 0.035156
0 0.720703 0.869141 0.023438 0.023438
0 0.146484 0.742188 0.035156 0.035156
1 0.785156 0.806641 0.032206 0.022867
1 0.164062 0.464844 0.023221 0.036089
1 0.511719 0.777344 0.032554 0.030820
1 0.654297 0.894531 0.044527 0.021766
1 0.103516 0.041016 0.016091 0.036024
1 0.634766 0.115234 0.048828 0.026063
1 0.931641 0.818359 0.024745 0.052555
1 0.126953 0.738281 0.031505 0.023002
1 0.744141 0.183594 0.046004 0.050435
1 0.941406 0.800781 0.038634 0.032483
1 0.607422 0.050781 0.017045 0.049663
1 0.212891 0.210938 0.030079 0.033208
1 0.126953 0.302734 0.054586 0.039217
1 0.914062 0.380859 0.051706 0.018435
1 0.560547 0.238281 0.028078 0.050742
1 0.271484 0.931641 0.036657 0.035115
1 0.638672 0.078125 0.039633 0.045355
1 0.685547 0.933594 0.010616 0.048991
1 0.445312 0.431641 0.043946 0.021902
1 0.775391 0.355469 0.037120 0.030885