0 0.617188 0.861328 0.031250 0.031250
0 0.707031 0.986328 0.023438 0.023438
0 0.964844 0.906250 0.035156 0.035156
0 0.195312 0.449219 0.035156 0.035156
0 0.957031 0.435547 0.031250 0.031250
0 0.603516 0.556641 0.027344 0.027344
0 0.031250 0.589844 0.035156 0.035156
0 0.781250 0.974609 0.023438 0.023438
0 0.835938 0.429688 0.027344 0.027344
0 0.537109 0.308594 0.023438 0.023438
0 0.921875 0.412109 0.031250 0.031250
0 0.273438 0.896484 0.035156 0.035156
0 0.585938 0.818359 0.035156 0.035156
0 0.312500 0.021484 0.031250 0.031250
0 0.867188 0.408203 0.027344 0.027344
0 0.458984 0.382812 0.023438 0.023438
0 0.681641 0.421875 0.031250 0.031250
0 0.720703 0.589844 0.027344 0.027344
0 0.521484 0.593750 0.023438 0.023438
0 0.951172 0.462891 0.031250 0.031250
0 0.345703 0.691406 0.027344 0.027344
0 0.255859 0.269531 0.023438 0.023438
0 0.974609 0.404297 0.031250 0.031250
0 0.343750 0.578125 0.023438 0.023438
0 0.027344 0.105469 0.035156 0.035156
0 0.312500 0.935547 0.035156 0.035156
0 0.847656 0.460938 0.023438 0.023438
0 0.978516 0.302734 0.023438 0.023438
0 0.068359 0.558594 0.031250 0.031250
0 0.414062 0.724609 0.031250 0.031250
1 0.195312 0.203125 0.030383 0.030383
1 0.853516 0.382812 0.033410 0.019870
1 0.123047 0.152344 0.036322 0.015916
1 0.259766 0.437500 0.041095 0.049168
1 0.667969 0.490234 0.031267 0.045732
1 0.039062 0.695312 0.030395 0.038974
1 0.330078 0.828125 0.038181 0.046391
1 0.085938 0.583984 0.048311 0.023452
1 0.263672 0.960938 0.047038 0.010582
1 0.500000 0.183594 0.017074 0.036557
1 0.837891 0.386719 0.030142 0.023460
1 0.130859 0.818359 0.034527 0.034527
1 0.201172 0.181641 0.056717 0.032918
1 0.072266 0.445312 0.027417 0.032602
1 0.722656 0.753906 0.034622 0.017616
1 0.720703 0.593750 0.035610 0.021800
1 0.671875 0.867188 0.020645 0.042601
1 0.144531 0.820312 0.037645 0.036922
1 0.417969 0.093750 0.042399 0.033766
1 0.888672 0.056641 0.039635 0.040455