0 0.056641 0.662109 0.035156 0.035156
0 0.824219 0.197266 0.035156 0.035156
0 0.621094 0.097656 0.031250 0.031250
0 0.083984 0.265625 0.027344 0.027344
0 0.177734 0.720703 0.027344 0.027344
0 0.949219 0.134766 0.027344 0.027344
0 0.886719 0.378906 0.031250 0.031250
0 0.759766 0.441406 0.027344 0.027344
0 0.121094 0.121094 0.035156 0.035156
0 0.193359 0.384766 0.027344 0.027344
0 0.890625 0.185547 0.027344 0.027344
0 0.683594 0.179688 0.023438 0.023438
0 0.492188 0.748047 0.023438 0.023438
0 0.371094 0.701172 0.027344 0.027344
0 0.820312 0.865234 0.023438 0.023438
0 0.019531 0.185547 0.023438 0.023438
0 0.359375 0.048828 0.031250 0.031250
0 0.496094 0.814453 0.035156 0.035156
0 0.210938 0.783203 0.035156 0.035156
0 0.128906 0.476562 0.035156 0.035156
0 0.501953 0.123047 0.027344 0.027344
0 0.685547 0.736328 0.027344 0.027344
0 0.751953 0.052734 0.035156 0.035156
0 0.511719 0.228516 0.031250 0.031250
0 0.736328 0.494141 0.035156 0.035156
0 0.322266 0.593750 0.027344 0.027344
0 0.710938 0.957031 0.027344 0.027344
0 0.296875 0.150391 0.023438 0.023438
0 0.802734 0.089844 0.031250 0.031250
0 0.794922 0.933594 0.023438 0.023438
1 0.240234 0.441406 0.052931 0.012637
1 0.468750 0.894531 0.032547 0.033704
1 0.705078 0.919922 0.029326 0.046412
1 0.611328 0.082031 0.036025 0.040738
1 0.220703 0.263672 0.049983 0.026977
1 0.537109 0.710938 0.051921 0.031137
1 0.789062 0.779297 0.024662 0.035758
1 0.152344 0.066406 0.030395 0.038974
1 0.695312 0.783203 0.056510 0.033743
1 0.392578 0.490234 0.026026 0.028914
1 0.279297 0.751953 0.031765 0.031765
1 0.195312 0.548828 0.054602 0.043008
1 0.791016 0.207031 0.022713 0.046783
1 0.271484 0.480469 0.047954 0.017344
1 0.375000 0.929688 0.051453 0.035236
1 0.958984 0.427734 0.014228 0.030207
1 0.560547 0.238281 0.023188 0.043105
1 0.357422 0.757812 0.022621 0.054307
1 0.630859 0.117188 0.053530 0.022233
1 0.945312 0.083984 0.036640 0.037893