0 0.691406 0.720703 0.027344 0.027344
0 0.330078 0.158203 0.023438 0.023438
0 0.957031 0.953125 0.035156 0.035156
0 0.849609 0.037109 0.035156 0.035156
0 0.406250 0.371094 0.031250 0.031250
0 0.201172 0.298828 0.023438 0.023438
0 0.205078 0.582031 0.027344 0.027344
0 0.970703 0.054688 0.027344 0.027344
0 0.148438 0.416016 0.023438 0.023438
0 0.962891 0.085938 0.027344 0.027344
0 0.207031 0.431641 0.027344 0.027344
0 0.226562 0.248047 0.035156 0.035156
0 0.080078 0.945312 0.023438 0.023438
0 0.023438 0.810547 0.031250 0.031250
0 0.472656 0.894531 0.027344 0.027344
0 0.199219 0.824219 0.027344 0.027344
0 0.107422 0.076172 0.023438 0.023438
0 0.208984 0.281250 0.027344 0.027344
0 0.527344 0.626953 0.023438 0.023438
0 0.519531 0.652344 0.031250 0.031250
0 0.140625 0.960938 0.027344 0.027344
0 0.669922 0.800781 0.027344 0.027344
0 0.062500 0.226562 0.031250 0.031250
0 0.710938 0.621094 0.031250 0.031250
0 0.201172 0.373047 0.027344 0.027344
0 0.279297 0.408203 0.023438 0.023438
0 0.513672 0.167969 0.035156 0.035156
0 0.189453 0.246094 0.027344 0.027344
0 0.775391 0.156250 0.031250 0.031250
0 0.576172 0.259766 0.031250 0.031250
1 0.523438 0.691406 0.042813 0.042813
1 0.703125 0.302734 0.025639 0.042491
1 0.568359 0.029297 0.043191 0.027462
1 0.271484 0.593750 0.033325 0.044048
1 0.691406 0.859375 0.041968 0.043606
1 0.083984 0.453125 0.039390 0.025901
1 0.513672 0.763672 0.024986 0.045073
1 0.777344 0.572266 0.017282 0.055514
1 0.099609 0.460938 0.024842 0.031676
1 0.414062 0.074219 0.038297 0.053209
1 0.345703 0.367188 0.036938 0.055512
1 0.753906 0.634766 0.033589 0.040070
1 0.802734 0.876953 0.026339 0.055799
1 0.933594 0.726562 0.046412 0.029326
1 0.449219 0.496094 0.053725 0.018216
1 0.080078 0.343750 0.026813 0.042334
1 0.113281 0.425781 0.039547 0.045610
1 0.490234 0.308594 0.018486 0.044060
1 0.767578 0.277344 0.040878 0.044539
1 0.464844 0.904297 0.032837 0.048124