0 0.744141 0.925781 0.027344 0.027344
0 0.078125 0.380859 0.031250 0.031250
0 0.982422 0.105469 0.023438 0.023438
0 0.378906 0.019531 0.027344 0.027344
0 0.708984 0.193359 0.031250 0.031250
0 0.888672 0.828125 0.027344 0.027344
0 0.541016 0.931641 0.031250 0.031250
0 0.158203 0.720703 0.023438 0.023438
0 0.181641 0.906250 0.023438 0.023438
0 0.679688 0.277344 0.027344 0.027344
0 0.695312 0.765625 0.027344 0.027344
0 0.611328 0.931641 0.023438 0.023438
0 0.115234 0.474609 0.023438 0.023438
0 0.052734 0.433594 0.027344 0.027344
0 0.585938 0.078125 0.023438 0.023438
0 0.115234 0.320312 0.035156 0.035156
0 0.498047 0.363281 0.027344 0.027344
0 0.138672 0.441406 0.023438 0.023438
0 0.037109 0.849609 0.031250 0.031250
0 0.273438 0.539062 0.027344 0.027344
0 0.658203 0.244141 0.023438 0.023438
0 0.783203 0.587891 0.027344 0.027344
0 0.925781 0.533203 0.031250 0.031250
0 0.919922 0.285156 0.023438 0.023438
0 0.876953 0.238281 0.031250 0.031250
0 0.152344 0.523438 0.035156 0.035156
0 0.875000 0.242188 0.031250 0.031250
0 0.341797 0.597656 0.035156 0.035156
0 0.558594 0.843750 0.031250 0.031250
0 0.062500 0.791016 0.035156 0.035156
1 0.093750 0.935547 0.030529 0.039717
1 0.076172 0.480469 0.042005 0.048646
1 0.826172 0.015625 0.052418 0.039769
1 0.214844 0.554688 0.044632 0.046463
1 0.732422 0.505859 0.022282 0.052384
1 0.105469 0.490234 0.045154 0.014454
1 0.843750 0.861328 0.055342 0.035503
1 0.333984 0.720703 0.017371 0.055613
1 0.740234 0.720703 0.049550 0.023615
1 0.123047 0.964844 0.031840 0.028474
1 0.144531 0.093750 0.032275 0.031215
1 0.722656 0.781250 0.031840 0.028474
1 0.943359 0.322266 0.054459 0.038471
1 0.673828 0.093750 0.047940 0.030869
1 0.716797 0.802734 0.035355 0.012331
1 0.533203 0.435547 0.030820 0.032554
1 0.605469 0.886719 0.043283 0.011259
1 0.669922 0.914062 0.036006 0.045599
1 0.529297 0.460938 0.014006 0.033940
1 0.658203 0.757812 0.032789 0.044210