0 0.894531 0.835938 0.035156 0.035156
0 0.513672 0.845703 0.027344 0.027344
0 0.619141 0.183594 0.027344 0.027344
0 0.269531 0.259766 0.031250 0.031250
0 0.482422 0.500000 0.035156 0.035156
0 0.396484 0.263672 0.035156 0.035156
0 0.927734 0.378906 0.027344 0.027344
0 0.353516 0.949219 0.035156 0.035156
0 0.285156 0.416016 0.031250 0.031250
0 0.542969 0.785156 0.035156 0.035156
0 0.818359 0.119141 0.027344 0.027344
0 0.064453 0.457031 0.035156 0.035156
0 0.322266 0.601562 0.027344 0.027344
0 0.560547 0.939453 0.027344 0.027344
0 0.398438 0.714844 0.023438 0.023438
0 0.101562 0.505859 0.027344 0.027344
0 0.035156 0.718750 0.023438 0.023438
0 0.904297 0.335938 0.031250 0.031250
0 0.035156 0.910156 0.031250 0.031250
0 0.457031 0.830078 0.027344 0.027344
0 0.738281 0.941406 0.023438 0.023438
0 0.302734 0.810547 0.027344 0.027344
0 0.810547 0.054688 0.027344 0.027344
0 0.068359 0.787109 0.035156 0.035156
0 0.683594 0.076172 0.023438 0.023438
0 0.250000 0.935547 0.031250 0.031250
0 0.408203 0.822266 0.027344 0.027344
0 0.369141 0.464844 0.027344 0.027344
0 0.070312 0.205078 0.031250 0.031250
0 0.242188 0.369141 0.035156 0.035156
1 0.578125 0.707031 0.049085 0.026615
1 0.826172 0.648438 0.023816 0.041791
1 0.601562 0.556641 0.019109 0.053875
1 0.669922 0.582031 0.018892 0.045971
1 0.597656 0.634766 0.023316 0.041270
1 0.890625 0.242188 0.043271 0.032087
1 0.449219 0.763672 0.033771 0.013440
1 0.771484 0.960938 0.037660 0.033620
1 0.494141 0.029297 0.041146 0.026757
1 0.097656 0.732422 0.031842 0.042501
1 0.642578 0.234375 0.025200 0.034109
1 0.265625 0.275391 0.042650 0.032708
1 0.160156 0.136719 0.033743 0.044306
1 0.753906 0.472656 0.031226 0.018552
1 0.607422 0.427734 0.051420 0.032642
1 0.937500 0.304688 0.041571 0.025015
1 0.759766 0.751953 0.048437 0.020836
1 0.384766 0.269531 0.033043 0.030013
1 0.324219 0.248047 0.030383 0.030383
1 0.210938 0.822266 0.027809 0.029975