0 0.382812 0.751953 0.031250 0.031250
0 0.226562 0.906250 0.027344 0.027344
0 0.962891 0.230469 0.023438 0.023438
0 0.181641 0.271484 0.031250 0.031250
0 0.226562 0.167969 0.035156 0.035156
0 0.201172 0.224609 0.031250 0.031250
0 0.349609 0.603516 0.027344 0.027344
0 0.269531 0.816406 0.027344 0.027344
0 0.486328 0.583984 0.023438 0.023438
0 0.630859 0.191406 0.035156 0.035156
0 0.236328 0.853516 0.027344 0.027344
0 0.029297 0.228516 0.023438 0.023438
0 0.929688 0.560547 0.023438 0.023438
0 0.070312 0.181641 0.035156 0.035156
0 0.689453 0.035156 0.035156 0.035156
0 0.843750 0.759766 0.031250 0.031250
0 0.654297 0.960938 0.031250 0.031250
0 0.343750 0.765625 0.027344 0.027344
0 0.367188 0.703125 0.027344 0.027344
0 0.052734 0.636719 0.035156 0.035156
0 0.412109 0.687500 0.023438 0.023438
0 0.138672 0.259766 0.027344 0.027344
0 0.189453 0.906250 0.027344 0.027344
0 0.666016 0.099609 0.031250 0.031250
0 0.855469 0.849609 0.027344 0.027344
0 0.095703 0.511719 0.035156 0.035156
0 0.353516 0.488281 0.031250 0.031250
0 0.023438 0.181641 0.023438 0.023438
0 0.279297 0.847656 0.027344 0.027344
0 0.384766 0.732422 0.031250 0.031250
1 0.867188 0.347656 0.034614 0.026750
1 0.771484 0.427734 0.038144 0.022416
1 0.744141 0.492188 0.022713 0.046783
1 0.662109 0.283203 0.022846 0.049628
1 0.943359 0.755859 0.037893 0.036640
1 0.898438 0.535156 0.012282 0.030037
1 0.062500 0.205078 0.047501 0.024495
1 0.605469 0.925781 0.041181 0.028899
1 0.646484 0.527344 0.027388 0.042236
1 0.912109 0.488281 0.039295 0.014352
1 0.861328 0.716797 0.022839 0.035197
1 0.494141 0.070312 0.024912 0.048253
1 0.261719 0.486328 0.034018 0.023775
1 0.226562 0.179688 0.035803 0.023263
1 0.474609 0.568359 0.011719 0.044922
1 0.296875 0.570312 0.045692 0.039296
1 0.164062 0.148438 0.014279 0.037836
1 0.878906 0.328125 0.014020 0.032305
1 0.185547 0.355469 0.018672 0.051918
1 0.189453 0.748047 0.044385 0.025708