0 0.253906 0.031250 0.023438 0.023438
0 0.587891 0.144531 0.031250 0.031250
0 0.523438 0.140625 0.031250 0.031250
0 0.054688 0.355469 0.027344 0.027344
0 0.576172 0.146484 0.031250 0.031250
0 0.570312 0.974609 0.031250 0.031250
0 0.341797 0.138672 0.035156 0.035156
0 0.781250 0.726562 0.035156 0.035156
0 0.023438 0.837891 0.035156 0.035156
0 0.615234 0.191406 0.027344 0.027344
0 0.443359 0.056641 0.027344 0.027344
0 0.699219 0.857422 0.027344 0.027344
0 0.935547 0.302734 0.023438 0.023438
0 0.501953 0.445312 0.031250 0.031250
0 0.263672 0.263672 0.027344 0.027344
0 0.416016 0.732422 0.035156 0.035156
0 0.414062 0.656250 0.031250 0.031250
0 0.812500 0.306641 0.023438 0.023438
0 0.677734 0.912109 0.027344 0.027344
0 0.087891 0.164062 0.031250 0.031250
0 0.902344 0.533203 0.023438 0.023438
0 0.314453 0.144531 0.027344 0.027344
0 0.730469 0.316406 0.035156 0.035156
0 0.595703 0.277344 0.023438 0.023438
0 0.386719 0.111328 0.027344 0.027344
0 0.158203 0.720703 0.027344 0.027344
0 0.271484 0.859375 0.023438 0.023438
0 0.892578 0.451172 0.023438 0.023438
0 0.822266 0.335938 0.027344 0.027344
0 0.468750 0.103516 0.027344 0.027344
1 0.257812 0.476562 0.052244 0.035801
1 0.273438 0.744141 0.016636 0.043818
1 0.332031 0.197266 0.041065 0.046839
1 0.421875 0.283203 0.053121 0.031392
1 0.546875 0.343750 0.038634 0.032483
1 0.533203 0.351562 0.026347 0.034721
1 0.871094 0.304688 0.033190 0.053884
1 0.927734 0.062500 0.044943 0.022987
1 0.277344 0.923828 0.045553 0.024541
1 0.589844 0.287109 0.039075 0.026961
1 0.060547 0.236328 0.036838 0.040208
1 0.765625 0.228516 0.014738 0.036044
1 0.294922 0.048828 0.022056 0.038914
1 0.744141 0.349609 0.032418 0.036121
1 0.279297 0.945312 0.050978 0.012603
1 0.673828 0.949219 0.037760 0.024534
1 0.566406 0.412109 0.033848 0.048861
1 0.308594 0.955078 0.037749 0.046823
1 0.660156 0.091797 0.030560 0.032727
1 0.566406 0.335938 0.032988 0.026663