0 0.664062 0.689453 0.027344 0.027344
0 0.408203 0.964844 0.035156 0.035156
0 0.958984 0.269531 0.023438 0.023438
0 0.882812 0.224609 0.027344 0.027344
0 0.257812 0.154297 0.031250 0.031250
0 0.888672 0.187500 0.023438 0.023438
0 0.912109 0.740234 0.035156 0.035156
0 0.746094 0.669922 0.023438 0.023438
0 0.761719 0.287109 0.023438 0.023438
0 0.421875 0.550781 0.031250 0.031250
0 0.166016 0.562500 0.031250 0.031250
0 0.451172 0.898438 0.031250 0.031250
0 0.361328 0.160156 0.035156 0.035156
0 0.185547 0.167969 0.035156 0.035156
0 0.429688 0.265625 0.023438 0.023438
0 0.683594 0.875000 0.035156 0.035156
0 0.382812 0.390625 0.035156 0.035156
0 0.080078 0.583984 0.035156 0.035156
0 0.111328 0.878906 0.023438 0.023438
0 0.408203 0.634766 0.027344 0.027344
0 0.324219 0.902344 0.023438 0.023438
0 0.519531 0.097656 0.023438 0.023438
0 0.164062 0.841797 0.035156 0.035156
0 0.435547 0.689453 0.027344 0.027344
0 0.876953 0.238281 0.035156 0.035156
0 0.296875 0.941406 0.023438 0.023438
0 0.763672 0.835938 0.031250 0.031250
0 0.449219 0.138672 0.023438 0.023438
0 0.740234 0.148438 0.027344 0.027344
0 0.593750 0.376953 0.031250 0.031250
1 0.855469 0.101562 0.020499 0.049773
1 0.847656 0.757812 0.046599 0.030761
1 0.722656 0.609375 0.032810 0.016967
1 0.527344 0.906250 0.040438 0.018330
1 0.166016 0.087891 0.036555 0.042950
1 0.226562 0.419922 0.028551 0.029419
1 0.218750 0.568359 0.045014 0.028162
1 0.333984 0.492188 0.030179 0.015682
1 0.488281 0.675781 0.015095 0.041468
1 0.816406 0.763672 0.042028 0.033329
1 0.298828 0.787109 0.015643 0.049654
1 0.906250 0.503906 0.047560 0.036493
1 0.150391 0.783203 0.022009 0.037057
1 0.843750 0.841797 0.023692 0.032066
1 0.562500 0.585938 0.043967 0.016367
1 0.589844 0.400391 0.041753 0.034834
1 0.943359 0.759766 0.038794 0.019766
1 0.744141 0.732422 0.057647 0.018534
1 0.585938 0.392578 0.012467 0.043167
1 0.675781 0.562500 0.036025 0.040738