0 0.494141 0.169922 0.027344 0.027344
0 0.470703 0.933594 0.027344 0.027344
0 0.398438 0.128906 0.023438 0.023438
0 0.062500 0.609375 0.027344 0.027344
0 0.369141 0.779297 0.023438 0.023438
0 0.351562 0.273438 0.035156 0.035156
0 0.158203 0.857422 0.035156 0.035156
0 0.427734 0.779297 0.027344 0.027344
0 0.447266 0.812500 0.027344 0.027344
0 0.980469 0.412109 0.031250 0.031250
0 0.968750 0.060547 0.031250 0.031250
0 0.451172 0.431641 0.023438 0.023438
0 0.148438 0.839844 0.031250 0.031250
0 0.697266 0.751953 0.031250 0.031250
0 0.583984 0.556641 0.035156 0.035156
0 0.390625 0.941406 0.027344 0.027344
0 0.539062 0.158203 0.023438 0.023438
0 0.228516 0.052734 0.031250 0.031250
0 0.361328 0.736328 0.035156 0.035156
0 0.730469 0.861328 0.027344 0.027344
0 0.181641 0.281250 0.031250 0.031250
0 0.033203 0.740234 0.023438 0.023438
0 0.962891 0.562500 0.031250 0.031250
0 0.160156 0.521484 0.031250 0.031250
0 0.777344 0.558594 0.035156 0.035156
0 0.833984 0.941406 0.023438 0.023438
0 0.283203 0.410156 0.035156 0.035156
0 0.707031 0.314453 0.035156 0.035156
0 0.298828 0.326172 0.023438 0.023438
0 0.986328 0.849609 0.023438 0.023438
1 0.681641 0.089844 0.045918 0.033736
1 0.681641 0.189453 0.034914 0.018366
1 0.324219 0.537109 0.053691 0.031963
1 0.658203 0.759766 0.049024 0.031938
1 0.390625 0.021484 0.021406 0.035199
1 0.576172 0.318359 0.038639 0.048126
1 0.410156 0.503906 0.029029 0.039272
1 0.882812 0.142578 0.015534 0.038131
1 0.890625 0.605469 0.013263 0.030269
1 0.064453 0.873047 0.027139 0.052583
1 0.414062 0.494141 0.035419 0.033540
1 0.775391 0.976562 0.045341 0.035399
1 0.716797 0.539062 0.043157 0.023822
1 0.623047 0.673828 0.012501 0.045120
1 0.316406 0.306641 0.040355 0.027129
1 0.667969 0.380859 0.039337 0.030638
1 0.265625 0.669922 0.033478 0.032803
1 0.076172 0.042969 0.033395 0.035564
1 0.464844 0.126953 0.027044 0.032800
1 0.285156 0.398438 0.030370 0.052147