0 0.722656 0.164062 0.031250 0.031250
0 0.449219 0.308594 0.023438 0.023438
0 0.558594 0.748047 0.035156 0.035156
0 0.078125 0.712891 0.031250 0.031250
0 0.224609 0.912109 0.031250 0.031250
0 0.949219 0.603516 0.027344 0.027344
0 0.873047 0.421875 0.023438 0.023438
0 0.343750 0.138672 0.035156 0.035156
0 0.287109 0.570312 0.027344 0.027344
0 0.791016 0.406250 0.023438 0.023438
0 0.222656 0.982422 0.031250 0.031250
0 0.384766 0.246094 0.035156 0.035156
0 0.267578 0.376953 0.023438 0.023438
0 0.525391 0.888672 0.031250 0.031250
0 0.478516 0.917969 0.027344 0.027344
0 0.138672 0.949219 0.035156 0.035156
0 0.804688 0.048828 0.031250 0.031250
0 0.302734 0.544922 0.023438 0.023438
0 0.423828 0.482422 0.031250 0.031250
0 0.529297 0.480469 0.027344 0.027344
0 0.808594 0.724609 0.035156 0.035156
0 0.949219 0.175781 0.035156 0.035156
0 0.451172 0.802734 0.035156 0.035156
0 0.544922 0.289062 0.027344 0.027344
0 0.521484 0.531250 0.035156 0.035156
0 0.121094 0.980469 0.023438 0.023438
0 0.339844 0.912109 0.031250 0.031250
0 0.785156 0.925781 0.023438 0.023438
0 0.982422 0.191406 0.027344 0.027344
0 0.343750 0.714844 0.031250 0.031250
1 0.349609 0.011719 0.040993 0.031673
1 0.423828 0.980469 0.045006 0.053463
1 0.642578 0.615234 0.054602 0.043008
1 0.798828 0.218750 0.015942 0.042016
1 0.787109 0.818359 0.046467 0.047431
1 0.937500 0.865234 0.042596 0.024434
1 0.707031 0.156250 0.020198 0.031484
1 0.292969 0.425781 0.042633 0.048170
1 0.251953 0.625000 0.028055 0.035668
1 0.187500 0.156250 0.027376 0.027858
1 0.535156 0.951172 0.047805 0.021565
1 0.369141 0.244141 0.058209 0.024228
1 0.328125 0.164062 0.037975 0.051184
1 0.263672 0.570312 0.028733 0.029263
1 0.349609 0.607422 0.041615 0.031052
1 0.576172 0.320312 0.015954 0.032577
1 0.630859 0.689453 0.029064 0.056295
1 0.728516 0.837891 0.024470 0.039518
1 0.130859 0.205078 0.057112 0.036328
1 0.587891 0.398438 0.039062 0.011719