0 0.902344 0.818359 0.027344 0.027344
0 0.466797 0.099609 0.027344 0.027344
0 0.933594 0.636719 0.027344 0.027344
0 0.439453 0.435547 0.027344 0.027344
0 0.296875 0.160156 0.031250 0.031250
0 0.527344 0.869141 0.027344 0.027344
0 0.425781 0.376953 0.031250 0.031250
0 0.449219 0.466797 0.023438 0.023438
0 0.162109 0.060547 0.031250 0.031250
0 0.435547 0.589844 0.023438 0.023438
0 0.875000 0.826172 0.027344 0.027344
0 0.564453 0.533203 0.035156 0.035156
0 0.177734 0.496094 0.027344 0.027344
0 0.250000 0.222656 0.031250 0.031250
0 0.527344 0.619141 0.031250 0.031250
0 0.486328 0.646484 0.035156 0.035156
0 0.304688 0.367188 0.035156 0.035156
0 0.871094 0.251953 0.023438 0.023438
0 0.164062 0.853516 0.031250 0.031250
0 0.742188 0.486328 0.027344 0.027344
0 0.361328 0.451172 0.027344 0.027344
0 0.037109 0.410156 0.023438 0.023438
0 0.556641 0.269531 0.035156 0.035156
0 0.628906 0.080078 0.027344 0.027344
0 0.570312 0.558594 0.035156 0.035156
0 0.072266 0.238281 0.031250 0.031250
0 0.076172 0.980469 0.031250 0.031250
0 0.878906 0.576172 0.031250 0.031250
0 0.228516 0.361328 0.031250 0.031250
0 0.125000 0.916016 0.027344 0.027344
1 0.429688 0.261719 0.034076 0.015955
1 0.519531 0.117188 0.026601 0.050705
1 0.183594 0.886719 0.032609 0.048826
1 0.298828 0.746094 0.041102 0.029412
1 0.250000 0.548828 0.039204 0.050272
1 0.896484 0.423828 0.034991 0.036726
1 0.537109 0.134766 0.017981 0.036474
1 0.095703 0.839844 0.010719 0.054850
1 0.812500 0.953125 0.025935 0.034818
1 0.279297 0.384766 0.033746 0.028154
1 0.373047 0.855469 0.038952 0.035341
1 0.404297 0.111328 0.031816 0.024466
1 0.861328 0.677734 0.029521 0.057370
1 0.609375 0.216797 0.025540 0.039547
1 0.390625 0.259766 0.055226 0.014565
1 0.046875 0.527344 0.039918 0.037316
1 0.806641 0.765625 0.041900 0.014691
1 0.394531 0.234375 0.033325 0.044048
1 0.658203 0.892578 0.043115 0.047689
1 0.843750 0.527344 0.026044 0.037350