0 0.281250 0.683594 0.031250 0.031250
0 0.152344 0.425781 0.023438 0.023438
0 0.699219 0.673828 0.035156 0.035156
0 0.705078 0.111328 0.023438 0.023438
0 0.242188 0.716797 0.023438 0.023438
0 0.806641 0.697266 0.031250 0.031250
0 0.343750 0.537109 0.027344 0.027344
0 0.517578 0.779297 0.035156 0.035156
0 0.750000 0.498047 0.027344 0.027344
0 0.511719 0.525391 0.035156 0.035156
0 0.962891 0.371094 0.031250 0.031250
0 0.632812 0.384766 0.027344 0.027344
0 0.615234 0.691406 0.035156 0.035156
0 0.601562 0.367188 0.027344 0.027344
0 0.660156 0.054688 0.035156 0.035156
0 0.535156 0.708984 0.027344 0.027344
0 0.720703 0.343750 0.035156 0.035156
0 0.560547 0.062500 0.031250 0.031250
0 0.955078 0.818359 0.023438 0.023438
0 0.580078 0.894531 0.023438 0.023438
0 0.833984 0.839844 0.031250 0.031250
0 0.542969 0.558594 0.027344 0.027344
0 0.753906 0.583984 0.027344 0.027344
0 0.685547 0.781250 0.035156 0.035156
0 0.285156 0.126953 0.031250 0.031250
0 0.787109 0.085938 0.023438 0.023438
0 0.878906 0.328125 0.031250 0.031250
0 0.443359 0.267578 0.031250 0.031250
0 0.544922 0.175781 0.023438 0.023438
0 0.845703 0.802734 0.027344 0.027344
1 0.326172 0.335938 0.023294 0.032177
1 0.812500 0.710938 0.026977 0.049983
1 0.105469 0.179688 0.040105 0.017024
1 0.367188 0.900391 0.020334 0.050256
1 0.593750 0.789062 0.026063 0.048828
1 0.521484 0.378906 0.036645 0.026402
1 0.750000 0.628906 0.029465 0.038079
1 0.839844 0.669922 0.030745 0.017140
1 0.839844 0.148438 0.032890 0.030291
1 0.701172 0.878906 0.030620 0.053284
1 0.802734 0.777344 0.036024 0.028568
1 0.464844 0.421875 0.025114 0.035907
1 0.296875 0.693359 0.054919 0.032155
1 0.808594 0.013672 0.022716 0.041210
1 0.091797 0.373047 0.039514 0.037779
1 0.091797 0.666016 0.042247 0.017313
1 0.271484 0.535156 0.030377 0.016173
1 0.447266 0.386719 0.041318 0.023909
1 0.287109 0.601562 0.053121 0.031392
1 0.806641 0.894531 0.034856 0.045547