0 0.126953 0.353516 0.023438 0.023438
0 0.199219 0.064453 0.035156 0.035156
0 0.875000 0.798828 0.035156 0.035156
0 0.500000 0.361328 0.035156 0.035156
0 0.330078 0.351562 0.035156 0.035156
0 0.175781 0.617188 0.027344 0.027344
0 0.591797 0.447266 0.023438 0.023438
0 0.318359 0.695312 0.027344 0.027344
0 0.685547 0.060547 0.035156 0.035156
0 0.154297 0.482422 0.023438 0.023438
0 0.453125 0.886719 0.035156 0.035156
0 0.466797 0.759766 0.035156 0.035156
0 0.142578 0.083984 0.031250 0.031250
0 0.134766 0.724609 0.027344 0.027344
0 0.546875 0.976562 0.027344 0.027344
0 0.787109 0.349609 0.031250 0.031250
0 0.179688 0.949219 0.023438 0.023438
0 0.933594 0.060547 0.031250 0.031250
0 0.925781 0.044922 0.031250 0.031250
0 0.830078 0.453125 0.023438 0.023438
0 0.609375 0.914062 0.023438 0.023438
0 0.275391 0.089844 0.027344 0.027344
0 0.080078 0.679688 0.027344 0.027344
0 0.291016 0.095703 0.023438 0.023438
0 0.058594 0.716797 0.027344 0.027344
0 0.787109 0.109375 0.031250 0.031250
0 0.636719 0.517578 0.023438 0.023438
0 0.382812 0.066406 0.023438 0.023438
0 0.962891 0.966797 0.023438 0.023438
0 0.056641 0.224609 0.031250 0.031250
1 0.593750 0.976562 0.018891 0.033149
1 0.083984 0.613281 0.034609 0.018539
1 0.953125 0.253906 0.045494 0.012875
1 0.464844 0.066406 0.016863 0.032508
1 0.615234 0.939453 0.026098 0.030841
1 0.751953 0.328125 0.049107 0.041364
1 0.207031 0.970703 0.035211 0.036561
1 0.507812 0.226562 0.033157 0.018931
1 0.552734 0.847656 0.016772 0.045766
1 0.687500 0.287109 0.035528 0.057305
1 0.136719 0.763672 0.032017 0.027422
1 0.302734 0.251953 0.024980 0.051314
1 0.789062 0.568359 0.045741 0.023169
1 0.636719 0.867188 0.035132 0.033879
1 0.054688 0.771484 0.052521 0.028695
1 0.820312 0.275391 0.045971 0.018892
1 0.912109 0.544922 0.038177 0.036298
1 0.482422 0.886719 0.041625 0.051131
1 0.451172 0.830078 0.022365 0.048622
1 0.507812 0.410156 0.037704 0.026322