0 0.421875 0.042969 0.035156 0.035156
0 0.632812 0.798828 0.027344 0.027344
0 0.980469 0.179688 0.035156 0.035156
0 0.210938 0.128906 0.035156 0.035156
0 0.441406 0.458984 0.027344 0.027344
0 0.554688 0.810547 0.035156 0.035156
0 0.287109 0.708984 0.027344 0.027344
0 0.857422 0.613281 0.031250 0.031250
0 0.472656 0.599609 0.035156 0.035156
0 0.789062 0.607422 0.023438 0.023438
0 0.390625 0.744141 0.035156 0.035156
0 0.632812 0.593750 0.027344 0.027344
0 0.556641 0.148438 0.035156 0.035156
0 0.412109 0.126953 0.023438 0.023438
0 0.958984 0.263672 0.031250 0.031250
0 0.755859 0.462891 0.023438 0.023438
0 0.910156 0.455078 0.035156 0.035156
0 0.457031 0.535156 0.031250 0.031250
0 0.560547 0.406250 0.023438 0.023438
0 0.859375 0.136719 0.035156 0.035156
0 0.824219 0.613281 0.035156 0.035156
0 0.736328 0.718750 0.031250 0.031250
0 0.490234 0.695312 0.023438 0.023438
0 0.822266 0.054688 0.027344 0.027344
0 0.037109 0.585938 0.031250 0.031250
0 0.972656 0.466797 0.031250 0.031250
0 0.753906 0.166016 0.027344 0.027344
0 0.443359 0.654297 0.035156 0.035156
0 0.097656 0.814453 0.031250 0.031250
0 0.861328 0.181641 0.027344 0.027344
1 0.263672 0.927734 0.031840 0.028474
1 0.263672 0.574219 0.032086 0.038410
1 0.167969 0.308594 0.041080 0.038912
1 0.863281 0.214844 0.046206 0.041967
1 0.603516 0.976562 0.043717 0.023873
1 0.605469 0.423828 0.048784 0.041480
1 0.650391 0.912109 0.022716 0.041210
1 0.744141 0.226562 0.039485 0.023924
1 0.136719 0.177734 0.028565 0.034182
1 0.425781 0.671875 0.033190 0.053884
1 0.046875 0.382812 0.039227 0.010446
1 0.537109 0.970703 0.042567 0.050646
1 0.058594 0.968750 0.032900 0.033382
1 0.902344 0.451172 0.020826 0.033629
1 0.519531 0.492188 0.054934 0.037009
1 0.644531 0.740234 0.037024 0.020955
1 0.685547 0.433594 0.054427 0.028493
1 0.167969 0.498047 0.019045 0.046253
1 0.849609 0.613281 0.025571 0.031368
1 0.478516 0.421875 0.045579 0.042688