0 0.646484 0.306641 0.027344 0.027344
0 0.544922 0.050781 0.035156 0.035156
0 0.730469 0.935547 0.027344 0.027344
0 0.767578 0.683594 0.023438 0.023438
0 0.443359 0.267578 0.023438 0.023438
0 0.103516 0.789062 0.031250 0.031250
0 0.957031 0.171875 0.035156 0.035156
0 0.347656 0.582031 0.023438 0.023438
0 0.128906 0.882812 0.035156 0.035156
0 0.292969 0.468750 0.031250 0.031250
0 0.929688 0.931641 0.023438 0.023438
0 0.951172 0.888672 0.023438 0.023438
0 0.621094 0.113281 0.023438 0.023438
0 0.355469 0.414062 0.031250 0.031250
0 0.878906 0.037109 0.031250 0.031250
0 0.531250 0.703125 0.035156 0.035156
0 0.375000 0.443359 0.027344 0.027344
0 0.845703 0.248047 0.035156 0.035156
0 0.384766 0.097656 0.035156 0.035156
0 0.642578 0.679688 0.027344 0.027344
0 0.685547 0.343750 0.027344 0.027344
0 0.675781 0.441406 0.027344 0.027344
0 0.847656 0.587891 0.035156 0.035156
0 0.458984 0.734375 0.027344 0.027344
0 0.500000 0.644531 0.035156 0.035156
0 0.953125 0.080078 0.035156 0.035156
0 0.923828 0.349609 0.035156 0.035156
0 0.060547 0.660156 0.027344 0.027344
0 0.599609 0.898438 0.031250 0.031250
0 0.550781 0.808594 0.031250 0.031250
1 0.658203 0.429688 0.041871 0.043703
1 0.626953 0.935547 0.037486 0.048971
1 0.673828 0.248047 0.051146 0.033380
1 0.576172 0.265625 0.037672 0.013645
1 0.087891 0.218750 0.031712 0.028823
1 0.695312 0.437500 0.051646 0.016738
1 0.714844 0.480469 0.050130 0.019521
1 0.845703 0.515625 0.051917 0.026837
1 0.654297 0.792969 0.026848 0.032591
1 0.480469 0.167969 0.042095 0.029942
1 0.822266 0.054688 0.010446 0.039227
1 0.181641 0.251953 0.033589 0.040070
1 0.839844 0.830078 0.047528 0.046371
1 0.437500 0.226562 0.034696 0.031232
1 0.152344 0.755859 0.036173 0.014563
1 0.066406 0.541016 0.045610 0.039547
1 0.085938 0.609375 0.027866 0.058249
1 0.318359 0.705078 0.016294 0.036374
1 0.712891 0.050781 0.036422 0.047333
1 0.150391 0.121094 0.030887 0.016628