0 0.896484 0.585938 0.027344 0.027344
0 0.677734 0.677734 0.023438 0.023438
0 0.835938 0.648438 0.023438 0.023438
0 0.660156 0.035156 0.023438 0.023438
0 0.212891 0.498047 0.027344 0.027344
0 0.425781 0.878906 0.023438 0.023438
0 0.322266 0.492188 0.035156 0.035156
0 0.478516 0.431641 0.023438 0.023438
0 0.595703 0.556641 0.023438 0.023438
0 0.347656 0.289062 0.031250 0.031250
0 0.976562 0.404297 0.031250 0.031250
0 0.191406 0.960938 0.023438 0.023438
0 0.544922 0.779297 0.027344 0.027344
0 0.826172 0.449219 0.027344 0.027344
0 0.664062 0.609375 0.023438 0.023438
0 0.101562 0.617188 0.031250 0.031250
0 0.960938 0.851562 0.023438 0.023438
0 0.546875 0.205078 0.023438 0.023438
0 0.017578 0.171875 0.023438 0.023438
0 0.900391 0.289062 0.031250 0.031250
0 0.085938 0.900391 0.031250 0.031250
0 0.542969 0.359375 0.031250 0.031250
0 0.841797 0.248047 0.023438 0.023438
0 0.402344 0.462891 0.031250 0.031250
0 0.099609 0.193359 0.031250 0.031250
0 0.296875 0.455078 0.031250 0.031250
0 0.625000 0.078125 0.027344 0.027344
0 0.330078 0.376953 0.031250 0.031250
0 0.671875 0.796875 0.031250 0.031250
0 0.486328 0.869141 0.035156 0.035156
1 0.199219 0.111328 0.041012 0.029916
1 0.671875 0.566406 0.014959 0.037564
1 0.875000 0.644531 0.025478 0.036815
1 0.361328 0.289062 0.016554 0.047843
1 0.279297 0.099609 0.034042 0.013183
1 0.773438 0.806641 0.052177 0.046881
1 0.712891 0.501953 0.051801 0.033852
1 0.669922 0.748047 0.039337 0.030638
1 0.955078 0.720703 0.028720 0.026313
1 0.867188 0.322266 0.043682 0.014688
1 0.658203 0.492188 0.051804 0.035816
1 0.683594 0.501953 0.053788 0.036021
1 0.738281 0.845703 0.038355 0.017863
1 0.292969 0.769531 0.014551 0.041733
1 0.554688 0.701172 0.038670 0.038670
1 0.705078 0.982422 0.046948 0.026884
1 0.703125 0.337891 0.012501 0.045120
1 0.091797 0.224609 0.050742 0.028078
1 0.484375 0.052734 0.054901 0.034416
1 0.957031 0.660156 0.031572 0.010850