0 0.535156 0.152344 0.023438 0.023438
0 0.781250 0.228516 0.023438 0.023438
0 0.373047 0.748047 0.027344 0.027344
0 0.724609 0.148438 0.035156 0.035156
0 0.609375 0.105469 0.027344 0.027344
0 0.183594 0.693359 0.023438 0.023438
0 0.193359 0.599609 0.027344 0.027344
0 0.693359 0.089844 0.035156 0.035156
0 0.337891 0.265625 0.031250 0.031250
0 0.037109 0.982422 0.031250 0.031250
0 0.582031 0.603516 0.031250 0.031250
0 0.462891 0.345703 0.031250 0.031250
0 0.630859 0.546875 0.027344 0.027344
0 0.419922 0.591797 0.031250 0.031250
0 0.300781 0.572266 0.023438 0.023438
0 0.875000 0.703125 0.035156 0.035156
0 0.421875 0.958984 0.027344 0.027344
0 0.898438 0.574219 0.031250 0.031250
0 0.255859 0.759766 0.031250 0.031250
0 0.875000 0.277344 0.031250 0.031250
0 0.921875 0.171875 0.031250 0.031250
0 0.316406 0.345703 0.031250 0.031250
0 0.191406 0.675781 0.027344 0.027344
0 0.931641 0.806641 0.035156 0.035156
0 0.214844 0.113281 0.035156 0.035156
0 0.406250 0.136719 0.031250 0.031250
0 0.207031 0.531250 0.023438 0.023438
0 0.871094 0.869141 0.023438 0.023438
0 0.328125 0.968750 0.027344 0.027344
0 0.046875 0.794922 0.023438 0.023438
1 0.234375 0.017578 0.020225 0.044578
1 0.496094 0.132812 0.022294 0.035685
1 0.921875 0.798828 0.016294 0.036374
1 0.150391 0.345703 0.039519 0.030164
1 0.712891 0.707031 0.026341 0.048136
1 0.343750 0.525391 0.026876 0.043218
1 0.798828 0.669922 0.035906 0.025559
1 0.357422 0.533203 0.020075 0.046333
1 0.482422 0.839844 0.041381 0.044128
1 0.347656 0.845703 0.042524 0.028795
1 0.417969 0.550781 0.053194 0.036123
1 0.232422 0.265625 0.037779 0.039514
1 0.265625 0.019531 0.038508 0.041398
1 0.166016 0.298828 0.052295 0.021447
1 0.843750 0.617188 0.015678 0.034384
1 0.431641 0.619141 0.040992 0.041860
1 0.537109 0.876953 0.022570 0.042657
1 0.253906 0.541016 0.023294 0.032177
1 0.898438 0.945312 0.041369 0.035218
1 0.345703 0.527344 0.041385 0.025645