0 0.572266 0.419922 0.027344 0.027344
0 0.546875 0.367188 0.027344 0.027344
0 0.785156 0.576172 0.027344 0.027344
0 0.375000 0.193359 0.027344 0.027344
0 0.800781 0.660156 0.031250 0.031250
0 0.498047 0.226562 0.035156 0.035156
0 0.701172 0.359375 0.027344 0.027344
0 0.396484 0.615234 0.027344 0.027344
0 0.607422 0.355469 0.035156 0.035156
0 0.414062 0.482422 0.035156 0.035156
0 0.328125 0.697266 0.023438 0.023438
0 0.041016 0.230469 0.027344 0.027344
0 0.654297 0.632812 0.031250 0.031250
0 0.101562 0.220703 0.027344 0.027344
0 0.744141 0.078125 0.023438 0.023438
0 0.615234 0.638672 0.031250 0.031250
0 0.369141 0.146484 0.027344 0.027344
0 0.125000 0.468750 0.031250 0.031250
0 0.951172 0.021484 0.027344 0.027344
0 0.916016 0.361328 0.035156 0.035156
0 0.464844 0.490234 0.027344 0.027344
0 0.712891 0.072266 0.031250 0.031250
0 0.318359 0.441406 0.027344 0.027344
0 0.941406 0.240234 0.031250 0.031250
0 0.449219 0.121094 0.035156 0.035156
0 0.431641 0.210938 0.027344 0.027344
0 0.154297 0.601562 0.035156 0.035156
0 0.136719 0.025391 0.023438 0.023438
0 0.728516 0.142578 0.035156 0.035156
0 0.021484 0.474609 0.031250 0.031250
1 0.707031 0.033203 0.043682 0.038867
1 0.900391 0.375000 0.026403 0.030720
1 0.773438 0.712891 0.018302 0.040258
1 0.132812 0.312500 0.043995 0.047031
1 0.861328 0.437500 0.022234 0.031547
1 0.134766 0.884766 0.053043 0.011600
1 0.445312 0.359375 0.038664 0.018584
1 0.560547 0.009766 0.047175 0.043850
1 0.560547 0.291016 0.033163 0.055827
1 0.392578 0.947266 0.044443 0.025070
1 0.416016 0.324219 0.034086 0.037456
1 0.869141 0.111328 0.035179 0.020914
1 0.708984 0.099609 0.023737 0.035845
1 0.582031 0.792969 0.033805 0.041845
1 0.707031 0.042969 0.032577 0.015954
1 0.871094 0.138672 0.034549 0.016984
1 0.908203 0.275391 0.019756 0.035202
1 0.201172 0.847656 0.036328 0.057112
1 0.220703 0.277344 0.031816 0.024466
1 0.876953 0.013672 0.053968 0.020698