0 0.029297 0.388672 0.023438 0.023438
0 0.332031 0.638672 0.023438 0.023438
0 0.285156 0.740234 0.031250 0.031250
0 0.681641 0.369141 0.031250 0.031250
0 0.703125 0.357422 0.031250 0.031250
0 0.912109 0.812500 0.035156 0.035156
0 0.343750 0.341797 0.035156 0.035156
0 0.357422 0.093750 0.035156 0.035156
0 0.500000 0.603516 0.031250 0.031250
0 0.255859 0.599609 0.023438 0.023438
0 0.269531 0.830078 0.027344 0.027344
0 0.968750 0.652344 0.035156 0.035156
0 0.736328 0.181641 0.035156 0.035156
0 0.484375 0.777344 0.035156 0.035156
0 0.908203 0.378906 0.031250 0.031250
0 0.474609 0.613281 0.023438 0.023438
0 0.566406 0.029297 0.035156 0.035156
0 0.203125 0.734375 0.023438 0.023438
0 0.925781 0.113281 0.023438 0.023438
0 0.468750 0.197266 0.023438 0.023438
0 0.130859 0.955078 0.035156 0.035156
0 0.177734 0.251953 0.023438 0.023438
0 0.144531 0.166016 0.035156 0.035156
0 0.740234 0.800781 0.023438 0.023438
0 0.400391 0.042969 0.023438 0.023438
0 0.365234 0.341797 0.023438 0.023438
0 0.335938 0.869141 0.023438 0.023438
0 0.048828 0.263672 0.027344 0.027344
0 0.484375 0.177734 0.023438 0.023438
0 0.417969 0.341797 0.027344 0.027344
1 0.212891 0.259766 0.037460 0.028576
1 0.919922 0.371094 0.019569 0.036996
1 0.496094 0.878906 0.048579 0.028782
1 0.435547 0.476562 0.054224 0.021753
1 0.882812 0.861328 0.055146 0.036262
1 0.576172 0.628906 0.048836 0.047824
1 0.751953 0.931641 0.033879 0.035132
1 0.210938 0.160156 0.031022 0.026269
1 0.189453 0.750000 0.017863 0.038355
1 0.593750 0.855469 0.016684 0.036214
1 0.914062 0.359375 0.037009 0.054934
1 0.527344 0.058594 0.041625 0.051131
1 0.667969 0.046875 0.038663 0.056429
1 0.289062 0.355469 0.035355 0.012331
1 0.347656 0.640625 0.035192 0.048240
1 0.507812 0.062500 0.050460 0.021943
1 0.089844 0.693359 0.049456 0.024376
1 0.267578 0.798828 0.032849 0.017888
1 0.412109 0.585938 0.046199 0.029982
1 0.908203 0.337891 0.037547 0.046506