0 0.265625 0.748047 0.031250 0.031250
0 0.451172 0.050781 0.023438 0.023438
0 0.765625 0.156250 0.031250 0.031250
0 0.332031 0.380859 0.023438 0.023438
0 0.619141 0.541016 0.027344 0.027344
0 0.220703 0.806641 0.035156 0.035156
0 0.601562 0.533203 0.023438 0.023438
0 0.699219 0.462891 0.023438 0.023438
0 0.548828 0.839844 0.031250 0.031250
0 0.341797 0.833984 0.023438 0.023438
0 0.115234 0.976562 0.023438 0.023438
0 0.912109 0.837891 0.031250 0.031250
0 0.835938 0.253906 0.023438 0.023438
0 0.896484 0.113281 0.031250 0.031250
0 0.494141 0.035156 0.027344 0.027344
0 0.445312 0.242188 0.027344 0.027344
0 0.958984 0.074219 0.031250 0.031250
0 0.632812 0.730469 0.031250 0.031250
0 0.341797 0.542969 0.031250 0.031250
0 0.308594 0.855469 0.031250 0.031250
0 0.447266 0.843750 0.035156 0.035156
0 0.183594 0.500000 0.031250 0.031250
0 0.554688 0.871094 0.035156 0.035156
0 0.322266 0.597656 0.027344 0.027344
0 0.796875 0.800781 0.035156 0.035156
0 0.722656 0.843750 0.023438 0.023438
0 0.677734 0.755859 0.035156 0.035156
0 0.820312 0.085938 0.023438 0.023438
0 0.029297 0.083984 0.027344 0.027344
0 0.925781 0.578125 0.027344 0.027344
1 0.054688 0.550781 0.012330 0.037700
1 0.351562 0.615234 0.051506 0.023385
1 0.667969 0.216797 0.040835 0.046894
1 0.222656 0.654297 0.034734 0.017306
1 0.779297 0.849609 0.032177 0.028137
1 0.273438 0.560547 0.017024 0.040105
1 0.460938 0.234375 0.030039 0.037505
1 0.839844 0.056641 0.031484 0.014215
1 0.865234 0.859375 0.035626 0.025127
1 0.521484 0.097656 0.016106 0.030743
1 0.644531 0.855469 0.038735 0.019178
1 0.501953 0.130859 0.038504 0.050310
1 0.671875 0.376953 0.038623 0.041369
1 0.759766 0.904297 0.049718 0.049718
1 0.099609 0.681641 0.055898 0.024601
1 0.687500 0.193359 0.049896 0.036227
1 0.714844 0.505859 0.018293 0.046105
1 0.320312 0.109375 0.034098 0.014568
1 0.306641 0.414062 0.012262 0.031450
1 0.353516 0.486328 0.030901 0.034745