0 0.669922 0.783203 0.023438 0.023438
0 0.511719 0.310547 0.031250 0.031250
0 0.591797 0.263672 0.031250 0.031250
0 0.419922 0.019531 0.027344 0.027344
0 0.837891 0.351562 0.023438 0.023438
0 0.861328 0.330078 0.023438 0.023438
0 0.419922 0.048828 0.023438 0.023438
0 0.912109 0.601562 0.031250 0.031250
0 0.191406 0.197266 0.027344 0.027344
0 0.574219 0.404297 0.023438 0.023438
0 0.244141 0.851562 0.035156 0.035156
0 0.912109 0.757812 0.031250 0.031250
0 0.886719 0.591797 0.031250 0.031250
0 0.236328 0.505859 0.035156 0.035156
0 0.277344 0.937500 0.027344 0.027344
0 0.373047 0.224609 0.023438 0.023438
0 0.841797 0.253906 0.023438 0.023438
0 0.572266 0.564453 0.031250 0.031250
0 0.914062 0.546875 0.031250 0.031250
0 0.662109 0.824219 0.023438 0.023438
0 0.224609 0.958984 0.027344 0.027344
0 0.728516 0.523438 0.023438 0.023438
0 0.660156 0.054688 0.031250 0.031250
0 0.689453 0.527344 0.035156 0.035156
0 0.312500 0.550781 0.027344 0.027344
0 0.416016 0.210938 0.035156 0.035156
0 0.572266 0.941406 0.027344 0.027344
0 0.478516 0.173828 0.027344 0.027344
0 0.468750 0.490234 0.027344 0.027344
0 0.607422 0.179688 0.031250 0.031250
1 0.871094 0.193359 0.045645 0.053051
1 0.427734 0.345703 0.047840 0.039206
1 0.894531 0.904297 0.053311 0.041251
1 0.875000 0.330078 0.041649 0.034270
1 0.712891 0.681641 0.048806 0.027488
1 0.796875 0.349609 0.050167 0.020820
1 0.667969 0.205078 0.019920 0.042649
1 0.064453 0.974609 0.028576 0.037460
1 0.701172 0.023438 0.040363 0.044937
1 0.837891 0.847656 0.023119 0.048693
1 0.705078 0.859375 0.026234 0.050060
1 0.375000 0.972656 0.030745 0.017140
1 0.835938 0.574219 0.048250 0.020448
1 0.826172 0.500000 0.044718 0.043657
1 0.308594 0.703125 0.040073 0.015738
1 0.269531 0.507812 0.033013 0.025400
1 0.582031 0.564453 0.025027 0.046345
1 0.658203 0.775391 0.013557 0.055235
1 0.203125 0.306641 0.032998 0.035888
1 0.132812 0.853516 0.053119 0.042087