0 0.939453 0.785156 0.023438 0.023438
0 0.814453 0.115234 0.023438 0.023438
0 0.658203 0.757812 0.027344 0.027344
0 0.162109 0.187500 0.027344 0.027344
0 0.052734 0.480469 0.035156 0.035156
0 0.808594 0.943359 0.035156 0.035156
0 0.470703 0.857422 0.031250 0.031250
0 0.564453 0.566406 0.023438 0.023438
0 0.203125 0.425781 0.027344 0.027344
0 0.488281 0.017578 0.027344 0.027344
0 0.058594 0.302734 0.031250 0.031250
0 0.560547 0.687500 0.035156 0.035156
0 0.248047 0.128906 0.031250 0.031250
0 0.929688 0.158203 0.035156 0.035156
0 0.570312 0.402344 0.031250 0.031250
0 0.859375 0.152344 0.023438 0.023438
0 0.716797 0.462891 0.035156 0.035156
0 0.826172 0.419922 0.035156 0.035156
0 0.746094 0.796875 0.023438 0.023438
0 0.841797 0.888672 0.031250 0.031250
0 0.404297 0.072266 0.031250 0.031250
0 0.255859 0.730469 0.035156 0.035156
0 0.480469 0.728516 0.027344 0.027344
0 0.115234 0.380859 0.031250 0.031250
0 0.242188 0.314453 0.023438 0.023438
0 0.675781 0.767578 0.027344 0.027344
0 0.662109 0.205078 0.027344 0.027344
0 0.710938 0.400391 0.035156 0.035156
0 0.306641 0.621094 0.027344 0.027344
0 0.447266 0.035156 0.035156 0.035156
1 0.587891 0.546875 0.018092 0.038499
1 0.666016 0.750000 0.055514 0.017282
1 0.695312 0.863281 0.048826 0.032609
1 0.789062 0.666016 0.035229 0.033783
1 0.654297 0.292969 0.031137 0.051921
1 0.943359 0.240234 0.049712 0.016466
1 0.939453 0.763672 0.027193 0.045010
1 0.613281 0.792969 0.025478 0.036815
1 0.810547 0.017578 0.031392 0.053121
1 0.386719 0.748047 0.036084 0.013977
1 0.533203 0.671875 0.035403 0.029189
1 0.779297 0.916016 0.040265 0.018926
1 0.269531 0.091797 0.028489 0.038513
1 0.705078 0.482422 0.033954 0.028957
1 0.476562 0.765625 0.042397 0.043216
1 0.363281 0.326172 0.017313 0.042247
1 0.363281 0.644531 0.033270 0.048614
1 0.710938 0.453125 0.025604 0.041442
1 0.837891 0.500000 0.045043 0.024327
1 0.291016 0.601562 0.025995 0.035893