0 0.648438 0.634766 0.031250 0.031250
0 0.439453 0.173828 0.023438 0.023438
0 0.908203 0.378906 0.035156 0.035156
0 0.580078 0.656250 0.023438 0.023438
0 0.386719 0.160156 0.031250 0.031250
0 0.523438 0.451172 0.027344 0.027344
0 0.974609 0.113281 0.035156 0.035156
0 0.400391 0.931641 0.035156 0.035156
0 0.115234 0.048828 0.031250 0.031250
0 0.736328 0.052734 0.031250 0.031250
0 0.376953 0.017578 0.023438 0.023438
0 0.580078 0.757812 0.035156 0.035156
0 0.699219 0.574219 0.023438 0.023438
0 0.769531 0.560547 0.035156 0.035156
0 0.771484 0.488281 0.035156 0.035156
0 0.318359 0.822266 0.027344 0.027344
0 0.359375 0.216797 0.023438 0.023438
0 0.017578 0.082031 0.031250 0.031250
0 0.316406 0.740234 0.031250 0.031250
0 0.111328 0.789062 0.031250 0.031250
0 0.234375 0.445312 0.023438 0.023438
0 0.431641 0.042969 0.035156 0.035156
0 0.505859 0.814453 0.027344 0.027344
0 0.757812 0.134766 0.027344 0.027344
0 0.716797 0.621094 0.027344 0.027344
0 0.406250 0.292969 0.031250 0.031250
0 0.396484 0.193359 0.023438 0.023438
0 0.400391 0.806641 0.035156 0.035156
0 0.751953 0.103516 0.031250 0.031250
0 0.777344 0.656250 0.023438 0.023438
1 0.363281 0.564453 0.029475 0.031209
1 0.843750 0.712891 0.030854 0.017463
1 0.650391 0.285156 0.045575 0.045575
1 0.597656 0.271484 0.044840 0.027835
1 0.666016 0.667969 0.010650 0.050944
1 0.371094 0.119141 0.024211 0.035099
1 0.337891 0.574219 0.016004 0.045576
1 0.509766 0.628906 0.034239 0.014292
1 0.626953 0.958984 0.035610 0.021800
1 0.431641 0.292969 0.031933 0.027717
1 0.224609 0.937500 0.015923 0.045844
1 0.599609 0.099609 0.026601 0.050705
1 0.357422 0.542969 0.043070 0.027010
1 0.511719 0.394531 0.025472 0.033490
1 0.552734 0.427734 0.037757 0.044489
1 0.744141 0.691406 0.057793 0.025073
1 0.603516 0.283203 0.045302 0.048482
1 0.660156 0.367188 0.030668 0.030090
1 0.154297 0.671875 0.045967 0.019621
1 0.925781 0.878906 0.029095 0.044459