0 0.335938 0.195312 0.027344 0.027344
0 0.470703 0.341797 0.035156 0.035156
0 0.386719 0.626953 0.023438 0.023438
0 0.375000 0.119141 0.035156 0.035156
0 0.466797 0.507812 0.023438 0.023438
0 0.699219 0.763672 0.031250 0.031250
0 0.943359 0.730469 0.031250 0.031250
0 0.052734 0.953125 0.031250 0.031250
0 0.794922 0.892578 0.023438 0.023438
0 0.910156 0.710938 0.023438 0.023438
0 0.375000 0.953125 0.027344 0.027344
0 0.154297 0.255859 0.035156 0.035156
0 0.017578 0.681641 0.027344 0.027344
0 0.681641 0.925781 0.031250 0.031250
0 0.369141 0.140625 0.031250 0.031250
0 0.029297 0.751953 0.023438 0.023438
0 0.523438 0.289062 0.035156 0.035156
0 0.648438 0.220703 0.023438 0.023438
0 0.486328 0.705078 0.023438 0.023438
0 0.062500 0.183594 0.031250 0.031250
0 0.441406 0.027344 0.023438 0.023438
0 0.287109 0.552734 0.035156 0.035156
0 0.550781 0.130859 0.035156 0.035156
0 0.673828 0.150391 0.023438 0.023438
0 0.259766 0.207031 0.023438 0.023438
0 0.945312 0.921875 0.035156 0.035156
0 0.503906 0.847656 0.031250 0.031250
0 0.490234 0.736328 0.023438 0.023438
0 0.392578 0.576172 0.031250 0.031250
0 0.683594 0.410156 0.031250 0.031250
1 0.115234 0.851562 0.042087 0.053119
1 0.462891 0.419922 0.057777 0.020435
1 0.121094 0.171875 0.038844 0.024239
1 0.462891 0.984375 0.029504 0.046772
1 0.656250 0.769531 0.016209 0.049477
1 0.519531 0.271484 0.033144 0.051952
1 0.396484 0.583984 0.050232 0.035531
1 0.876953 0.636719 0.034112 0.032088
1 0.744141 0.476562 0.041920 0.034245
1 0.259766 0.654297 0.036024 0.028568
1 0.570312 0.972656 0.013557 0.055235
1 0.269531 0.308594 0.039272 0.029029
1 0.587891 0.386719 0.022465 0.032152
1 0.720703 0.912109 0.032837 0.048124
1 0.302734 0.181641 0.028823 0.031712
1 0.833984 0.806641 0.048289 0.024185
1 0.406250 0.646484 0.034301 0.045739
1 0.060547 0.914062 0.039587 0.040503
1 0.324219 0.470703 0.053736 0.033939
1 0.789062 0.095703 0.044153 0.038094