0 0.482422 0.531250 0.023438 0.023438
0 0.894531 0.582031 0.023438 0.023438
0 0.101562 0.365234 0.023438 0.023438
0 0.677734 0.187500 0.035156 0.035156
0 0.490234 0.705078 0.035156 0.035156
0 0.103516 0.531250 0.023438 0.023438
0 0.257812 0.105469 0.035156 0.035156
0 0.292969 0.736328 0.023438 0.023438
0 0.818359 0.658203 0.023438 0.023438
0 0.566406 0.476562 0.031250 0.031250
0 0.556641 0.330078 0.023438 0.023438
0 0.921875 0.240234 0.031250 0.031250
0 0.535156 0.142578 0.027344 0.027344
0 0.195312 0.626953 0.035156 0.035156
0 0.945312 0.289062 0.027344 0.027344
0 0.316406 0.287109 0.023438 0.023438
0 0.935547 0.705078 0.031250 0.031250
0 0.814453 0.546875 0.027344 0.027344
0 0.890625 0.154297 0.035156 0.035156
0 0.609375 0.773438 0.031250 0.031250
0 0.380859 0.373047 0.035156 0.035156
0 0.556641 0.232422 0.031250 0.031250
0 0.939453 0.880859 0.035156 0.035156
0 0.738281 0.863281 0.031250 0.031250
0 0.750000 0.023438 0.027344 0.027344
0 0.865234 0.171875 0.035156 0.035156
0 0.824219 0.267578 0.035156 0.035156
0 0.861328 0.900391 0.035156 0.035156
0 0.462891 0.027344 0.031250 0.031250
0 0.705078 0.685547 0.027344 0.027344
1 0.531250 0.457031 0.034074 0.023963
1 0.300781 0.027344 0.040117 0.037034
1 0.078125 0.896484 0.033720 0.044631
1 0.730469 0.037109 0.029305 0.031231
1 0.130859 0.191406 0.055397 0.029716
1 0.341797 0.599609 0.033650 0.052535
1 0.666016 0.160156 0.037118 0.056902
1 0.154297 0.369141 0.031367 0.019011
1 0.111328 0.265625 0.038450 0.035946
1 0.382812 0.068359 0.042498 0.019330
1 0.794922 0.949219 0.037893 0.036640
1 0.824219 0.330078 0.030577 0.034898
1 0.666016 0.529297 0.031718 0.011388
1 0.083984 0.640625 0.034108 0.024795
1 0.687500 0.345703 0.048060 0.051240
1 0.195312 0.851562 0.046890 0.032354
1 0.251953 0.277344 0.032177 0.023294
1 0.169922 0.601562 0.014398 0.032152
1 0.208984 0.417969 0.050035 0.039124
1 0.250000 0.261719 0.022282 0.052384