0 0.888672 0.054688 0.035156 0.035156
0 0.832031 0.564453 0.035156 0.035156
0 0.226562 0.273438 0.027344 0.027344
0 0.037109 0.250000 0.023438 0.023438
0 0.662109 0.939453 0.027344 0.027344
0 0.269531 0.388672 0.023438 0.023438
0 0.566406 0.853516 0.027344 0.027344
0 0.646484 0.500000 0.023438 0.023438
0 0.255859 0.865234 0.027344 0.027344
0 0.257812 0.917969 0.023438 0.023438
0 0.330078 0.859375 0.027344 0.027344
0 0.697266 0.175781 0.035156 0.035156
0 0.625000 0.724609 0.023438 0.023438
0 0.576172 0.076172 0.035156 0.035156
0 0.583984 0.935547 0.035156 0.035156
0 0.658203 0.246094 0.023438 0.023438
0 0.714844 0.923828 0.027344 0.027344
0 0.572266 0.775391 0.027344 0.027344
0 0.826172 0.652344 0.031250 0.031250
0 0.253906 0.500000 0.027344 0.027344
0 0.382812 0.335938 0.027344 0.027344
0 0.324219 0.929688 0.027344 0.027344
0 0.279297 0.818359 0.035156 0.035156
0 0.871094 0.130859 0.031250 0.031250
0 0.714844 0.416016 0.027344 0.027344
0 0.345703 0.833984 0.023438 0.023438
0 0.660156 0.306641 0.035156 0.035156
0 0.205078 0.152344 0.035156 0.035156
0 0.435547 0.291016 0.035156 0.035156
0 0.111328 0.535156 0.027344 0.027344
1 0.888672 0.970703 0.019702 0.044415
1 0.509766 0.140625 0.029975 0.027809
1 0.046875 0.339844 0.019464 0.031499
1 0.824219 0.208984 0.009766 0.033203
1 0.529297 0.683594 0.021328 0.057433
1 0.652344 0.519531 0.027108 0.033960
1 0.152344 0.175781 0.035912 0.051256
1 0.587891 0.658203 0.035476 0.010987
1 0.175781 0.912109 0.033693 0.049880
1 0.564453 0.525391 0.034246 0.015125
1 0.107422 0.478516 0.032591 0.026848
1 0.234375 0.316406 0.029374 0.044895
1 0.667969 0.611328 0.043663 0.035453
1 0.871094 0.824219 0.032713 0.017521
1 0.238281 0.699219 0.037044 0.023036
1 0.130859 0.699219 0.053383 0.023923
1 0.619141 0.562500 0.019913 0.035105
1 0.429688 0.726562 0.043850 0.047175
1 0.535156 0.025391 0.019704 0.049792
1 0.105469 0.013672 0.016350 0.045901