0 0.763672 0.035156 0.035156 0.035156
0 0.251953 0.708984 0.023438 0.023438
0 0.617188 0.761719 0.031250 0.031250
0 0.283203 0.882812 0.023438 0.023438
0 0.943359 0.865234 0.035156 0.035156
0 0.492188 0.712891 0.027344 0.027344
0 0.416016 0.652344 0.023438 0.023438
0 0.599609 0.556641 0.027344 0.027344
0 0.214844 0.787109 0.035156 0.035156
0 0.480469 0.476562 0.023438 0.023438
0 0.837891 0.251953 0.023438 0.023438
0 0.660156 0.412109 0.031250 0.031250
0 0.398438 0.478516 0.023438 0.023438
0 0.712891 0.957031 0.027344 0.027344
0 0.962891 0.859375 0.027344 0.027344
0 0.292969 0.578125 0.027344 0.027344
0 0.503906 0.800781 0.023438 0.023438
0 0.281250 0.486328 0.027344 0.027344
0 0.503906 0.779297 0.023438 0.023438
0 0.511719 0.296875 0.031250 0.031250
0 0.146484 0.484375 0.023438 0.023438
0 0.537109 0.392578 0.027344 0.027344
0 0.158203 0.494141 0.031250 0.031250
0 0.187500 0.662109 0.035156 0.035156
0 0.556641 0.406250 0.023438 0.023438
0 0.927734 0.042969 0.031250 0.031250
0 0.533203 0.222656 0.027344 0.027344
0 0.435547 0.671875 0.023438 0.023438
0 0.822266 0.187500 0.023438 0.023438
0 0.763672 0.765625 0.035156 0.035156
1 0.435547 0.113281 0.047224 0.040304
1 0.333984 0.757812 0.020501 0.039036
1 0.847656 0.453125 0.054688 0.013672
1 0.396484 0.042969 0.038060 0.048397
1 0.183594 0.121094 0.046467 0.047431
1 0.162109 0.445312 0.036867 0.048895
1 0.662109 0.265625 0.035906 0.025559
1 0.626953 0.042969 0.027814 0.033828
1 0.621094 0.544922 0.017616 0.030915
1 0.763672 0.062500 0.040355 0.027129
1 0.347656 0.958984 0.043606 0.029949
1 0.171875 0.500000 0.057351 0.015633
1 0.509766 0.894531 0.021150 0.056058
1 0.205078 0.787109 0.049373 0.030566
1 0.390625 0.919922 0.020955 0.037024
1 0.244141 0.554688 0.014454 0.045154
1 0.447266 0.539062 0.015955 0.034076
1 0.712891 0.259766 0.025066 0.043221
1 0.351562 0.398438 0.049919 0.039847
1 0.246094 0.640625 0.011719 0.039062