0 0.626953 0.837891 0.027344 0.027344
0 0.945312 0.810547 0.023438 0.023438
0 0.974609 0.173828 0.031250 0.031250
0 0.156250 0.910156 0.027344 0.027344
0 0.937500 0.429688 0.035156 0.035156
0 0.093750 0.185547 0.027344 0.027344
0 0.246094 0.751953 0.031250 0.031250
0 0.548828 0.148438 0.027344 0.027344
0 0.841797 0.736328 0.035156 0.035156
0 0.878906 0.984375 0.023438 0.023438
0 0.949219 0.431641 0.031250 0.031250
0 0.628906 0.750000 0.023438 0.023438
0 0.855469 0.462891 0.035156 0.035156
0 0.234375 0.660156 0.027344 0.027344
0 0.685547 0.378906 0.035156 0.035156
0 0.539062 0.148438 0.023438 0.023438
0 0.568359 0.742188 0.023438 0.023438
0 0.382812 0.888672 0.027344 0.027344
0 0.554688 0.445312 0.035156 0.035156
0 0.027344 0.314453 0.035156 0.035156
0 0.531250 0.353516 0.031250 0.031250
0 0.839844 0.380859 0.023438 0.023438
0 0.937500 0.716797 0.035156 0.035156
0 0.701172 0.240234 0.031250 0.031250
0 0.222656 0.828125 0.031250 0.031250
0 0.871094 0.214844 0.027344 0.027344
0 0.927734 0.320312 0.027344 0.027344
0 0.064453 0.041016 0.027344 0.027344
0 0.193359 0.906250 0.031250 0.031250
0 0.505859 0.896484 0.027344 0.027344
1 0.320312 0.333984 0.036848 0.049275
1 0.785156 0.638672 0.022294 0.035685
1 0.912109 0.970703 0.030841 0.026098
1 0.603516 0.033203 0.049390 0.013148
1 0.576172 0.339844 0.054595 0.035214
1 0.593750 0.304688 0.055372 0.015505
1 0.369141 0.492188 0.040125 0.028175
1 0.451172 0.044922 0.032427 0.052086
1 0.892578 0.853516 0.022234 0.031547
1 0.939453 0.365234 0.057176 0.014667
1 0.324219 0.009766 0.050799 0.038677
1 0.523438 0.353516 0.030566 0.049373
1 0.416016 0.638672 0.026349 0.052589
1 0.927734 0.017578 0.038879 0.023704
1 0.923828 0.945312 0.042532 0.040219
1 0.419922 0.734375 0.026800 0.038491
1 0.935547 0.316406 0.033800 0.032451
1 0.642578 0.636719 0.014665 0.057276
1 0.802734 0.029297 0.038878 0.020924
1 0.435547 0.111328 0.013591 0.037927