0 0.365234 0.730469 0.023438 0.023438
0 0.091797 0.177734 0.023438 0.023438
0 0.519531 0.937500 0.023438 0.023438
0 0.708984 0.871094 0.035156 0.035156
0 0.621094 0.146484 0.027344 0.027344
0 0.505859 0.292969 0.023438 0.023438
0 0.261719 0.953125 0.035156 0.035156
0 0.431641 0.289062 0.035156 0.035156
0 0.847656 0.701172 0.031250 0.031250
0 0.167969 0.320312 0.023438 0.023438
0 0.148438 0.316406 0.031250 0.031250
0 0.550781 0.880859 0.027344 0.027344
0 0.445312 0.052734 0.023438 0.023438
0 0.066406 0.810547 0.023438 0.023438
0 0.166016 0.615234 0.023438 0.023438
0 0.218750 0.339844 0.031250 0.031250
0 0.210938 0.214844 0.023438 0.023438
0 0.787109 0.378906 0.023438 0.023438
0 0.830078 0.986328 0.023438 0.023438
0 0.636719 0.341797 0.027344 0.027344
0 0.888672 0.158203 0.023438 0.023438
0 0.541016 0.585938 0.023438 0.023438
0 0.294922 0.751953 0.035156 0.035156
0 0.337891 0.027344 0.031250 0.031250
0 0.355469 0.941406 0.027344 0.027344
0 0.277344 0.021484 0.027344 0.027344
0 0.242188 0.353516 0.027344 0.027344
0 0.773438 0.019531 0.031250 0.031250
0 0.611328 0.089844 0.031250 0.031250
0 0.056641 0.605469 0.031250 0.031250
1 0.902344 0.179688 0.045873 0.021769
1 0.070312 0.123047 0.030920 0.029764
1 0.541016 0.318359 0.019824 0.053918
1 0.433594 0.871094 0.038918 0.052588
1 0.287109 0.419922 0.034107 0.050857
1 0.099609 0.595703 0.047971 0.039329
1 0.951172 0.205078 0.038486 0.017380
1 0.839844 0.041016 0.022998 0.033345
1 0.138672 0.443359 0.019870 0.033410
1 0.859375 0.435547 0.049024 0.031938
1 0.847656 0.566406 0.046407 0.021524
1 0.744141 0.914062 0.033746 0.028154
1 0.906250 0.148438 0.049552 0.040711
1 0.435547 0.919922 0.044815 0.029967
1 0.558594 0.384766 0.037678 0.026789
1 0.832031 0.263672 0.039539 0.051966
1 0.392578 0.814453 0.053434 0.032751
1 0.183594 0.337891 0.049107 0.041364
1 0.351562 0.652344 0.048050 0.018128
1 0.515625 0.080078 0.043263 0.031081