0 0.634766 0.970703 0.027344 0.027344
0 0.591797 0.439453 0.023438 0.023438
0 0.863281 0.205078 0.027344 0.027344
0 0.533203 0.890625 0.031250 0.031250
0 0.056641 0.460938 0.027344 0.027344
0 0.382812 0.296875 0.023438 0.023438
0 0.548828 0.482422 0.027344 0.027344
0 0.882812 0.398438 0.027344 0.027344
0 0.951172 0.058594 0.027344 0.027344
0 0.507812 0.111328 0.027344 0.027344
0 0.748047 0.250000 0.027344 0.027344
0 0.724609 0.957031 0.027344 0.027344
0 0.804688 0.244141 0.023438 0.023438
0 0.800781 0.769531 0.035156 0.035156
0 0.960938 0.179688 0.035156 0.035156
0 0.308594 0.904297 0.031250 0.031250
0 0.197266 0.160156 0.023438 0.023438
0 0.103516 0.689453 0.023438 0.023438
0 0.421875 0.330078 0.031250 0.031250
0 0.810547 0.207031 0.027344 0.027344
0 0.839844 0.339844 0.023438 0.023438
0 0.386719 0.669922 0.027344 0.027344
0 0.556641 0.931641 0.027344 0.027344
0 0.880859 0.683594 0.035156 0.035156
0 0.669922 0.785156 0.031250 0.031250
0 0.683594 0.734375 0.035156 0.035156
0 0.800781 0.537109 0.035156 0.035156
0 0.882812 0.460938 0.031250 0.031250
0 0.386719 0.841797 0.023438 0.023438
0 0.939453 0.197266 0.031250 0.031250
1 0.847656 0.898438 0.036189 0.015329
1 0.304688 0.628906 0.043717 0.023873
1 0.630859 0.953125 0.038490 0.032441
1 0.927734 0.347656 0.033920 0.028644
1 0.238281 0.111328 0.036199 0.049564
1 0.541016 0.802734 0.025482 0.032311
1 0.529297 0.875000 0.043200 0.039348
1 0.099609 0.259766 0.032175 0.042867
1 0.496094 0.189453 0.040909 0.030410
1 0.533203 0.111328 0.018944 0.032738
1 0.050781 0.599609 0.050167 0.020820
1 0.246094 0.583984 0.053119 0.042087
1 0.925781 0.109375 0.018400 0.049984
1 0.531250 0.234375 0.029949 0.043606
1 0.328125 0.763672 0.029374 0.035699
1 0.521484 0.242188 0.046412 0.023647
1 0.931641 0.699219 0.041137 0.022109
1 0.869141 0.230469 0.030272 0.056175
1 0.894531 0.564453 0.011327 0.045235
1 0.423828 0.917969 0.041210 0.022716