0 0.486328 0.425781 0.035156 0.035156
0 0.689453 0.173828 0.027344 0.027344
0 0.566406 0.529297 0.023438 0.023438
0 0.832031 0.845703 0.035156 0.035156
0 0.164062 0.322266 0.023438 0.023438
0 0.492188 0.640625 0.035156 0.035156
0 0.130859 0.636719 0.031250 0.031250
0 0.898438 0.732422 0.027344 0.027344
0 0.347656 0.083984 0.035156 0.035156
0 0.931641 0.955078 0.023438 0.023438
0 0.597656 0.394531 0.023438 0.023438
0 0.509766 0.039062 0.035156 0.035156
0 0.189453 0.693359 0.035156 0.035156
0 0.611328 0.281250 0.027344 0.027344
0 0.380859 0.923828 0.027344 0.027344
0 0.537109 0.617188 0.023438 0.023438
0 0.138672 0.314453 0.027344 0.027344
0 0.066406 0.673828 0.035156 0.035156
0 0.150391 0.300781 0.027344 0.027344
0 0.781250 0.193359 0.023438 0.023438
0 0.369141 0.576172 0.031250 0.031250
0 0.712891 0.636719 0.035156 0.035156
0 0.148438 0.783203 0.035156 0.035156
0 0.566406 0.710938 0.031250 0.031250
0 0.214844 0.056641 0.027344 0.027344
0 0.302734 0.027344 0.035156 0.035156
0 0.777344 0.248047 0.023438 0.023438
0 0.787109 0.027344 0.035156 0.035156
0 0.080078 0.076172 0.027344 0.027344
0 0.496094 0.447266 0.027344 0.027344
1 0.437500 0.632812 0.031708 0.014754
1 0.734375 0.109375 0.039390 0.025901
1 0.417969 0.894531 0.018556 0.057617
1 0.888672 0.093750 0.021951 0.040114
1 0.273438 0.890625 0.016659 0.030565
1 0.457031 0.242188 0.039227 0.010446
1 0.482422 0.873047 0.045235 0.011327
1 0.457031 0.107422 0.029870 0.013236
1 0.138672 0.289062 0.036474 0.017981
1 0.615234 0.626953 0.010344 0.033369
1 0.900391 0.861328 0.057015 0.013688
1 0.625000 0.324219 0.016358 0.055470
1 0.933594 0.078125 0.053691 0.031963
1 0.212891 0.167969 0.051608 0.029139
1 0.279297 0.791016 0.038291 0.016667
1 0.384766 0.509766 0.046333 0.020075
1 0.787109 0.953125 0.032810 0.016967
1 0.208984 0.925781 0.034382 0.052307
1 0.443359 0.669922 0.033920 0.028644
1 0.914062 0.048828 0.044527 0.021766