0 0.453125 0.361328 0.031250 0.031250
0 0.970703 0.925781 0.031250 0.031250
0 0.189453 0.380859 0.027344 0.027344
0 0.259766 0.347656 0.023438 0.023438
0 0.808594 0.109375 0.027344 0.027344
0 0.892578 0.603516 0.035156 0.035156
0 0.566406 0.980469 0.035156 0.035156
0 0.382812 0.136719 0.023438 0.023438
0 0.732422 0.474609 0.035156 0.035156
0 0.240234 0.792969 0.023438 0.023438
0 0.501953 0.544922 0.027344 0.027344
0 0.673828 0.197266 0.031250 0.031250
0 0.166016 0.382812 0.027344 0.027344
0 0.703125 0.478516 0.027344 0.027344
0 0.744141 0.939453 0.031250 0.031250
0 0.550781 0.449219 0.027344 0.027344
0 0.515625 0.898438 0.031250 0.031250
0 0.841797 0.437500 0.035156 0.035156
0 0.851562 0.593750 0.035156 0.035156
0 0.531250 0.064453 0.035156 0.035156
0 0.263672 0.562500 0.031250 0.031250
0 0.056641 0.173828 0.035156 0.035156
0 0.949219 0.398438 0.035156 0.035156
0 0.595703 0.984375 0.027344 0.027344
0 0.103516 0.953125 0.023438 0.023438
0 0.449219 0.919922 0.035156 0.035156
0 0.041016 0.796875 0.023438 0.023438
0 0.035156 0.710938 0.031250 0.031250
0 0.841797 0.679688 0.035156 0.035156
0 0.496094 0.404297 0.023438 0.023438
1 0.246094 0.404297 0.035582 0.038712
1 0.539062 0.636719 0.041237 0.044272
1 0.681641 0.896484 0.049154 0.044530
1 0.898438 0.033203 0.047295 0.043634
1 0.556641 0.240234 0.041383 0.026208
1 0.902344 0.058594 0.037547 0.046506
1 0.583984 0.384766 0.034787 0.034256
1 0.087891 0.054688 0.035218 0.041369
1 0.828125 0.099609 0.036838 0.040208
1 0.373047 0.296875 0.035269 0.054047
1 0.457031 0.232422 0.026861 0.028306
1 0.687500 0.300781 0.030572 0.030186
1 0.111328 0.906250 0.020836 0.048437
1 0.787109 0.636719 0.029725 0.042951
1 0.814453 0.851562 0.033218 0.019408
1 0.814453 0.044922 0.038513 0.028489
1 0.109375 0.683594 0.044353 0.053859
1 0.816406 0.660156 0.035668 0.028055
1 0.072266 0.017578 0.032304 0.014921
1 0.052734 0.181641 0.025059 0.033638