0 0.187500 0.425781 0.027344 0.027344
0 0.572266 0.974609 0.035156 0.035156
0 0.162109 0.353516 0.023438 0.023438
0 0.142578 0.763672 0.035156 0.035156
0 0.310547 0.636719 0.023438 0.023438
0 0.353516 0.492188 0.031250 0.031250
0 0.121094 0.384766 0.027344 0.027344
0 0.455078 0.724609 0.031250 0.031250
0 0.144531 0.445312 0.035156 0.035156
0 0.908203 0.927734 0.031250 0.031250
0 0.191406 0.248047 0.023438 0.023438
0 0.468750 0.933594 0.035156 0.035156
0 0.382812 0.617188 0.027344 0.027344
0 0.271484 0.416016 0.031250 0.031250
0 0.974609 0.142578 0.027344 0.027344
0 0.927734 0.941406 0.027344 0.027344
0 0.603516 0.306641 0.023438 0.023438
0 0.832031 0.208984 0.035156 0.035156
0 0.050781 0.236328 0.023438 0.023438
0 0.679688 0.441406 0.035156 0.035156
0 0.941406 0.880859 0.031250 0.031250
0 0.898438 0.828125 0.023438 0.023438
0 0.773438 0.929688 0.023438 0.023438
0 0.777344 0.626953 0.035156 0.035156
0 0.025391 0.597656 0.027344 0.027344
0 0.052734 0.519531 0.027344 0.027344
0 0.015625 0.662109 0.027344 0.027344
0 0.357422 0.925781 0.035156 0.035156
0 0.488281 0.800781 0.035156 0.035156
0 0.980469 0.738281 0.031250 0.031250
1 0.814453 0.263672 0.029768 0.011286
1 0.910156 0.080078 0.048124 0.032837
1 0.828125 0.386719 0.029442 0.025121
1 0.244141 0.976562 0.047478 0.051717
1 0.390625 0.121094 0.032590 0.036201
1 0.744141 0.689453 0.013672 0.039062
1 0.457031 0.525391 0.016227 0.037973
1 0.630859 0.220703 0.036177 0.022726
1 0.455078 0.449219 0.053423 0.015369
1 0.378906 0.289062 0.016456 0.034508
1 0.623047 0.496094 0.046013 0.042160
1 0.683594 0.513672 0.052751 0.037524
1 0.035156 0.011719 0.033901 0.024210
1 0.144531 0.191406 0.046048 0.038745
1 0.062500 0.908203 0.050168 0.032350
1 0.750000 0.736328 0.043754 0.014204
1 0.771484 0.109375 0.033094 0.025018
1 0.412109 0.179688 0.032731 0.018001
1 0.490234 0.044922 0.028549 0.056565
1 0.623047 0.257812 0.037599 0.030405