0 0.722656 0.492188 0.035156 0.035156
0 0.046875 0.455078 0.027344 0.027344
0 0.646484 0.949219 0.023438 0.023438
0 0.498047 0.982422 0.027344 0.027344
0 0.248047 0.714844 0.027344 0.027344
0 0.695312 0.197266 0.031250 0.031250
0 0.937500 0.298828 0.023438 0.023438
0 0.128906 0.837891 0.027344 0.027344
0 0.636719 0.476562 0.027344 0.027344
0 0.941406 0.812500 0.023438 0.023438
0 0.480469 0.144531 0.023438 0.023438
0 0.333984 0.412109 0.035156 0.035156
0 0.767578 0.593750 0.027344 0.027344
0 0.943359 0.041016 0.035156 0.035156
0 0.681641 0.828125 0.031250 0.031250
0 0.476562 0.093750 0.027344 0.027344
0 0.564453 0.970703 0.035156 0.035156
0 0.333984 0.412109 0.023438 0.023438
0 0.681641 0.267578 0.035156 0.035156
0 0.347656 0.490234 0.035156 0.035156
0 0.244141 0.195312 0.023438 0.023438
0 0.177734 0.326172 0.031250 0.031250
0 0.275391 0.830078 0.027344 0.027344
0 0.570312 0.789062 0.023438 0.023438
0 0.142578 0.869141 0.027344 0.027344
0 0.876953 0.679688 0.023438 0.023438
0 0.847656 0.867188 0.023438 0.023438
0 0.914062 0.742188 0.035156 0.035156
0 0.667969 0.802734 0.027344 0.027344
0 0.816406 0.900391 0.031250 0.031250
1 0.123047 0.503906 0.045000 0.023661
1 0.322266 0.671875 0.026054 0.051989
1 0.955078 0.015625 0.038093 0.041704
1 0.328125 0.857422 0.057647 0.018534
1 0.564453 0.720703 0.035816 0.051804
1 0.697266 0.306641 0.032170 0.027849
1 0.921875 0.152344 0.033231 0.042419
1 0.261719 0.240234 0.051339 0.013284
1 0.681641 0.212891 0.046560 0.044535
1 0.082031 0.429688 0.040070 0.033589
1 0.156250 0.808594 0.028661 0.046610
1 0.369141 0.273438 0.042651 0.021935
1 0.939453 0.425781 0.013645 0.037672
1 0.941406 0.099609 0.044492 0.031689
1 0.250000 0.685547 0.058215 0.028755
1 0.091797 0.548828 0.013557 0.055235
1 0.742188 0.595703 0.041615 0.031052
1 0.164062 0.333984 0.032451 0.033800
1 0.720703 0.039062 0.030384 0.057233
1 0.496094 0.562500 0.040750 0.023798