0 0.875000 0.632812 0.027344 0.027344
0 0.072266 0.638672 0.035156 0.035156
0 0.066406 0.105469 0.035156 0.035156
0 0.937500 0.515625 0.031250 0.031250
0 0.708984 0.652344 0.023438 0.023438
0 0.628906 0.220703 0.035156 0.035156
0 0.185547 0.146484 0.031250 0.031250
0 0.595703 0.201172 0.035156 0.035156
0 0.720703 0.388672 0.035156 0.035156
0 0.523438 0.658203 0.035156 0.035156
0 0.968750 0.853516 0.031250 0.031250
0 0.851562 0.199219 0.027344 0.027344
0 0.730469 0.378906 0.031250 0.031250
0 0.626953 0.767578 0.027344 0.027344
0 0.390625 0.824219 0.031250 0.031250
0 0.964844 0.396484 0.035156 0.035156
0 0.433594 0.859375 0.031250 0.031250
0 0.707031 0.580078 0.027344 0.027344
0 0.113281 0.056641 0.031250 0.031250
0 0.029297 0.183594 0.023438 0.023438
0 0.453125 0.923828 0.035156 0.035156
0 0.525391 0.226562 0.023438 0.023438
0 0.841797 0.796875 0.035156 0.035156
0 0.060547 0.111328 0.023438 0.023438
0 0.376953 0.880859 0.027344 0.027344
0 0.265625 0.226562 0.031250 0.031250
0 0.876953 0.548828 0.031250 0.031250
0 0.527344 0.724609 0.023438 0.023438
0 0.294922 0.660156 0.031250 0.031250
0 0.255859 0.978516 0.027344 0.027344
1 0.275391 0.591797 0.013672 0.029297
1 0.527344 0.230469 0.017040 0.040208
1 0.421875 0.390625 0.028137 0.032177
1 0.568359 0.421875 0.046705 0.021992
1 0.369141 0.115234 0.043115 0.047689
1 0.287109 0.466797 0.047268 0.031081
1 0.451172 0.755859 0.011259 0.043283
1 0.785156 0.472656 0.051611 0.017181
1 0.892578 0.861328 0.032789 0.044210
1 0.757812 0.031250 0.048337 0.048337
1 0.693359 0.933594 0.030820 0.032554
1 0.412109 0.328125 0.050703 0.025844
1 0.060547 0.865234 0.037585 0.049180
1 0.498047 0.972656 0.053736 0.033939
1 0.884766 0.603516 0.039622 0.013747
1 0.890625 0.205078 0.034414 0.031716
1 0.810547 0.851562 0.010753 0.056802
1 0.257812 0.462891 0.032751 0.053434
1 0.613281 0.933594 0.028715 0.054555
1 0.789062 0.187500 0.041016 0.009766