0 0.535156 0.625000 0.031250 0.031250
0 0.875000 0.279297 0.035156 0.035156
0 0.722656 0.064453 0.031250 0.031250
0 0.480469 0.523438 0.035156 0.035156
0 0.759766 0.732422 0.023438 0.023438
0 0.189453 0.886719 0.027344 0.027344
0 0.267578 0.216797 0.027344 0.027344
0 0.841797 0.636719 0.031250 0.031250
0 0.757812 0.589844 0.035156 0.035156
0 0.941406 0.951172 0.031250 0.031250
0 0.271484 0.640625 0.031250 0.031250
0 0.322266 0.580078 0.027344 0.027344
0 0.443359 0.300781 0.027344 0.027344
0 0.396484 0.673828 0.027344 0.027344
0 0.857422 0.068359 0.035156 0.035156
0 0.113281 0.111328 0.035156 0.035156
0 0.550781 0.175781 0.023438 0.023438
0 0.773438 0.513672 0.027344 0.027344
0 0.976562 0.408203 0.031250 0.031250
0 0.148438 0.662109 0.027344 0.027344
0 0.800781 0.617188 0.035156 0.035156
0 0.492188 0.273438 0.023438 0.023438
0 0.855469 0.763672 0.031250 0.031250
0 0.853516 0.947266 0.035156 0.035156
0 0.285156 0.265625 0.027344 0.027344
0 0.160156 0.837891 0.027344 0.027344
0 0.882812 0.046875 0.035156 0.035156
0 0.708984 0.777344 0.023438 0.023438
0 0.962891 0.748047 0.035156 0.035156
0 0.332031 0.074219 0.027344 0.027344
1 0.855469 0.304688 0.052190 0.020606
1 0.839844 0.980469 0.037592 0.027700
1 0.921875 0.255859 0.024093 0.057238
1 0.275391 0.107422 0.025018 0.033094
1 0.052734 0.820312 0.039098 0.038230
1 0.201172 0.435547 0.031552 0.056065
1 0.189453 0.195312 0.040677 0.053885
1 0.531250 0.812500 0.051439 0.014154
1 0.603516 0.796875 0.040208 0.036838
1 0.947266 0.240234 0.035366 0.043519
1 0.644531 0.134766 0.037350 0.026044
1 0.818359 0.359375 0.031816 0.024466
1 0.404297 0.861328 0.028055 0.035668
1 0.833984 0.771484 0.038842 0.020348
1 0.097656 0.082031 0.009766 0.046875
1 0.857422 0.388672 0.023820 0.042629
1 0.519531 0.548828 0.057276 0.014665
1 0.828125 0.468750 0.039638 0.034021
1 0.578125 0.246094 0.042352 0.045821
1 0.304688 0.074219 0.055514 0.017282