0 0.544922 0.042969 0.031250 0.031250
0 0.056641 0.623047 0.023438 0.023438
0 0.539062 0.222656 0.035156 0.035156
0 0.687500 0.339844 0.023438 0.023438
0 0.691406 0.871094 0.035156 0.035156
0 0.818359 0.421875 0.035156 0.035156
0 0.101562 0.400391 0.027344 0.027344
0 0.527344 0.271484 0.031250 0.031250
0 0.736328 0.871094 0.023438 0.023438
0 0.117188 0.185547 0.023438 0.023438
0 0.457031 0.363281 0.035156 0.035156
0 0.404297 0.113281 0.027344 0.027344
0 0.365234 0.408203 0.035156 0.035156
0 0.261719 0.046875 0.035156 0.035156
0 0.599609 0.552734 0.035156 0.035156
0 0.429688 0.875000 0.031250 0.031250
0 0.164062 0.373047 0.035156 0.035156
0 0.193359 0.146484 0.035156 0.035156
0 0.802734 0.277344 0.035156 0.035156
0 0.435547 0.832031 0.023438 0.023438
0 0.259766 0.230469 0.027344 0.027344
0 0.875000 0.277344 0.035156 0.035156
0 0.740234 0.402344 0.031250 0.031250
0 0.480469 0.107422 0.035156 0.035156
0 0.662109 0.064453 0.023438 0.023438
0 0.021484 0.748047 0.023438 0.023438
0 0.349609 0.654297 0.027344 0.027344
0 0.966797 0.701172 0.027344 0.027344
0 0.203125 0.191406 0.031250 0.031250
0 0.031250 0.386719 0.027344 0.027344
1 0.074219 0.861328 0.051646 0.016738
1 0.630859 0.921875 0.020939 0.051677
1 0.794922 0.775391 0.055898 0.024601
1 0.878906 0.285156 0.045062 0.046074
1 0.628906 0.800781 0.048579 0.028782
1 0.056641 0.501953 0.029889 0.024146
1 0.468750 0.841797 0.015698 0.039724
1 0.134766 0.867188 0.036938 0.055512
1 0.896484 0.316406 0.036646 0.027947
1 0.634766 0.031250 0.028997 0.033750
1 0.117188 0.632812 0.051727 0.028380
1 0.792969 0.195312 0.055724 0.027196
1 0.652344 0.923828 0.037486 0.048971
1 0.945312 0.429688 0.028965 0.040403
1 0.679688 0.583984 0.041571 0.025015
1 0.937500 0.710938 0.026852 0.036543
1 0.644531 0.076172 0.029442 0.025121
1 0.269531 0.826172 0.036516 0.051529
1 0.496094 0.521484 0.044718 0.043657
1 0.955078 0.626953 0.033190 0.035695