0 0.205078 0.162109 0.027344 0.027344
0 0.523438 0.857422 0.035156 0.035156
0 0.451172 0.884766 0.035156 0.035156
0 0.066406 0.441406 0.027344 0.027344
0 0.484375 0.634766 0.031250 0.031250
0 0.759766 0.230469 0.035156 0.035156
0 0.082031 0.105469 0.035156 0.035156
0 0.179688 0.691406 0.027344 0.027344
0 0.646484 0.111328 0.027344 0.027344
0 0.082031 0.574219 0.027344 0.027344
0 0.949219 0.087891 0.027344 0.027344
0 0.363281 0.669922 0.031250 0.031250
0 0.771484 0.232422 0.031250 0.031250
0 0.287109 0.597656 0.031250 0.031250
0 0.656250 0.060547 0.023438 0.023438
0 0.371094 0.416016 0.027344 0.027344
0 0.236328 0.513672 0.031250 0.031250
0 0.416016 0.185547 0.031250 0.031250
0 0.794922 0.693359 0.023438 0.023438
0 0.632812 0.593750 0.035156 0.035156
0 0.269531 0.527344 0.035156 0.035156
0 0.333984 0.021484 0.027344 0.027344
0 0.253906 0.285156 0.023438 0.023438
0 0.851562 0.662109 0.027344 0.027344
0 0.720703 0.169922 0.031250 0.031250
0 0.744141 0.029297 0.023438 0.023438
0 0.369141 0.072266 0.023438 0.023438
0 0.228516 0.218750 0.023438 0.023438
0 0.910156 0.701172 0.027344 0.027344
0 0.906250 0.011719 0.023438 0.023438
1 0.257812 0.289062 0.021376 0.057815
1 0.378906 0.769531 0.043799 0.041775
1 0.585938 0.867188 0.034301 0.045739
1 0.445312 0.595703 0.013007 0.037496
1 0.835938 0.343750 0.025844 0.050703
1 0.189453 0.419922 0.018532 0.036486
1 0.660156 0.500000 0.055029 0.026187
1 0.207031 0.429688 0.023353 0.037617
1 0.542969 0.443359 0.045964 0.047892
1 0.269531 0.144531 0.021378 0.053580
1 0.117188 0.384766 0.029680 0.039688
1 0.701172 0.617188 0.031712 0.028823
1 0.142578 0.439453 0.036173 0.014563
1 0.212891 0.687500 0.035885 0.043231
1 0.125000 0.636719 0.045091 0.026281
1 0.898438 0.265625 0.037746 0.054705
1 0.910156 0.462891 0.031981 0.046369
1 0.443359 0.833984 0.042633 0.048170
1 0.460938 0.890625 0.027256 0.035791
1 0.935547 0.449219 0.021840 0.031554