0 0.945312 0.099609 0.023438 0.023438
0 0.179688 0.857422 0.035156 0.035156
0 0.912109 0.103516 0.031250 0.031250
0 0.343750 0.125000 0.023438 0.023438
0 0.750000 0.281250 0.027344 0.027344
0 0.525391 0.515625 0.023438 0.023438
0 0.130859 0.255859 0.023438 0.023438
0 0.632812 0.050781 0.035156 0.035156
0 0.902344 0.640625 0.031250 0.031250
0 0.199219 0.714844 0.035156 0.035156
0 0.884766 0.708984 0.027344 0.027344
0 0.343750 0.865234 0.023438 0.023438
0 0.265625 0.628906 0.031250 0.031250
0 0.474609 0.167969 0.031250 0.031250
0 0.673828 0.830078 0.023438 0.023438
0 0.343750 0.910156 0.027344 0.027344
0 0.279297 0.974609 0.035156 0.035156
0 0.587891 0.939453 0.023438 0.023438
0 0.498047 0.843750 0.031250 0.031250
0 0.648438 0.529297 0.035156 0.035156
0 0.746094 0.560547 0.027344 0.027344
0 0.482422 0.523438 0.023438 0.023438
0 0.458984 0.634766 0.023438 0.023438
0 0.675781 0.371094 0.031250 0.031250
0 0.667969 0.701172 0.027344 0.027344
0 0.748047 0.607422 0.027344 0.027344
0 0.816406 0.250000 0.031250 0.031250
0 0.447266 0.513672 0.035156 0.035156
0 0.072266 0.544922 0.023438 0.023438
0 0.025391 0.753906 0.031250 0.031250
1 0.732422 0.656250 0.052555 0.024745
1 0.208984 0.345703 0.015289 0.031923
1 0.177734 0.863281 0.051932 0.018905
1 0.320312 0.337891 0.011719 0.046875
1 0.160156 0.882812 0.055328 0.016515
1 0.732422 0.667969 0.010514 0.043133
1 0.462891 0.751953 0.015902 0.043625
1 0.855469 0.908203 0.050167 0.024724
1 0.402344 0.759766 0.044379 0.037465
1 0.660156 0.031250 0.017068 0.034450
1 0.824219 0.304688 0.046423 0.022238
1 0.498047 0.722656 0.047930 0.042874
1 0.320312 0.742188 0.033218 0.019408
1 0.546875 0.583984 0.031472 0.029064
1 0.123047 0.210938 0.037456 0.034086
1 0.896484 0.787109 0.027479 0.038899
1 0.855469 0.119141 0.055888 0.040161
1 0.283203 0.730469 0.028439 0.049785
1 0.847656 0.857422 0.035197 0.022839
1 0.818359 0.646484 0.024745 0.052555