0 0.636719 0.792969 0.023438 0.023438
0 0.923828 0.816406 0.031250 0.031250
0 0.478516 0.779297 0.031250 0.031250
0 0.654297 0.935547 0.031250 0.031250
0 0.773438 0.041016 0.023438 0.023438
0 0.109375 0.037109 0.031250 0.031250
0 0.708984 0.691406 0.031250 0.031250
0 0.794922 0.089844 0.027344 0.027344
0 0.708984 0.634766 0.023438 0.023438
0 0.611328 0.621094 0.031250 0.031250
0 0.705078 0.218750 0.031250 0.031250
0 0.109375 0.240234 0.031250 0.031250
0 0.369141 0.277344 0.031250 0.031250
0 0.955078 0.414062 0.027344 0.027344
0 0.876953 0.408203 0.035156 0.035156
0 0.144531 0.484375 0.023438 0.023438
0 0.232422 0.150391 0.031250 0.031250
0 0.568359 0.355469 0.035156 0.035156
0 0.939453 0.324219 0.023438 0.023438
0 0.132812 0.269531 0.023438 0.023438
0 0.593750 0.666016 0.035156 0.035156
0 0.888672 0.095703 0.027344 0.027344
0 0.029297 0.550781 0.035156 0.035156
0 0.187500 0.798828 0.031250 0.031250
0 0.984375 0.328125 0.027344 0.027344
0 0.310547 0.849609 0.031250 0.031250
0 0.531250 0.439453 0.035156 0.035156
0 0.328125 0.648438 0.031250 0.031250
0 0.828125 0.630859 0.023438 0.023438
0 0.656250 0.029297 0.027344 0.027344
1 0.625000 0.031250 0.018698 0.034933
1 0.320312 0.777344 0.036288 0.035517
1 0.578125 0.652344 0.032172 0.036503
1 0.455078 0.583984 0.021951 0.040114
1 0.656250 0.039062 0.022365 0.048622
1 0.683594 0.652344 0.038895 0.043515
1 0.855469 0.349609 0.022782 0.035750
1 0.830078 0.458984 0.051989 0.019518
1 0.750000 0.867188 0.033013 0.025400
1 0.367188 0.375000 0.029907 0.011785
1 0.515625 0.927734 0.029606 0.045666
1 0.275391 0.837891 0.038735 0.019178
1 0.748047 0.560547 0.012870 0.033592
1 0.125000 0.275391 0.031816 0.024466
1 0.072266 0.814453 0.019680 0.048198
1 0.445312 0.353516 0.033163 0.055827
1 0.107422 0.419922 0.047961 0.027739
1 0.878906 0.066406 0.045697 0.014408
1 0.191406 0.982422 0.032362 0.055955
1 0.785156 0.269531 0.031052 0.041615