0 0.787109 0.349609 0.035156 0.035156
0 0.757812 0.923828 0.031250 0.031250
0 0.429688 0.648438 0.031250 0.031250
0 0.916016 0.078125 0.023438 0.023438
0 0.878906 0.554688 0.027344 0.027344
0 0.152344 0.279297 0.027344 0.027344
0 0.949219 0.183594 0.035156 0.035156
0 0.630859 0.228516 0.027344 0.027344
0 0.660156 0.892578 0.027344 0.027344
0 0.228516 0.302734 0.027344 0.027344
0 0.951172 0.558594 0.027344 0.027344
0 0.466797 0.664062 0.031250 0.031250
0 0.660156 0.078125 0.035156 0.035156
0 0.134766 0.306641 0.035156 0.035156
0 0.732422 0.125000 0.031250 0.031250
0 0.636719 0.035156 0.031250 0.031250
0 0.216797 0.949219 0.027344 0.027344
0 0.523438 0.457031 0.031250 0.031250
0 0.375000 0.640625 0.023438 0.023438
0 0.275391 0.544922 0.031250 0.031250
0 0.062500 0.496094 0.031250 0.031250
0 0.662109 0.341797 0.031250 0.031250
0 0.822266 0.158203 0.035156 0.035156
0 0.564453 0.679688 0.027344 0.027344
0 0.765625 0.951172 0.035156 0.035156
0 0.130859 0.892578 0.035156 0.035156
0 0.701172 0.923828 0.027344 0.027344
0 0.046875 0.375000 0.031250 0.031250
0 0.732422 0.240234 0.031250 0.031250
0 0.521484 0.064453 0.027344 0.027344
1 0.294922 0.535156 0.055261 0.024461
1 0.087891 0.191406 0.019045 0.046253
1 0.462891 0.369141 0.037605 0.039629
1 0.441406 0.455078 0.019876 0.036947
1 0.119141 0.896484 0.022946 0.046424
1 0.343750 0.353516 0.014154 0.051439
1 0.289062 0.400391 0.054919 0.032155
1 0.601562 0.646484 0.025901 0.039390
1 0.892578 0.236328 0.012228 0.029497
1 0.773438 0.109375 0.055189 0.033607
1 0.150391 0.162109 0.031716 0.034414
1 0.462891 0.601562 0.043883 0.022566
1 0.367188 0.748047 0.015922 0.034456
1 0.654297 0.212891 0.051989 0.019518
1 0.404297 0.388672 0.040503 0.039587
1 0.539062 0.306641 0.057638 0.033894
1 0.562500 0.085938 0.053613 0.017895
1 0.773438 0.193359 0.036199 0.049564
1 0.939453 0.623047 0.034368 0.027533
1 0.558594 0.207031 0.033216 0.042703