0 0.529297 0.679688 0.023438 0.023438
0 0.300781 0.056641 0.027344 0.027344
0 0.064453 0.832031 0.027344 0.027344
0 0.138672 0.105469 0.035156 0.035156
0 0.117188 0.240234 0.027344 0.027344
0 0.857422 0.953125 0.035156 0.035156
0 0.937500 0.421875 0.023438 0.023438
0 0.410156 0.564453 0.031250 0.031250
0 0.417969 0.580078 0.027344 0.027344
0 0.259766 0.179688 0.023438 0.023438
0 0.753906 0.570312 0.027344 0.027344
0 0.630859 0.056641 0.023438 0.023438
0 0.978516 0.472656 0.027344 0.027344
0 0.287109 0.156250 0.031250 0.031250
0 0.595703 0.921875 0.027344 0.027344
0 0.501953 0.197266 0.031250 0.031250
0 0.085938 0.363281 0.023438 0.023438
0 0.037109 0.861328 0.027344 0.027344
0 0.250000 0.189453 0.023438 0.023438
0 0.240234 0.951172 0.031250 0.031250
0 0.380859 0.328125 0.035156 0.035156
0 0.562500 0.705078 0.027344 0.027344
0 0.654297 0.583984 0.031250 0.031250
0 0.611328 0.753906 0.035156 0.035156
0 0.564453 0.720703 0.035156 0.035156
0 0.402344 0.171875 0.031250 0.031250
0 0.107422 0.367188 0.023438 0.023438
0 0.210938 0.273438 0.035156 0.035156
0 0.232422 0.154297 0.035156 0.035156
0 0.138672 0.750000 0.027344 0.027344
1 0.123047 0.558594 0.038513 0.028489
1 0.650391 0.058594 0.028823 0.031712
1 0.738281 0.425781 0.016456 0.034508
1 0.761719 0.279297 0.046197 0.050243
1 0.837891 0.759766 0.049628 0.022846
1 0.644531 0.291016 0.034100 0.025598
1 0.845703 0.634766 0.022021 0.052108
1 0.943359 0.445312 0.036862 0.019003
1 0.310547 0.130859 0.027727 0.036306
1 0.269531 0.912109 0.021032 0.031538
1 0.656250 0.882812 0.027417 0.032602
1 0.388672 0.847656 0.026035 0.035329
1 0.123047 0.414062 0.016004 0.045576
1 0.707031 0.390625 0.049422 0.032463
1 0.884766 0.511719 0.032304 0.014921
1 0.044922 0.640625 0.014822 0.033660
1 0.394531 0.408203 0.030736 0.020837
1 0.767578 0.244141 0.033379 0.029676
1 0.242188 0.158203 0.041945 0.037852
1 0.242188 0.058594 0.029603 0.041716