0 0.697266 0.630859 0.023438 0.023438
0 0.906250 0.466797 0.027344 0.027344
0 0.625000 0.400391 0.023438 0.023438
0 0.878906 0.460938 0.023438 0.023438
0 0.226562 0.212891 0.035156 0.035156
0 0.199219 0.849609 0.035156 0.035156
0 0.771484 0.837891 0.031250 0.031250
0 0.365234 0.392578 0.027344 0.027344
0 0.105469 0.496094 0.027344 0.027344
0 0.208984 0.330078 0.027344 0.027344
0 0.650391 0.068359 0.035156 0.035156
0 0.898438 0.812500 0.027344 0.027344
0 0.257812 0.582031 0.035156 0.035156
0 0.927734 0.027344 0.027344 0.027344
0 0.191406 0.181641 0.027344 0.027344
0 0.980469 0.115234 0.035156 0.035156
0 0.574219 0.289062 0.027344 0.027344
0 0.687500 0.025391 0.035156 0.035156
0 0.529297 0.857422 0.023438 0.023438
0 0.609375 0.630859 0.027344 0.027344
0 0.513672 0.351562 0.031250 0.031250
0 0.728516 0.398438 0.031250 0.031250
0 0.384766 0.775391 0.031250 0.031250
0 0.228516 0.585938 0.035156 0.035156
0 0.457031 0.576172 0.027344 0.027344
0 0.458984 0.496094 0.031250 0.031250
0 0.689453 0.402344 0.031250 0.031250
0 0.134766 0.623047 0.035156 0.035156
0 0.482422 0.039062 0.035156 0.035156
0 0.771484 0.281250 0.027344 0.027344
1 0.261719 0.396484 0.026843 0.035836
1 0.462891 0.283203 0.021620 0.030613
1 0.939453 0.009766 0.030743 0.016106
1 0.609375 0.527344 0.042501 0.031842
1 0.644531 0.472656 0.034076 0.015955
1 0.494141 0.847656 0.012870 0.033592
1 0.244141 0.535156 0.018392 0.033004
1 0.824219 0.660156 0.038327 0.039001
1 0.949219 0.751953 0.029606 0.045666
1 0.515625 0.490234 0.049896 0.036227
1 0.435547 0.144531 0.033720 0.044631
1 0.898438 0.197266 0.045165 0.031437
1 0.333984 0.767578 0.038060 0.048397
1 0.312500 0.345703 0.044718 0.043657
1 0.394531 0.601562 0.044504 0.021084
1 0.705078 0.240234 0.027544 0.045053
1 0.378906 0.099609 0.029883 0.030847
1 0.251953 0.548828 0.029521 0.057370
1 0.406250 0.943359 0.036940 0.024524
1 0.164062 0.625000 0.034308 0.044322