0 0.142578 0.271484 0.035156 0.035156
0 0.972656 0.671875 0.027344 0.027344
0 0.521484 0.509766 0.035156 0.035156
0 0.890625 0.916016 0.035156 0.035156
0 0.654297 0.873047 0.027344 0.027344
0 0.021484 0.699219 0.023438 0.023438
0 0.148438 0.451172 0.035156 0.035156
0 0.830078 0.156250 0.023438 0.023438
0 0.707031 0.134766 0.027344 0.027344
0 0.339844 0.460938 0.027344 0.027344
0 0.726562 0.746094 0.031250 0.031250
0 0.160156 0.578125 0.031250 0.031250
0 0.222656 0.417969 0.027344 0.027344
0 0.216797 0.822266 0.035156 0.035156
0 0.064453 0.144531 0.023438 0.023438
0 0.263672 0.611328 0.027344 0.027344
0 0.480469 0.628906 0.035156 0.035156
0 0.160156 0.833984 0.023438 0.023438
0 0.806641 0.539062 0.031250 0.031250
0 0.617188 0.726562 0.031250 0.031250
0 0.048828 0.855469 0.035156 0.035156
0 0.615234 0.091797 0.031250 0.031250
0 0.091797 0.546875 0.023438 0.023438
0 0.912109 0.417969 0.035156 0.035156
0 0.835938 0.304688 0.031250 0.031250
0 0.392578 0.730469 0.023438 0.023438
0 0.613281 0.048828 0.031250 0.031250
0 0.251953 0.017578 0.023438 0.023438
0 0.939453 0.201172 0.027344 0.027344
0 0.904297 0.882812 0.031250 0.031250
1 0.361328 0.140625 0.032393 0.014534
1 0.476562 0.417969 0.019197 0.030870
1 0.087891 0.107422 0.050035 0.039124
1 0.232422 0.365234 0.051999 0.040487
1 0.138672 0.742188 0.022537 0.040047
1 0.294922 0.554688 0.032152 0.022465
1 0.558594 0.431641 0.050705 0.026601
1 0.470703 0.849609 0.012614 0.055124
1 0.761719 0.734375 0.014495 0.055331
1 0.767578 0.062500 0.022622 0.031530
1 0.187500 0.189453 0.038643 0.035753
1 0.218750 0.292969 0.026423 0.035870
1 0.238281 0.462891 0.038160 0.016854
1 0.039062 0.890625 0.030861 0.037342
1 0.464844 0.937500 0.043889 0.049666
1 0.667969 0.097656 0.045821 0.042352
1 0.298828 0.093750 0.045041 0.051104
1 0.714844 0.082031 0.038364 0.019616
1 0.316406 0.722656 0.023822 0.043157
1 0.433594 0.925781 0.058082 0.022364