0 0.544922 0.402344 0.035156 0.035156
0 0.404297 0.644531 0.035156 0.035156
0 0.740234 0.267578 0.023438 0.023438
0 0.265625 0.683594 0.035156 0.035156
0 0.304688 0.634766 0.027344 0.027344
0 0.746094 0.744141 0.027344 0.027344
0 0.519531 0.525391 0.027344 0.027344
0 0.533203 0.681641 0.035156 0.035156
0 0.771484 0.705078 0.035156 0.035156
0 0.837891 0.673828 0.035156 0.035156
0 0.808594 0.269531 0.023438 0.023438
0 0.925781 0.664062 0.031250 0.031250
0 0.808594 0.460938 0.023438 0.023438
0 0.902344 0.449219 0.031250 0.031250
0 0.425781 0.818359 0.035156 0.035156
0 0.564453 0.679688 0.035156 0.035156
0 0.294922 0.187500 0.035156 0.035156
0 0.599609 0.121094 0.023438 0.023438
0 0.740234 0.294922 0.035156 0.035156
0 0.130859 0.691406 0.035156 0.035156
0 0.503906 0.835938 0.023438 0.023438
0 0.759766 0.421875 0.023438 0.023438
0 0.958984 0.011719 0.023438 0.023438
0 0.193359 0.539062 0.035156 0.035156
0 0.839844 0.480469 0.027344 0.027344
0 0.792969 0.968750 0.023438 0.023438
0 0.121094 0.505859 0.031250 0.031250
0 0.359375 0.720703 0.035156 0.035156
0 0.611328 0.833984 0.035156 0.035156
0 0.216797 0.466797 0.027344 0.027344
1 0.919922 0.457031 0.030732 0.056159
1 0.238281 0.529297 0.030854 0.017463
1 0.585938 0.875000 0.035926 0.032750
1 0.916016 0.857422 0.032508 0.016863
1 0.259766 0.164062 0.016978 0.047826
1 0.449219 0.824219 0.036794 0.031745
1 0.054688 0.244141 0.032900 0.033382
1 0.656250 0.750000 0.030383 0.030383
1 0.746094 0.224609 0.015368 0.049276
1 0.765625 0.359375 0.018556 0.057617
1 0.769531 0.402344 0.017272 0.036393
1 0.861328 0.966797 0.057777 0.020435
1 0.773438 0.937500 0.032461 0.036214
1 0.724609 0.240234 0.035209 0.021890
1 0.511719 0.070312 0.050728 0.042271
1 0.148438 0.474609 0.035330 0.030145
1 0.191406 0.353516 0.014556 0.051012
1 0.912109 0.533203 0.032179 0.031311
1 0.832031 0.259766 0.052894 0.027213
1 0.171875 0.304688 0.028914 0.026026