0 0.582031 0.835938 0.023438 0.023438
0 0.421875 0.931641 0.031250 0.031250
0 0.113281 0.789062 0.023438 0.023438
0 0.671875 0.939453 0.031250 0.031250
0 0.593750 0.843750 0.027344 0.027344
0 0.652344 0.265625 0.023438 0.023438
0 0.730469 0.785156 0.035156 0.035156
0 0.619141 0.787109 0.023438 0.023438
0 0.605469 0.523438 0.031250 0.031250
0 0.468750 0.251953 0.027344 0.027344
0 0.904297 0.066406 0.027344 0.027344
0 0.238281 0.972656 0.023438 0.023438
0 0.156250 0.488281 0.035156 0.035156
0 0.650391 0.314453 0.023438 0.023438
0 0.027344 0.357422 0.035156 0.035156
0 0.308594 0.527344 0.023438 0.023438
0 0.197266 0.289062 0.035156 0.035156
0 0.619141 0.408203 0.035156 0.035156
0 0.775391 0.259766 0.027344 0.027344
0 0.035156 0.396484 0.031250 0.031250
0 0.130859 0.955078 0.027344 0.027344
0 0.244141 0.107422 0.027344 0.027344
0 0.316406 0.226562 0.035156 0.035156
0 0.712891 0.697266 0.027344 0.027344
0 0.265625 0.285156 0.031250 0.031250
0 0.222656 0.160156 0.023438 0.023438
0 0.195312 0.572266 0.031250 0.031250
0 0.718750 0.580078 0.027344 0.027344
0 0.687500 0.794922 0.023438 0.023438
0 0.857422 0.671875 0.031250 0.031250
1 0.515625 0.402344 0.034630 0.039539
1 0.779297 0.042969 0.043997 0.017365
1 0.291016 0.587891 0.044092 0.038318
1 0.904297 0.865234 0.030884 0.054230
1 0.039062 0.851562 0.034076 0.015955
1 0.437500 0.697266 0.052514 0.023931
1 0.589844 0.792969 0.041071 0.044347
1 0.476562 0.437500 0.053463 0.045006
1 0.474609 0.302734 0.020816 0.047845
1 0.455078 0.492188 0.036227 0.049896
1 0.683594 0.947266 0.027544 0.030143
1 0.468750 0.568359 0.035907 0.025114
1 0.468750 0.689453 0.040207 0.032741
1 0.271484 0.078125 0.038745 0.046048
1 0.621094 0.876953 0.054290 0.034506
1 0.251953 0.984375 0.043283 0.011259
1 0.574219 0.488281 0.046875 0.009766
1 0.173828 0.218750 0.048628 0.050749
1 0.085938 0.589844 0.055279 0.041609
1 0.158203 0.900391 0.053736 0.033939