0 0.343750 0.632812 0.023438 0.023438
0 0.535156 0.882812 0.035156 0.035156
0 0.902344 0.367188 0.023438 0.023438
0 0.447266 0.960938 0.035156 0.035156
0 0.654297 0.242188 0.027344 0.027344
0 0.191406 0.066406 0.023438 0.023438
0 0.091797 0.845703 0.031250 0.031250
0 0.347656 0.150391 0.035156 0.035156
0 0.804688 0.138672 0.035156 0.035156
0 0.525391 0.203125 0.023438 0.023438
0 0.794922 0.783203 0.035156 0.035156
0 0.917969 0.304688 0.035156 0.035156
0 0.177734 0.572266 0.031250 0.031250
0 0.814453 0.248047 0.023438 0.023438
0 0.548828 0.898438 0.031250 0.031250
0 0.521484 0.888672 0.023438 0.023438
0 0.314453 0.150391 0.023438 0.023438
0 0.931641 0.257812 0.031250 0.031250
0 0.251953 0.435547 0.023438 0.023438
0 0.281250 0.603516 0.023438 0.023438
0 0.521484 0.595703 0.031250 0.031250
0 0.523438 0.080078 0.031250 0.031250
0 0.046875 0.048828 0.035156 0.035156
0 0.125000 0.826172 0.023438 0.023438
0 0.400391 0.646484 0.023438 0.023438
0 0.384766 0.683594 0.031250 0.031250
0 0.212891 0.197266 0.027344 0.027344
0 0.603516 0.314453 0.035156 0.035156
0 0.822266 0.058594 0.035156 0.035156
0 0.679688 0.869141 0.035156 0.035156
1 0.283203 0.101562 0.039717 0.030529
1 0.150391 0.130859 0.034219 0.022883
1 0.558594 0.650391 0.028551 0.029419
1 0.142578 0.318359 0.039790 0.042873
1 0.660156 0.445312 0.035278 0.047431
1 0.804688 0.251953 0.043999 0.034886
1 0.775391 0.195312 0.034305 0.042083
1 0.353516 0.123047 0.017585 0.044182
1 0.488281 0.830078 0.044370 0.049185
1 0.898438 0.582031 0.033716 0.029340
1 0.507812 0.470703 0.033163 0.055827
1 0.958984 0.480469 0.032368 0.022476
1 0.757812 0.035156 0.047033 0.037020
1 0.917969 0.750000 0.037033 0.044811
1 0.509766 0.589844 0.035603 0.040984
1 0.085938 0.654297 0.050167 0.024724
1 0.865234 0.052734 0.027755 0.034607
1 0.939453 0.023438 0.018200 0.055542
1 0.390625 0.951172 0.032602 0.027417
1 0.857422 0.621094 0.037997 0.028703