0 0.529297 0.810547 0.027344 0.027344
0 0.886719 0.812500 0.035156 0.035156
0 0.224609 0.791016 0.035156 0.035156
0 0.265625 0.052734 0.035156 0.035156
0 0.693359 0.330078 0.027344 0.027344
0 0.169922 0.544922 0.027344 0.027344
0 0.941406 0.146484 0.031250 0.031250
0 0.380859 0.107422 0.031250 0.031250
0 0.130859 0.392578 0.023438 0.023438
0 0.832031 0.574219 0.023438 0.023438
0 0.267578 0.810547 0.035156 0.035156
0 0.480469 0.449219 0.023438 0.023438
0 0.455078 0.851562 0.027344 0.027344
0 0.017578 0.298828 0.027344 0.027344
0 0.798828 0.441406 0.035156 0.035156
0 0.021484 0.318359 0.035156 0.035156
0 0.632812 0.652344 0.027344 0.027344
0 0.371094 0.404297 0.023438 0.023438
0 0.710938 0.667969 0.027344 0.027344
0 0.458984 0.298828 0.027344 0.027344
0 0.269531 0.734375 0.035156 0.035156
0 0.906250 0.607422 0.035156 0.035156
0 0.078125 0.232422 0.023438 0.023438
0 0.755859 0.794922 0.031250 0.031250
0 0.765625 0.429688 0.035156 0.035156
0 0.523438 0.484375 0.027344 0.027344
0 0.097656 0.388672 0.031250 0.031250
0 0.070312 0.429688 0.027344 0.027344
0 0.320312 0.378906 0.031250 0.031250
0 0.193359 0.279297 0.031250 0.031250
1 0.259766 0.208984 0.047608 0.039920
1 0.341797 0.373047 0.042821 0.039930
1 0.039062 0.068359 0.035143 0.023761
1 0.117188 0.306641 0.013420 0.053287
1 0.250000 0.154297 0.034705 0.031334
1 0.910156 0.921875 0.033743 0.042176
1 0.085938 0.148438 0.022416 0.038144
1 0.205078 0.671875 0.057555 0.017575
1 0.806641 0.341797 0.055708 0.018296
1 0.837891 0.117188 0.010480 0.041180
1 0.894531 0.337891 0.013303 0.041711
1 0.591797 0.375000 0.027309 0.041340
1 0.064453 0.439453 0.039992 0.028686
1 0.824219 0.183594 0.030272 0.056175
1 0.431641 0.771484 0.036321 0.021716
1 0.062500 0.318359 0.047751 0.022308
1 0.570312 0.220703 0.039234 0.021669
1 0.867188 0.935547 0.045414 0.035927
1 0.527344 0.791016 0.049373 0.030566
1 0.748047 0.304688 0.028166 0.032010