0 0.792969 0.917969 0.035156 0.035156
0 0.214844 0.957031 0.027344 0.027344
0 0.794922 0.843750 0.027344 0.027344
0 0.900391 0.083984 0.031250 0.031250
0 0.349609 0.427734 0.035156 0.035156
0 0.113281 0.472656 0.023438 0.023438
0 0.714844 0.619141 0.023438 0.023438
0 0.095703 0.085938 0.031250 0.031250
0 0.689453 0.798828 0.027344 0.027344
0 0.158203 0.042969 0.031250 0.031250
0 0.962891 0.917969 0.031250 0.031250
0 0.037109 0.044922 0.023438 0.023438
0 0.134766 0.816406 0.027344 0.027344
0 0.859375 0.681641 0.031250 0.031250
0 0.505859 0.693359 0.035156 0.035156
0 0.207031 0.806641 0.035156 0.035156
0 0.343750 0.363281 0.023438 0.023438
0 0.503906 0.078125 0.031250 0.031250
0 0.615234 0.273438 0.027344 0.027344
0 0.685547 0.037109 0.031250 0.031250
0 0.125000 0.230469 0.035156 0.035156
0 0.337891 0.275391 0.023438 0.023438
0 0.964844 0.328125 0.035156 0.035156
0 0.816406 0.468750 0.027344 0.027344
0 0.863281 0.078125 0.035156 0.035156
0 0.509766 0.468750 0.031250 0.031250
0 0.800781 0.484375 0.035156 0.035156
0 0.033203 0.349609 0.023438 0.023438
0 0.740234 0.541016 0.031250 0.031250
0 0.414062 0.404297 0.031250 0.031250
1 0.718750 0.908203 0.032582 0.021200
1 0.626953 0.238281 0.031071 0.032372
1 0.283203 0.554688 0.031369 0.024101
1 0.482422 0.697266 0.030822 0.020029
1 0.132812 0.767578 0.032988 0.026663
1 0.597656 0.705078 0.016311 0.051427
1 0.435547 0.628906 0.040199 0.016392
1 0.300781 0.972656 0.058093 0.030506
1 0.560547 0.609375 0.041080 0.038912
1 0.578125 0.148438 0.021293 0.042632
1 0.259766 0.517578 0.046206 0.041967
1 0.736328 0.904297 0.035560 0.038836
1 0.498047 0.341797 0.038211 0.021869
1 0.519531 0.357422 0.042138 0.016630
1 0.867188 0.632812 0.057184 0.013693
1 0.824219 0.853516 0.042160 0.046013
1 0.318359 0.636719 0.023859 0.045654
1 0.468750 0.039062 0.028880 0.048724
1 0.064453 0.855469 0.026757 0.041146
1 0.101562 0.646484 0.023178 0.057321