0 0.267578 0.080078 0.023438 0.023438
0 0.615234 0.490234 0.027344 0.027344
0 0.691406 0.792969 0.027344 0.027344
0 0.433594 0.787109 0.031250 0.031250
0 0.595703 0.935547 0.035156 0.035156
0 0.312500 0.703125 0.031250 0.031250
0 0.863281 0.574219 0.031250 0.031250
0 0.744141 0.654297 0.031250 0.031250
0 0.630859 0.572266 0.035156 0.035156
0 0.730469 0.667969 0.027344 0.027344
0 0.873047 0.679688 0.031250 0.031250
0 0.695312 0.478516 0.035156 0.035156
0 0.187500 0.789062 0.027344 0.027344
0 0.167969 0.517578 0.031250 0.031250
0 0.222656 0.144531 0.023438 0.023438
0 0.781250 0.728516 0.035156 0.035156
0 0.373047 0.527344 0.023438 0.023438
0 0.429688 0.824219 0.035156 0.035156
0 0.322266 0.357422 0.035156 0.035156
0 0.947266 0.658203 0.035156 0.035156
0 0.037109 0.394531 0.031250 0.031250
0 0.169922 0.371094 0.031250 0.031250
0 0.449219 0.474609 0.031250 0.031250
0 0.136719 0.851562 0.023438 0.023438
0 0.146484 0.441406 0.035156 0.035156
0 0.152344 0.207031 0.027344 0.027344
0 0.263672 0.035156 0.035156 0.035156
0 0.021484 0.890625 0.031250 0.031250
0 0.533203 0.882812 0.027344 0.027344
0 0.687500 0.746094 0.035156 0.035156
1 0.062500 0.144531 0.044872 0.022307
1 0.089844 0.474609 0.020435 0.057777
1 0.322266 0.503906 0.046964 0.027305
1 0.453125 0.302734 0.026341 0.048136
1 0.728516 0.189453 0.019621 0.045967
1 0.296875 0.402344 0.036839 0.027484
1 0.431641 0.505859 0.014835 0.038107
1 0.949219 0.458984 0.030548 0.014705
1 0.488281 0.628906 0.027193 0.045010
1 0.259766 0.144531 0.037700 0.012330
1 0.449219 0.218750 0.044872 0.022307
1 0.095703 0.455078 0.018158 0.045960
1 0.345703 0.701172 0.042688 0.045579
1 0.738281 0.578125 0.047560 0.036493
1 0.306641 0.654297 0.035619 0.011592
1 0.496094 0.451172 0.036640 0.031364
1 0.402344 0.509766 0.028282 0.034080
1 0.347656 0.974609 0.034294 0.044057
1 0.837891 0.572266 0.036156 0.055787
1 0.750000 0.507812 0.025066 0.043221