0 0.785156 0.773438 0.023438 0.023438
0 0.673828 0.505859 0.027344 0.027344
0 0.330078 0.978516 0.031250 0.031250
0 0.910156 0.253906 0.027344 0.027344
0 0.537109 0.353516 0.027344 0.027344
0 0.822266 0.085938 0.031250 0.031250
0 0.597656 0.605469 0.035156 0.035156
0 0.119141 0.142578 0.023438 0.023438
0 0.656250 0.748047 0.031250 0.031250
0 0.228516 0.046875 0.031250 0.031250
0 0.623047 0.023438 0.035156 0.035156
0 0.474609 0.673828 0.031250 0.031250
0 0.232422 0.513672 0.035156 0.035156
0 0.525391 0.564453 0.023438 0.023438
0 0.218750 0.765625 0.027344 0.027344
0 0.623047 0.599609 0.027344 0.027344
0 0.701172 0.835938 0.023438 0.023438
0 0.628906 0.669922 0.031250 0.031250
0 0.203125 0.783203 0.035156 0.035156
0 0.644531 0.080078 0.035156 0.035156
0 0.658203 0.365234 0.027344 0.027344
0 0.966797 0.392578 0.023438 0.023438
0 0.281250 0.937500 0.027344 0.027344
0 0.861328 0.654297 0.027344 0.027344
0 0.849609 0.537109 0.031250 0.031250
0 0.492188 0.908203 0.035156 0.035156
0 0.494141 0.263672 0.035156 0.035156
0 0.382812 0.744141 0.031250 0.031250
0 0.925781 0.570312 0.027344 0.027344
0 0.871094 0.820312 0.035156 0.035156
1 0.179688 0.371094 0.049477 0.016209
1 0.222656 0.802734 0.028568 0.036024
1 0.441406 0.939453 0.042813 0.042813
1 0.226562 0.818359 0.031416 0.010310
1 0.779297 0.017578 0.050685 0.025078
1 0.712891 0.115234 0.012433 0.041214
1 0.349609 0.019531 0.043107 0.045228
1 0.439453 0.375000 0.037819 0.012963
1 0.572266 0.169922 0.033383 0.035502
1 0.234375 0.083984 0.029539 0.031080
1 0.175781 0.765625 0.018448 0.033085
1 0.931641 0.216797 0.024341 0.046385
1 0.738281 0.427734 0.036640 0.031364
1 0.173828 0.134766 0.030657 0.041380
1 0.343750 0.361328 0.047888 0.017705
1 0.183594 0.357422 0.034416 0.054901
1 0.294922 0.148438 0.022071 0.049692
1 0.925781 0.238281 0.040199 0.016392
1 0.460938 0.570312 0.018088 0.044162
1 0.369141 0.341797 0.032154 0.026808