0 0.283203 0.185547 0.035156 0.035156
0 0.671875 0.839844 0.031250 0.031250
0 0.863281 0.042969 0.031250 0.031250
0 0.429688 0.212891 0.031250 0.031250
0 0.785156 0.822266 0.023438 0.023438
0 0.578125 0.849609 0.031250 0.031250
0 0.101562 0.796875 0.031250 0.031250
0 0.468750 0.794922 0.027344 0.027344
0 0.023438 0.488281 0.035156 0.035156
0 0.132812 0.101562 0.031250 0.031250
0 0.140625 0.593750 0.031250 0.031250
0 0.927734 0.498047 0.027344 0.027344
0 0.843750 0.576172 0.035156 0.035156
0 0.113281 0.246094 0.035156 0.035156
0 0.330078 0.943359 0.035156 0.035156
0 0.388672 0.234375 0.031250 0.031250
0 0.365234 0.533203 0.031250 0.031250
0 0.603516 0.968750 0.035156 0.035156
0 0.394531 0.453125 0.031250 0.031250
0 0.068359 0.933594 0.027344 0.027344
0 0.730469 0.941406 0.023438 0.023438
0 0.888672 0.423828 0.035156 0.035156
0 0.843750 0.539062 0.035156 0.035156
0 0.675781 0.560547 0.035156 0.035156
0 0.373047 0.654297 0.023438 0.023438
0 0.080078 0.134766 0.031250 0.031250
0 0.287109 0.617188 0.023438 0.023438
0 0.373047 0.017578 0.031250 0.031250
0 0.490234 0.777344 0.027344 0.027344
0 0.898438 0.974609 0.023438 0.023438
1 0.074219 0.980469 0.019616 0.030851
1 0.435547 0.371094 0.021495 0.041051
1 0.414062 0.412109 0.050728 0.042271
1 0.500000 0.640625 0.057305 0.035528
1 0.765625 0.732422 0.053119 0.042087
1 0.259766 0.443359 0.021378 0.053580
1 0.423828 0.902344 0.018046 0.051780
1 0.521484 0.376953 0.047072 0.012535
1 0.087891 0.009766 0.016545 0.032646
1 0.648438 0.841797 0.042767 0.020586
1 0.648438 0.736328 0.057305 0.035528
1 0.050781 0.773438 0.032179 0.031311
1 0.179688 0.386719 0.037109 0.011719
1 0.330078 0.835938 0.025944 0.036735
1 0.164062 0.294922 0.018944 0.053852
1 0.726562 0.251953 0.035202 0.019756
1 0.259766 0.320312 0.045006 0.053463
1 0.613281 0.462891 0.034150 0.039872
1 0.490234 0.503906 0.049525 0.029866
1 0.595703 0.521484 0.055542 0.018200