0 0.933594 0.056641 0.031250 0.031250
0 0.396484 0.728516 0.031250 0.031250
0 0.441406 0.330078 0.031250 0.031250
0 0.523438 0.447266 0.035156 0.035156
0 0.236328 0.939453 0.031250 0.031250
0 0.910156 0.710938 0.023438 0.023438
0 0.072266 0.451172 0.031250 0.031250
0 0.822266 0.763672 0.031250 0.031250
0 0.945312 0.185547 0.031250 0.031250
0 0.949219 0.253906 0.027344 0.027344
0 0.416016 0.314453 0.027344 0.027344
0 0.697266 0.359375 0.035156 0.035156
0 0.660156 0.781250 0.031250 0.031250
0 0.181641 0.654297 0.027344 0.027344
0 0.375000 0.470703 0.035156 0.035156
0 0.796875 0.316406 0.023438 0.023438
0 0.515625 0.154297 0.031250 0.031250
0 0.082031 0.478516 0.035156 0.035156
0 0.652344 0.830078 0.027344 0.027344
0 0.080078 0.302734 0.035156 0.035156
0 0.738281 0.132812 0.023438 0.023438
0 0.037109 0.767578 0.035156 0.035156
0 0.044922 0.183594 0.031250 0.031250
0 0.693359 0.113281 0.031250 0.031250
0 0.570312 0.968750 0.023438 0.023438
0 0.257812 0.826172 0.031250 0.031250
0 0.099609 0.906250 0.031250 0.031250
0 0.298828 0.130859 0.027344 0.027344
0 0.781250 0.728516 0.023438 0.023438
0 0.351562 0.341797 0.035156 0.035156
1 0.525391 0.894531 0.051801 0.033852
1 0.818359 0.523438 0.043115 0.047689
1 0.082031 0.675781 0.029716 0.055397
1 0.103516 0.470703 0.032167 0.040781
1 0.193359 0.171875 0.012467 0.043167
1 0.521484 0.875000 0.010918 0.033524
1 0.097656 0.701172 0.049025 0.012569
1 0.638672 0.898438 0.051364 0.040823
1 0.646484 0.480469 0.018975 0.040585
1 0.199219 0.771484 0.051804 0.035816
1 0.876953 0.982422 0.025846 0.037718
1 0.671875 0.757812 0.052822 0.039039
1 0.246094 0.947266 0.038549 0.050609
1 0.367188 0.763672 0.020926 0.044690
1 0.455078 0.818359 0.021060 0.045919
1 0.695312 0.423828 0.053859 0.044353
1 0.937500 0.404297 0.035115 0.036657
1 0.082031 0.650391 0.042186 0.037612
1 0.564453 0.828125 0.030784 0.020437
1 0.716797 0.451172 0.032900 0.033382