0 0.632812 0.724609 0.023438 0.023438
0 0.326172 0.474609 0.023438 0.023438
0 0.369141 0.402344 0.023438 0.023438
0 0.878906 0.640625 0.023438 0.023438
0 0.208984 0.490234 0.023438 0.023438
0 0.367188 0.468750 0.027344 0.027344
0 0.212891 0.570312 0.035156 0.035156
0 0.646484 0.197266 0.035156 0.035156
0 0.378906 0.240234 0.031250 0.031250
0 0.617188 0.466797 0.031250 0.031250
0 0.191406 0.437500 0.027344 0.027344
0 0.527344 0.490234 0.035156 0.035156
0 0.765625 0.939453 0.027344 0.027344
0 0.472656 0.595703 0.023438 0.023438
0 0.369141 0.914062 0.031250 0.031250
0 0.449219 0.105469 0.027344 0.027344
0 0.910156 0.392578 0.035156 0.035156
0 0.304688 0.798828 0.023438 0.023438
0 0.210938 0.863281 0.035156 0.035156
0 0.347656 0.169922 0.035156 0.035156
0 0.638672 0.574219 0.031250 0.031250
0 0.699219 0.902344 0.035156 0.035156
0 0.613281 0.070312 0.031250 0.031250
0 0.912109 0.683594 0.027344 0.027344
0 0.130859 0.923828 0.027344 0.027344
0 0.945312 0.031250 0.027344 0.027344
0 0.421875 0.515625 0.031250 0.031250
0 0.591797 0.912109 0.027344 0.027344
0 0.695312 0.595703 0.031250 0.031250
0 0.394531 0.023438 0.031250 0.031250
1 0.677734 0.623047 0.028340 0.045930
1 0.117188 0.560547 0.033693 0.049880
1 0.416016 0.904297 0.041881 0.015249
1 0.855469 0.912109 0.031256 0.049206
1 0.412109 0.203125 0.024479 0.029749
1 0.292969 0.529297 0.051223 0.012410
1 0.789062 0.632812 0.014228 0.030207
1 0.421875 0.060547 0.010514 0.043133
1 0.593750 0.572266 0.019341 0.046274
1 0.263672 0.968750 0.043030 0.029172
1 0.890625 0.345703 0.022587 0.041960
1 0.410156 0.439453 0.045341 0.035399
1 0.458984 0.830078 0.042315 0.054949
1 0.091797 0.923828 0.032968 0.030320
1 0.703125 0.134766 0.032554 0.030820
1 0.695312 0.107422 0.053209 0.038297
1 0.355469 0.232422 0.032837 0.048124
1 0.478516 0.185547 0.042567 0.052639
1 0.949219 0.324219 0.039514 0.037779
1 0.685547 0.414062 0.025009 0.039539