0 0.794922 0.640625 0.027344 0.027344
0 0.460938 0.820312 0.027344 0.027344
0 0.060547 0.171875 0.023438 0.023438
0 0.054688 0.339844 0.031250 0.031250
0 0.882812 0.224609 0.027344 0.027344
0 0.425781 0.539062 0.027344 0.027344
0 0.345703 0.482422 0.023438 0.023438
0 0.685547 0.083984 0.023438 0.023438
0 0.177734 0.687500 0.035156 0.035156
0 0.769531 0.332031 0.031250 0.031250
0 0.240234 0.205078 0.023438 0.023438
0 0.511719 0.914062 0.027344 0.027344
0 0.138672 0.029297 0.027344 0.027344
0 0.962891 0.605469 0.023438 0.023438
0 0.222656 0.306641 0.027344 0.027344
0 0.078125 0.048828 0.027344 0.027344
0 0.824219 0.441406 0.031250 0.031250
0 0.886719 0.242188 0.027344 0.027344
0 0.406250 0.914062 0.023438 0.023438
0 0.056641 0.132812 0.035156 0.035156
0 0.605469 0.871094 0.023438 0.023438
0 0.027344 0.191406 0.023438 0.023438
0 0.406250 0.761719 0.031250 0.031250
0 0.402344 0.943359 0.035156 0.035156
0 0.845703 0.693359 0.023438 0.023438
0 0.341797 0.951172 0.035156 0.035156
0 0.173828 0.968750 0.035156 0.035156
0 0.220703 0.306641 0.027344 0.027344
0 0.753906 0.951172 0.023438 0.023438
0 0.044922 0.859375 0.027344 0.027344
1 0.447266 0.595703 0.032900 0.033382
1 0.656250 0.875000 0.055189 0.033607
1 0.574219 0.093750 0.053119 0.042087
1 0.033203 0.810547 0.025924 0.031200
1 0.625000 0.830078 0.033157 0.018931
1 0.056641 0.447266 0.016049 0.032598
1 0.294922 0.773438 0.016106 0.047526
1 0.837891 0.615234 0.032155 0.054919
1 0.574219 0.664062 0.045697 0.014408
1 0.277344 0.949219 0.044535 0.046560
1 0.466797 0.039062 0.028517 0.026591
1 0.248047 0.101562 0.049107 0.041364
1 0.929688 0.644531 0.022365 0.048622
1 0.462891 0.419922 0.037126 0.047199
1 0.474609 0.816406 0.021084 0.044504
1 0.570312 0.435547 0.046412 0.029326
1 0.271484 0.339844 0.053623 0.040574
1 0.888672 0.265625 0.025482 0.032311
1 0.548828 0.296875 0.041051 0.021495
1 0.609375 0.982422 0.037989 0.036543