0 0.855469 0.576172 0.023438 0.023438
0 0.279297 0.835938 0.035156 0.035156
0 0.216797 0.957031 0.035156 0.035156
0 0.197266 0.298828 0.027344 0.027344
0 0.031250 0.166016 0.027344 0.027344
0 0.220703 0.617188 0.023438 0.023438
0 0.724609 0.404297 0.031250 0.031250
0 0.015625 0.382812 0.023438 0.023438
0 0.248047 0.750000 0.027344 0.027344
0 0.388672 0.773438 0.031250 0.031250
0 0.269531 0.265625 0.023438 0.023438
0 0.800781 0.142578 0.035156 0.035156
0 0.718750 0.144531 0.031250 0.031250
0 0.501953 0.716797 0.035156 0.035156
0 0.214844 0.849609 0.027344 0.027344
0 0.650391 0.470703 0.027344 0.027344
0 0.875000 0.148438 0.027344 0.027344
0 0.912109 0.410156 0.023438 0.023438
0 0.541016 0.421875 0.027344 0.027344
0 0.447266 0.468750 0.035156 0.035156
0 0.789062 0.841797 0.031250 0.031250
0 0.976562 0.255859 0.023438 0.023438
0 0.589844 0.843750 0.031250 0.031250
0 0.242188 0.437500 0.031250 0.031250
0 0.103516 0.705078 0.031250 0.031250
0 0.978516 0.494141 0.035156 0.035156
0 0.695312 0.833984 0.023438 0.023438
0 0.765625 0.824219 0.027344 0.027344
0 0.912109 0.212891 0.023438 0.023438
0 0.478516 0.917969 0.031250 0.031250
1 0.660156 0.787109 0.035932 0.045121
1 0.408203 0.937500 0.036486 0.018532
1 0.681641 0.496094 0.048790 0.024606
1 0.164062 0.617188 0.046433 0.038360
1 0.871094 0.380859 0.032066 0.023692
1 0.951172 0.376953 0.025901 0.039390
1 0.568359 0.902344 0.027085 0.039501
1 0.304688 0.263672 0.032220 0.057901
1 0.867188 0.613281 0.055220 0.037709
1 0.347656 0.164062 0.015429 0.055409
1 0.554688 0.718750 0.023263 0.035803
1 0.628906 0.421875 0.039536 0.047993
1 0.591797 0.587891 0.029576 0.050363
1 0.576172 0.132812 0.051553 0.037262
1 0.755859 0.314453 0.051780 0.018046
1 0.468750 0.275391 0.036418 0.016862
1 0.054688 0.863281 0.053385 0.014325
1 0.583984 0.728516 0.012614 0.055124
1 0.857422 0.935547 0.013133 0.039765
1 0.361328 0.658203 0.039347 0.028556