0 0.212891 0.347656 0.035156 0.035156
0 0.802734 0.445312 0.023438 0.023438
0 0.445312 0.857422 0.031250 0.031250
0 0.505859 0.523438 0.023438 0.023438
0 0.085938 0.035156 0.035156 0.035156
0 0.343750 0.117188 0.031250 0.031250
0 0.968750 0.091797 0.027344 0.027344
0 0.386719 0.169922 0.035156 0.035156
0 0.306641 0.121094 0.035156 0.035156
0 0.404297 0.019531 0.035156 0.035156
0 0.390625 0.546875 0.027344 0.027344
0 0.576172 0.791016 0.035156 0.035156
0 0.974609 0.740234 0.035156 0.035156
0 0.572266 0.060547 0.031250 0.031250
0 0.732422 0.154297 0.031250 0.031250
0 0.474609 0.396484 0.035156 0.035156
0 0.460938 0.714844 0.035156 0.035156
0 0.333984 0.109375 0.031250 0.031250
0 0.486328 0.626953 0.027344 0.027344
0 0.324219 0.185547 0.031250 0.031250
0 0.566406 0.035156 0.031250 0.031250
0 0.535156 0.310547 0.027344 0.027344
0 0.535156 0.914062 0.031250 0.031250
0 0.388672 0.062500 0.031250 0.031250
0 0.037109 0.125000 0.035156 0.035156
0 0.509766 0.310547 0.023438 0.023438
0 0.466797 0.929688 0.031250 0.031250
0 0.498047 0.357422 0.035156 0.035156
0 0.812500 0.726562 0.031250 0.031250
0 0.125000 0.660156 0.031250 0.031250
1 0.498047 0.572266 0.027044 0.032800
1 0.701172 0.777344 0.031368 0.025571
1 0.517578 0.701172 0.039383 0.022811
1 0.480469 0.628906 0.049275 0.036848
1 0.935547 0.255859 0.030834 0.026606
1 0.222656 0.033203 0.035274 0.033684
1 0.460938 0.625000 0.041378 0.046674
1 0.417969 0.875000 0.043656 0.013473
1 0.757812 0.248047 0.049275 0.036848
1 0.248047 0.705078 0.035721 0.013543
1 0.400391 0.164062 0.012228 0.029497
1 0.613281 0.623047 0.043831 0.051903
1 0.826172 0.154297 0.020693 0.042119
1 0.933594 0.087891 0.030834 0.026606
1 0.125000 0.431641 0.015922 0.034456
1 0.304688 0.503906 0.027012 0.037020
1 0.552734 0.701172 0.026876 0.043218
1 0.490234 0.931641 0.058209 0.024228
1 0.695312 0.136719 0.038585 0.026304
1 0.140625 0.451172 0.039992 0.028686