0 0.242188 0.880859 0.027344 0.027344
0 0.736328 0.951172 0.031250 0.031250
0 0.957031 0.304688 0.027344 0.027344
0 0.847656 0.503906 0.031250 0.031250
0 0.296875 0.447266 0.023438 0.023438
0 0.025391 0.976562 0.035156 0.035156
0 0.103516 0.554688 0.035156 0.035156
0 0.460938 0.271484 0.027344 0.027344
0 0.427734 0.541016 0.027344 0.027344
0 0.386719 0.960938 0.031250 0.031250
0 0.064453 0.298828 0.023438 0.023438
0 0.033203 0.138672 0.035156 0.035156
0 0.792969 0.406250 0.035156 0.035156
0 0.365234 0.281250 0.031250 0.031250
0 0.634766 0.972656 0.035156 0.035156
0 0.128906 0.546875 0.031250 0.031250
0 0.611328 0.298828 0.023438 0.023438
0 0.443359 0.416016 0.031250 0.031250
0 0.693359 0.128906 0.035156 0.035156
0 0.943359 0.482422 0.035156 0.035156
0 0.505859 0.884766 0.035156 0.035156
0 0.083984 0.582031 0.031250 0.031250
0 0.763672 0.779297 0.023438 0.023438
0 0.824219 0.937500 0.035156 0.035156
0 0.687500 0.806641 0.035156 0.035156
0 0.119141 0.853516 0.023438 0.023438
0 0.828125 0.115234 0.023438 0.023438
0 0.873047 0.443359 0.027344 0.027344
0 0.445312 0.390625 0.027344 0.027344
0 0.042969 0.896484 0.031250 0.031250
1 0.353516 0.841797 0.057320 0.015641
1 0.603516 0.253906 0.054688 0.013672
1 0.664062 0.240234 0.037074 0.031308
1 0.808594 0.857422 0.047870 0.020060
1 0.357422 0.142578 0.034394 0.015383
1 0.546875 0.820312 0.024252 0.039773
1 0.498047 0.500000 0.021089 0.039141
1 0.703125 0.636719 0.023798 0.040750
1 0.404297 0.128906 0.023773 0.047599
1 0.748047 0.089844 0.041146 0.026757
1 0.669922 0.755859 0.015955 0.034076
1 0.832031 0.451172 0.026848 0.032591
1 0.628906 0.035156 0.035390 0.014283
1 0.417969 0.333984 0.045385 0.050922
1 0.611328 0.556641 0.020679 0.036420
1 0.650391 0.199219 0.051608 0.029139
1 0.339844 0.388672 0.030090 0.030668
1 0.300781 0.376953 0.023304 0.035175
1 0.863281 0.230469 0.011719 0.031250
1 0.873047 0.169922 0.057463 0.020394