0 0.763672 0.144531 0.035156 0.035156
0 0.732422 0.402344 0.023438 0.023438
0 0.242188 0.714844 0.035156 0.035156
0 0.546875 0.603516 0.035156 0.035156
0 0.591797 0.886719 0.023438 0.023438
0 0.876953 0.650391 0.031250 0.031250
0 0.355469 0.976562 0.031250 0.031250
0 0.707031 0.783203 0.023438 0.023438
0 0.148438 0.908203 0.031250 0.031250
0 0.414062 0.017578 0.035156 0.035156
0 0.787109 0.789062 0.023438 0.023438
0 0.552734 0.433594 0.031250 0.031250
0 0.513672 0.539062 0.023438 0.023438
0 0.367188 0.306641 0.031250 0.031250
0 0.878906 0.943359 0.023438 0.023438
0 0.912109 0.421875 0.023438 0.023438
0 0.244141 0.914062 0.035156 0.035156
0 0.156250 0.025391 0.031250 0.031250
0 0.826172 0.964844 0.031250 0.031250
0 0.732422 0.533203 0.027344 0.027344
0 0.281250 0.625000 0.035156 0.035156
0 0.523438 0.714844 0.027344 0.027344
0 0.523438 0.574219 0.035156 0.035156
0 0.312500 0.406250 0.027344 0.027344
0 0.265625 0.492188 0.031250 0.031250
0 0.115234 0.324219 0.023438 0.023438
0 0.162109 0.373047 0.031250 0.031250
0 0.058594 0.023438 0.027344 0.027344
0 0.687500 0.960938 0.023438 0.023438
0 0.625000 0.601562 0.035156 0.035156
1 0.488281 0.708984 0.052622 0.046270
1 0.779297 0.482422 0.037362 0.034279
1 0.125000 0.400391 0.030629 0.045973
1 0.857422 0.769531 0.040715 0.024372
1 0.238281 0.890625 0.048828 0.026063
1 0.185547 0.210938 0.030920 0.029764
1 0.765625 0.867188 0.018903 0.049794
1 0.880859 0.107422 0.018957 0.040581
1 0.402344 0.929688 0.017646 0.036657
1 0.208984 0.134766 0.054884 0.012671
1 0.773438 0.171875 0.047560 0.036493
1 0.587891 0.353516 0.050272 0.039204
1 0.441406 0.148438 0.019109 0.053875
1 0.943359 0.349609 0.039184 0.054197
1 0.244141 0.234375 0.040051 0.040051
1 0.652344 0.285156 0.028074 0.039410
1 0.945312 0.685547 0.035308 0.036464
1 0.203125 0.896484 0.038471 0.054459
1 0.654297 0.914062 0.047840 0.039206
1 0.357422 0.689453 0.037118 0.056902