0 0.726562 0.486328 0.035156 0.035156
0 0.818359 0.416016 0.027344 0.027344
0 0.248047 0.025391 0.027344 0.027344
0 0.951172 0.169922 0.023438 0.023438
0 0.533203 0.076172 0.031250 0.031250
0 0.660156 0.476562 0.023438 0.023438
0 0.050781 0.378906 0.035156 0.035156
0 0.732422 0.111328 0.031250 0.031250
0 0.148438 0.062500 0.031250 0.031250
0 0.591797 0.076172 0.023438 0.023438
0 0.082031 0.500000 0.027344 0.027344
0 0.333984 0.804688 0.035156 0.035156
0 0.273438 0.341797 0.031250 0.031250
0 0.306641 0.068359 0.027344 0.027344
0 0.828125 0.847656 0.027344 0.027344
0 0.576172 0.117188 0.023438 0.023438
0 0.109375 0.847656 0.035156 0.035156
0 0.890625 0.712891 0.031250 0.031250
0 0.587891 0.021484 0.023438 0.023438
0 0.968750 0.384766 0.027344 0.027344
0 0.158203 0.847656 0.023438 0.023438
0 0.929688 0.689453 0.035156 0.035156
0 0.615234 0.287109 0.031250 0.031250
0 0.933594 0.529297 0.023438 0.023438
0 0.238281 0.828125 0.023438 0.023438
0 0.884766 0.367188 0.031250 0.031250
0 0.552734 0.619141 0.023438 0.023438
0 0.025391 0.839844 0.031250 0.031250
0 0.220703 0.751953 0.035156 0.035156
0 0.884766 0.869141 0.027344 0.027344
1 0.923828 0.130859 0.043263 0.031081
1 0.892578 0.490234 0.043804 0.038607
1 0.062500 0.761719 0.058006 0.031367
1 0.486328 0.492188 0.057456 0.017590
1 0.384766 0.298828 0.020060 0.047870
1 0.908203 0.824219 0.032711 0.026498
1 0.375000 0.210938 0.030179 0.015682
1 0.154297 0.099609 0.048318 0.022711
1 0.529297 0.507812 0.036306 0.027727
1 0.248047 0.933594 0.044012 0.017079
1 0.363281 0.783203 0.027256 0.030432
1 0.224609 0.603516 0.021495 0.041051
1 0.248047 0.669922 0.040047 0.022537
1 0.412109 0.572266 0.037377 0.029002
1 0.130859 0.109375 0.050978 0.012603
1 0.193359 0.736328 0.053623 0.040574
1 0.050781 0.587891 0.044128 0.041381
1 0.203125 0.859375 0.034818 0.025935
1 0.490234 0.644531 0.032294 0.040372
1 0.919922 0.162109 0.048060 0.051240