0 0.701172 0.958984 0.023438 0.023438
0 0.828125 0.666016 0.031250 0.031250
0 0.085938 0.148438 0.027344 0.027344
0 0.544922 0.785156 0.035156 0.035156
0 0.603516 0.478516 0.035156 0.035156
0 0.386719 0.259766 0.027344 0.027344
0 0.468750 0.583984 0.023438 0.023438
0 0.845703 0.632812 0.027344 0.027344
0 0.646484 0.748047 0.035156 0.035156
0 0.375000 0.046875 0.035156 0.035156
0 0.718750 0.349609 0.035156 0.035156
0 0.068359 0.859375 0.031250 0.031250
0 0.044922 0.291016 0.035156 0.035156
0 0.925781 0.826172 0.031250 0.031250
0 0.234375 0.121094 0.031250 0.031250
0 0.798828 0.792969 0.031250 0.031250
0 0.507812 0.169922 0.035156 0.035156
0 0.273438 0.480469 0.031250 0.031250
0 0.609375 0.167969 0.023438 0.023438
0 0.408203 0.943359 0.027344 0.027344
0 0.550781 0.164062 0.031250 0.031250
0 0.548828 0.304688 0.031250 0.031250
0 0.810547 0.791016 0.027344 0.027344
0 0.378906 0.369141 0.027344 0.027344
0 0.296875 0.294922 0.027344 0.027344
0 0.263672 0.435547 0.035156 0.035156
0 0.333984 0.105469 0.027344 0.027344
0 0.107422 0.429688 0.031250 0.031250
0 0.033203 0.292969 0.027344 0.027344
0 0.447266 0.570312 0.023438 0.023438
1 0.136719 0.070312 0.037109 0.011719
1 0.339844 0.468750 0.047255 0.013348
1 0.162109 0.646484 0.042583 0.048068
1 0.205078 0.191406 0.034245 0.041920
1 0.898438 0.943359 0.012433 0.041214
1 0.054688 0.414062 0.037845 0.029940
1 0.472656 0.341797 0.037185 0.044873
1 0.464844 0.386719 0.045041 0.051104
1 0.167969 0.513672 0.056286 0.034558
1 0.890625 0.740234 0.030464 0.014228
1 0.224609 0.574219 0.031676 0.024842
1 0.470703 0.785156 0.024232 0.033224
1 0.794922 0.697266 0.040278 0.017680
1 0.835938 0.273438 0.031165 0.053932
1 0.537109 0.103516 0.039410 0.028074
1 0.238281 0.093750 0.057409 0.016596
1 0.369141 0.207031 0.029870 0.013236
1 0.792969 0.597656 0.041385 0.025645
1 0.109375 0.220703 0.051646 0.016738
1 0.052734 0.492188 0.019702 0.044415