0 0.433594 0.962891 0.023438 0.023438
0 0.324219 0.521484 0.035156 0.035156
0 0.601562 0.048828 0.027344 0.027344
0 0.318359 0.189453 0.023438 0.023438
0 0.748047 0.871094 0.027344 0.027344
0 0.302734 0.218750 0.023438 0.023438
0 0.628906 0.126953 0.027344 0.027344
0 0.294922 0.623047 0.027344 0.027344
0 0.193359 0.378906 0.027344 0.027344
0 0.933594 0.089844 0.027344 0.027344
0 0.474609 0.677734 0.035156 0.035156
0 0.859375 0.052734 0.035156 0.035156
0 0.414062 0.107422 0.023438 0.023438
0 0.421875 0.107422 0.035156 0.035156
0 0.859375 0.835938 0.035156 0.035156
0 0.083984 0.160156 0.027344 0.027344
0 0.910156 0.214844 0.027344 0.027344
0 0.816406 0.865234 0.023438 0.023438
0 0.398438 0.636719 0.027344 0.027344
0 0.205078 0.166016 0.023438 0.023438
0 0.126953 0.423828 0.027344 0.027344
0 0.828125 0.472656 0.035156 0.035156
0 0.191406 0.785156 0.023438 0.023438
0 0.027344 0.751953 0.031250 0.031250
0 0.011719 0.470703 0.023438 0.023438
0 0.976562 0.978516 0.035156 0.035156
0 0.275391 0.287109 0.031250 0.031250
0 0.488281 0.437500 0.023438 0.023438
0 0.033203 0.722656 0.023438 0.023438
0 0.664062 0.447266 0.035156 0.035156
1 0.447266 0.742188 0.035503 0.055342
1 0.876953 0.728516 0.040503 0.033157
1 0.753906 0.507812 0.045576 0.016004
1 0.859375 0.757812 0.019616 0.030851
1 0.318359 0.808594 0.057074 0.012717
1 0.390625 0.798828 0.011719 0.042969
1 0.554688 0.888672 0.042038 0.048433
1 0.128906 0.714844 0.036000 0.029285
1 0.189453 0.283203 0.047718 0.015760
1 0.720703 0.462891 0.050168 0.032350
1 0.123047 0.242188 0.054427 0.028493
1 0.906250 0.826172 0.055922 0.023720
1 0.457031 0.050781 0.044690 0.020926
1 0.552734 0.228516 0.043218 0.026876
1 0.880859 0.462891 0.044943 0.022987
1 0.210938 0.492188 0.039261 0.012399
1 0.128906 0.015625 0.056167 0.039418
1 0.677734 0.818359 0.054887 0.027038
1 0.878906 0.843750 0.041886 0.051112
1 0.189453 0.271484 0.031949 0.028485