0 0.693359 0.351562 0.035156 0.035156
0 0.675781 0.052734 0.027344 0.027344
0 0.363281 0.257812 0.031250 0.031250
0 0.775391 0.890625 0.023438 0.023438
0 0.527344 0.621094 0.031250 0.031250
0 0.312500 0.974609 0.035156 0.035156
0 0.583984 0.587891 0.023438 0.023438
0 0.310547 0.435547 0.023438 0.023438
0 0.332031 0.050781 0.027344 0.027344
0 0.748047 0.173828 0.035156 0.035156
0 0.753906 0.632812 0.031250 0.031250
0 0.789062 0.662109 0.027344 0.027344
0 0.474609 0.652344 0.027344 0.027344
0 0.259766 0.839844 0.031250 0.031250
0 0.603516 0.880859 0.027344 0.027344
0 0.623047 0.503906 0.023438 0.023438
0 0.074219 0.289062 0.035156 0.035156
0 0.570312 0.173828 0.027344 0.027344
0 0.556641 0.123047 0.035156 0.035156
0 0.666016 0.423828 0.023438 0.023438
0 0.724609 0.429688 0.031250 0.031250
0 0.083984 0.691406 0.031250 0.031250
0 0.310547 0.962891 0.035156 0.035156
0 0.472656 0.664062 0.035156 0.035156
0 0.265625 0.242188 0.023438 0.023438
0 0.736328 0.826172 0.035156 0.035156
0 0.113281 0.937500 0.031250 0.031250
0 0.812500 0.724609 0.023438 0.023438
0 0.429688 0.494141 0.031250 0.031250
0 0.343750 0.082031 0.023438 0.023438
1 0.738281 0.587891 0.022307 0.044872
1 0.685547 0.531250 0.045341 0.035399
1 0.736328 0.498047 0.037289 0.037289
1 0.492188 0.042969 0.026054 0.051989
1 0.291016 0.535156 0.038093 0.041704
1 0.261719 0.302734 0.041381 0.044128
1 0.302734 0.162109 0.044194 0.044194
1 0.382812 0.638672 0.033589 0.040070
1 0.425781 0.351562 0.019990 0.042556
1 0.500000 0.867188 0.054995 0.011668
1 0.431641 0.886719 0.016596 0.057409
1 0.093750 0.718750 0.052205 0.031699
1 0.486328 0.632812 0.045844 0.015923
1 0.728516 0.048828 0.030896 0.040793
1 0.261719 0.955078 0.043946 0.021902
1 0.794922 0.933594 0.012875 0.045494
1 0.349609 0.078125 0.022057 0.032449
1 0.558594 0.818359 0.035610 0.021800
1 0.306641 0.591797 0.017680 0.040278
1 0.873047 0.486328 0.026990 0.030450