0 0.794922 0.724609 0.031250 0.031250
0 0.054688 0.189453 0.023438 0.023438
0 0.876953 0.982422 0.031250 0.031250
0 0.843750 0.523438 0.023438 0.023438
0 0.566406 0.144531 0.027344 0.027344
0 0.554688 0.906250 0.035156 0.035156
0 0.289062 0.400391 0.035156 0.035156
0 0.197266 0.660156 0.027344 0.027344
0 0.765625 0.412109 0.035156 0.035156
0 0.113281 0.212891 0.031250 0.031250
0 0.507812 0.148438 0.031250 0.031250
0 0.777344 0.673828 0.023438 0.023438
0 0.267578 0.701172 0.035156 0.035156
0 0.636719 0.595703 0.023438 0.023438
0 0.923828 0.941406 0.031250 0.031250
0 0.730469 0.617188 0.031250 0.031250
0 0.728516 0.048828 0.023438 0.023438
0 0.789062 0.875000 0.035156 0.035156
0 0.576172 0.949219 0.027344 0.027344
0 0.625000 0.121094 0.027344 0.027344
0 0.439453 0.089844 0.031250 0.031250
0 0.503906 0.695312 0.023438 0.023438
0 0.568359 0.783203 0.035156 0.035156
0 0.861328 0.558594 0.023438 0.023438
0 0.060547 0.244141 0.027344 0.027344
0 0.806641 0.416016 0.035156 0.035156
0 0.359375 0.638672 0.035156 0.035156
0 0.683594 0.164062 0.035156 0.035156
0 0.462891 0.029297 0.031250 0.031250
0 0.449219 0.824219 0.035156 0.035156
1 0.619141 0.162109 0.050121 0.020020
1 0.279297 0.626953 0.016358 0.055470
1 0.632812 0.302734 0.017575 0.057555
1 0.894531 0.720703 0.024101 0.031369
1 0.158203 0.537109 0.036657 0.035115
1 0.138672 0.939453 0.035907 0.025114
1 0.060547 0.818359 0.019181 0.044064
1 0.197266 0.566406 0.029713 0.035762
1 0.580078 0.757812 0.048816 0.025338
1 0.859375 0.800781 0.018957 0.040581
1 0.441406 0.947266 0.030017 0.039958
1 0.458984 0.919922 0.036996 0.046759
1 0.699219 0.955078 0.020419 0.036991
1 0.886719 0.306641 0.041318 0.023909
1 0.134766 0.845703 0.030926 0.032516
1 0.763672 0.382812 0.047988 0.045867
1 0.253906 0.050781 0.046508 0.020531
1 0.958984 0.083984 0.014415 0.039785
1 0.048828 0.906250 0.045119 0.036486
1 0.238281 0.501953 0.043657 0.044718