0 0.417969 0.925781 0.027344 0.027344
0 0.421875 0.074219 0.035156 0.035156
0 0.351562 0.808594 0.023438 0.023438
0 0.902344 0.820312 0.027344 0.027344
0 0.445312 0.710938 0.027344 0.027344
0 0.451172 0.060547 0.027344 0.027344
0 0.808594 0.158203 0.035156 0.035156
0 0.757812 0.451172 0.027344 0.027344
0 0.216797 0.568359 0.035156 0.035156
0 0.591797 0.392578 0.023438 0.023438
0 0.839844 0.572266 0.035156 0.035156
0 0.953125 0.570312 0.027344 0.027344
0 0.306641 0.931641 0.023438 0.023438
0 0.300781 0.083984 0.023438 0.023438
0 0.656250 0.539062 0.027344 0.027344
0 0.382812 0.824219 0.035156 0.035156
0 0.171875 0.611328 0.031250 0.031250
0 0.111328 0.175781 0.031250 0.031250
0 0.468750 0.082031 0.023438 0.023438
0 0.130859 0.296875 0.035156 0.035156
0 0.832031 0.675781 0.031250 0.031250
0 0.392578 0.083984 0.031250 0.031250
0 0.583984 0.984375 0.027344 0.027344
0 0.919922 0.724609 0.031250 0.031250
0 0.962891 0.306641 0.023438 0.023438
0 0.322266 0.824219 0.027344 0.027344
0 0.460938 0.791016 0.023438 0.023438
0 0.556641 0.933594 0.027344 0.027344
0 0.697266 0.755859 0.031250 0.031250
0 0.517578 0.335938 0.035156 0.035156
1 0.669922 0.826172 0.031593 0.041355
1 0.054688 0.171875 0.037592 0.027700
1 0.710938 0.199219 0.025623 0.056361
1 0.582031 0.138672 0.057490 0.028648
1 0.062500 0.861328 0.058154 0.023300
1 0.892578 0.765625 0.049422 0.032463
1 0.337891 0.667969 0.028549 0.056565
1 0.753906 0.070312 0.050289 0.031664
1 0.447266 0.185547 0.042160 0.019398
1 0.228516 0.888672 0.038335 0.017476
1 0.482422 0.144531 0.021620 0.030613
1 0.607422 0.552734 0.016413 0.053378
1 0.484375 0.746094 0.030920 0.029764
1 0.460938 0.906250 0.048661 0.029562
1 0.896484 0.759766 0.046240 0.038086
1 0.353516 0.423828 0.024601 0.055898
1 0.480469 0.107422 0.040878 0.044539
1 0.761719 0.767578 0.033203 0.013672
1 0.082031 0.261719 0.048170 0.042633
1 0.806641 0.492188 0.036597 0.040449