0 0.099609 0.404297 0.031250 0.031250
0 0.755859 0.214844 0.023438 0.023438
0 0.070312 0.738281 0.031250 0.031250
0 0.101562 0.769531 0.027344 0.027344
0 0.277344 0.646484 0.035156 0.035156
0 0.066406 0.220703 0.023438 0.023438
0 0.867188 0.082031 0.023438 0.023438
0 0.830078 0.093750 0.031250 0.031250
0 0.783203 0.230469 0.023438 0.023438
0 0.080078 0.492188 0.027344 0.027344
0 0.455078 0.667969 0.023438 0.023438
0 0.156250 0.730469 0.031250 0.031250
0 0.916016 0.576172 0.027344 0.027344
0 0.796875 0.937500 0.035156 0.035156
0 0.855469 0.261719 0.031250 0.031250
0 0.894531 0.816406 0.035156 0.035156
0 0.423828 0.689453 0.027344 0.027344
0 0.203125 0.722656 0.035156 0.035156
0 0.558594 0.921875 0.027344 0.027344
0 0.765625 0.199219 0.035156 0.035156
0 0.160156 0.929688 0.031250 0.031250
0 0.699219 0.384766 0.035156 0.035156
0 0.759766 0.341797 0.023438 0.023438
0 0.970703 0.746094 0.031250 0.031250
0 0.095703 0.583984 0.031250 0.031250
0 0.517578 0.714844 0.031250 0.031250
0 0.667969 0.554688 0.031250 0.031250
0 0.291016 0.636719 0.027344 0.027344
0 0.548828 0.470703 0.027344 0.027344
0 0.740234 0.906250 0.023438 0.023438
1 0.845703 0.898438 0.033592 0.012870
1 0.701172 0.861328 0.022613 0.038914
1 0.140625 0.457031 0.029901 0.035172
1 0.498047 0.634766 0.033122 0.044927
1 0.187500 0.871094 0.028152 0.036170
1 0.431641 0.873047 0.020939 0.051677
1 0.369141 0.392578 0.012194 0.035752
1 0.154297 0.279297 0.030506 0.058093
1 0.126953 0.671875 0.046599 0.030761
1 0.158203 0.865234 0.029215 0.028781
1 0.552734 0.843750 0.038466 0.036009
1 0.585938 0.912109 0.036173 0.014563
1 0.345703 0.560547 0.032009 0.038922
1 0.460938 0.576172 0.052108 0.022021
1 0.564453 0.824219 0.025924 0.031200
1 0.480469 0.941406 0.037635 0.025045
1 0.576172 0.863281 0.033218 0.019408
1 0.408203 0.521484 0.045919 0.021060
1 0.679688 0.652344 0.037020 0.047033
1 0.623047 0.156250 0.040835 0.046894