0 0.779297 0.968750 0.031250 0.031250
0 0.177734 0.738281 0.023438 0.023438
0 0.824219 0.873047 0.023438 0.023438
0 0.507812 0.158203 0.031250 0.031250
0 0.529297 0.869141 0.035156 0.035156
0 0.210938 0.482422 0.027344 0.027344
0 0.179688 0.218750 0.031250 0.031250
0 0.291016 0.273438 0.023438 0.023438
0 0.310547 0.777344 0.027344 0.027344
0 0.949219 0.492188 0.023438 0.023438
0 0.423828 0.412109 0.027344 0.027344
0 0.490234 0.287109 0.023438 0.023438
0 0.855469 0.654297 0.023438 0.023438
0 0.728516 0.447266 0.023438 0.023438
0 0.123047 0.105469 0.035156 0.035156
0 0.921875 0.279297 0.035156 0.035156
0 0.427734 0.033203 0.035156 0.035156
0 0.769531 0.732422 0.023438 0.023438
0 0.369141 0.580078 0.035156 0.035156
0 0.203125 0.130859 0.031250 0.031250
0 0.332031 0.691406 0.023438 0.023438
0 0.253906 0.099609 0.027344 0.027344
0 0.029297 0.761719 0.023438 0.023438
0 0.927734 0.156250 0.027344 0.027344
0 0.332031 0.937500 0.027344 0.027344
0 0.925781 0.291016 0.035156 0.035156
0 0.302734 0.865234 0.035156 0.035156
0 0.173828 0.476562 0.027344 0.027344
0 0.195312 0.890625 0.027344 0.027344
0 0.230469 0.140625 0.031250 0.031250
1 0.314453 0.701172 0.032086 0.038410
1 0.212891 0.318359 0.043657 0.044718
1 0.376953 0.812500 0.046884 0.033519
1 0.869141 0.734375 0.053043 0.011600
1 0.167969 0.257812 0.018774 0.053629
1 0.218750 0.675781 0.036560 0.017854
1 0.564453 0.628906 0.016673 0.045896
1 0.660156 0.017578 0.036453 0.020152
1 0.464844 0.970703 0.021232 0.030679
1 0.166016 0.486328 0.038585 0.026304
1 0.158203 0.345703 0.034783 0.018160
1 0.359375 0.777344 0.018506 0.057471
1 0.722656 0.732422 0.049334 0.035630
1 0.470703 0.789062 0.052583 0.027139
1 0.435547 0.029297 0.038160 0.016854
1 0.228516 0.158203 0.037660 0.023867
1 0.527344 0.378906 0.053677 0.028249
1 0.431641 0.062500 0.055279 0.041609
1 0.134766 0.365234 0.018293 0.046105
1 0.052734 0.382812 0.031032 0.039464