0 0.228516 0.751953 0.031250 0.031250
0 0.697266 0.744141 0.031250 0.031250
0 0.218750 0.759766 0.027344 0.027344
0 0.349609 0.423828 0.031250 0.031250
0 0.132812 0.892578 0.023438 0.023438
0 0.705078 0.119141 0.035156 0.035156
0 0.587891 0.605469 0.031250 0.031250
0 0.193359 0.193359 0.035156 0.035156
0 0.080078 0.687500 0.031250 0.031250
0 0.978516 0.283203 0.031250 0.031250
0 0.281250 0.738281 0.035156 0.035156
0 0.519531 0.919922 0.031250 0.031250
0 0.296875 0.648438 0.035156 0.035156
0 0.332031 0.181641 0.027344 0.027344
0 0.892578 0.134766 0.031250 0.031250
0 0.843750 0.074219 0.035156 0.035156
0 0.794922 0.185547 0.023438 0.023438
0 0.332031 0.277344 0.035156 0.035156
0 0.751953 0.857422 0.035156 0.035156
0 0.732422 0.091797 0.023438 0.023438
0 0.519531 0.664062 0.023438 0.023438
0 0.937500 0.566406 0.031250 0.031250
0 0.226562 0.779297 0.031250 0.031250
0 0.433594 0.353516 0.027344 0.027344
0 0.291016 0.367188 0.035156 0.035156
0 0.615234 0.792969 0.023438 0.023438
0 0.015625 0.476562 0.027344 0.027344
0 0.771484 0.458984 0.027344 0.027344
0 0.130859 0.517578 0.027344 0.027344
0 0.628906 0.890625 0.023438 0.023438
1 0.345703 0.259766 0.036478 0.031725
1 0.355469 0.902344 0.031231 0.029305
1 0.705078 0.369141 0.015095 0.041468
1 0.560547 0.447266 0.015651 0.043910
1 0.228516 0.203125 0.050289 0.031664
1 0.373047 0.716797 0.017282 0.055514
1 0.947266 0.900391 0.028154 0.033746
1 0.054688 0.773438 0.031273 0.029346
1 0.218750 0.042969 0.032708 0.042650
1 0.341797 0.105469 0.041573 0.013849
1 0.431641 0.949219 0.042199 0.032844
1 0.660156 0.712891 0.036493 0.047560
1 0.734375 0.394531 0.026208 0.041383
1 0.857422 0.667969 0.011719 0.041016
1 0.802734 0.812500 0.027858 0.027376
1 0.802734 0.123047 0.030627 0.032747
1 0.562500 0.437500 0.017010 0.053580
1 0.269531 0.406250 0.017553 0.057449
1 0.560547 0.347656 0.056175 0.030272
1 0.275391 0.181641 0.022364 0.058082