0 0.898438 0.134766 0.027344 0.027344
0 0.728516 0.175781 0.027344 0.027344
0 0.929688 0.419922 0.027344 0.027344
0 0.445312 0.148438 0.031250 0.031250
0 0.566406 0.326172 0.031250 0.031250
0 0.955078 0.123047 0.031250 0.031250
0 0.544922 0.724609 0.023438 0.023438
0 0.101562 0.730469 0.023438 0.023438
0 0.933594 0.931641 0.023438 0.023438
0 0.191406 0.505859 0.027344 0.027344
0 0.173828 0.769531 0.031250 0.031250
0 0.900391 0.283203 0.035156 0.035156
0 0.593750 0.548828 0.031250 0.031250
0 0.650391 0.433594 0.031250 0.031250
0 0.082031 0.492188 0.035156 0.035156
0 0.687500 0.394531 0.031250 0.031250
0 0.175781 0.205078 0.031250 0.031250
0 0.724609 0.542969 0.023438 0.023438
0 0.292969 0.572266 0.023438 0.023438
0 0.240234 0.585938 0.035156 0.035156
0 0.730469 0.716797 0.023438 0.023438
0 0.056641 0.943359 0.027344 0.027344
0 0.548828 0.687500 0.023438 0.023438
0 0.382812 0.529297 0.027344 0.027344
0 0.222656 0.892578 0.027344 0.027344
0 0.957031 0.169922 0.031250 0.031250
0 0.412109 0.177734 0.023438 0.023438
0 0.705078 0.240234 0.023438 0.023438
0 0.976562 0.433594 0.035156 0.035156
0 0.271484 0.457031 0.027344 0.027344
1 0.675781 0.337891 0.029493 0.039184
1 0.771484 0.496094 0.010650 0.050944
1 0.919922 0.345703 0.033373 0.021700
1 0.451172 0.480469 0.025131 0.032325
1 0.251953 0.964844 0.025915 0.047261
1 0.474609 0.101562 0.057446 0.016611
1 0.207031 0.410156 0.040449 0.036597
1 0.638672 0.171875 0.036227 0.049896
1 0.416016 0.152344 0.040608 0.025499
1 0.320312 0.771484 0.042002 0.028513
1 0.216797 0.642578 0.029870 0.013236
1 0.804688 0.072266 0.026063 0.048828
1 0.642578 0.230469 0.042146 0.020048
1 0.263672 0.548828 0.030320 0.032968
1 0.623047 0.544922 0.017876 0.049834
1 0.347656 0.142578 0.025551 0.052580
1 0.505859 0.615234 0.048824 0.026779
1 0.468750 0.494141 0.037109 0.011719
1 0.373047 0.566406 0.046074 0.045062
1 0.519531 0.322266 0.049422 0.032463