0 0.291016 0.419922 0.031250 0.031250
0 0.416016 0.347656 0.031250 0.031250
0 0.917969 0.195312 0.035156 0.035156
0 0.533203 0.660156 0.027344 0.027344
0 0.386719 0.162109 0.027344 0.027344
0 0.337891 0.763672 0.027344 0.027344
0 0.384766 0.871094 0.027344 0.027344
0 0.386719 0.712891 0.031250 0.031250
0 0.765625 0.566406 0.027344 0.027344
0 0.923828 0.650391 0.023438 0.023438
0 0.947266 0.904297 0.035156 0.035156
0 0.636719 0.765625 0.031250 0.031250
0 0.691406 0.933594 0.035156 0.035156
0 0.044922 0.628906 0.027344 0.027344
0 0.626953 0.439453 0.023438 0.023438
0 0.875000 0.380859 0.031250 0.031250
0 0.324219 0.257812 0.023438 0.023438
0 0.753906 0.841797 0.031250 0.031250
0 0.332031 0.917969 0.023438 0.023438
0 0.683594 0.921875 0.023438 0.023438
0 0.056641 0.617188 0.027344 0.027344
0 0.742188 0.533203 0.023438 0.023438
0 0.373047 0.851562 0.023438 0.023438
0 0.861328 0.240234 0.023438 0.023438
0 0.320312 0.679688 0.035156 0.035156
0 0.744141 0.509766 0.035156 0.035156
0 0.460938 0.906250 0.023438 0.023438
0 0.613281 0.376953 0.035156 0.035156
0 0.306641 0.058594 0.035156 0.035156
0 0.189453 0.929688 0.035156 0.035156
1 0.242188 0.341797 0.052045 0.020359
1 0.269531 0.855469 0.026035 0.035329
1 0.035156 0.537109 0.030450 0.026990
1 0.619141 0.841797 0.024203 0.035877
1 0.572266 0.189453 0.036910 0.031293
1 0.738281 0.646484 0.029429 0.033318
1 0.371094 0.283203 0.030896 0.040793
1 0.517578 0.847656 0.034187 0.050339
1 0.943359 0.572266 0.027338 0.034803
1 0.769531 0.572266 0.042543 0.045724
1 0.054688 0.230469 0.049552 0.040711
1 0.652344 0.179688 0.018907 0.048131
1 0.195312 0.351562 0.030870 0.019197
1 0.171875 0.300781 0.035861 0.047221
1 0.205078 0.720703 0.036437 0.040479
1 0.128906 0.521484 0.025040 0.042550
1 0.740234 0.962891 0.050164 0.043234
1 0.876953 0.474609 0.040045 0.049983
1 0.349609 0.601562 0.058093 0.030506
1 0.861328 0.853516 0.050703 0.025844