0 0.171875 0.652344 0.027344 0.027344
0 0.199219 0.019531 0.027344 0.027344
0 0.980469 0.451172 0.023438 0.023438
0 0.281250 0.681641 0.027344 0.027344
0 0.533203 0.121094 0.031250 0.031250
0 0.603516 0.212891 0.031250 0.031250
0 0.251953 0.748047 0.023438 0.023438
0 0.544922 0.886719 0.027344 0.027344
0 0.796875 0.490234 0.035156 0.035156
0 0.914062 0.019531 0.031250 0.031250
0 0.246094 0.347656 0.027344 0.027344
0 0.412109 0.630859 0.035156 0.035156
0 0.431641 0.957031 0.035156 0.035156
0 0.667969 0.589844 0.023438 0.023438
0 0.617188 0.390625 0.023438 0.023438
0 0.019531 0.892578 0.027344 0.027344
0 0.957031 0.589844 0.031250 0.031250
0 0.021484 0.783203 0.027344 0.027344
0 0.082031 0.621094 0.031250 0.031250
0 0.128906 0.453125 0.035156 0.035156
0 0.203125 0.916016 0.023438 0.023438
0 0.369141 0.208984 0.035156 0.035156
0 0.707031 0.669922 0.027344 0.027344
0 0.269531 0.052734 0.035156 0.035156
0 0.580078 0.806641 0.031250 0.031250
0 0.757812 0.828125 0.027344 0.027344
0 0.437500 0.644531 0.035156 0.035156
0 0.517578 0.970703 0.031250 0.031250
0 0.919922 0.511719 0.027344 0.027344
0 0.029297 0.884766 0.023438 0.023438
1 0.552734 0.130859 0.028576 0.037460
1 0.628906 0.886719 0.023427 0.046846
1 0.177734 0.119141 0.018774 0.053629
1 0.593750 0.347656 0.034995 0.049531
1 0.544922 0.041016 0.049564 0.036199
1 0.812500 0.732422 0.021447 0.052295
1 0.189453 0.701172 0.018556 0.057617
1 0.482422 0.259766 0.025515 0.034904
1 0.513672 0.888672 0.051157 0.031360
1 0.232422 0.755859 0.018552 0.031226
1 0.593750 0.726562 0.028152 0.036170
1 0.234375 0.751953 0.036938 0.055512
1 0.066406 0.169922 0.047442 0.013012
1 0.820312 0.375000 0.032087 0.043271
1 0.333984 0.300781 0.034157 0.046584
1 0.207031 0.410156 0.040677 0.053885
1 0.673828 0.976562 0.057279 0.016617
1 0.701172 0.031250 0.041468 0.015095
1 0.851562 0.941406 0.028755 0.058215
1 0.318359 0.597656 0.020499 0.049773