0 0.537109 0.031250 0.035156 0.035156
0 0.310547 0.365234 0.035156 0.035156
0 0.416016 0.490234 0.027344 0.027344
0 0.208984 0.410156 0.023438 0.023438
0 0.558594 0.724609 0.023438 0.023438
0 0.677734 0.089844 0.035156 0.035156
0 0.158203 0.105469 0.027344 0.027344
0 0.787109 0.283203 0.023438 0.023438
0 0.326172 0.201172 0.027344 0.027344
0 0.761719 0.732422 0.027344 0.027344
0 0.142578 0.019531 0.023438 0.023438
0 0.539062 0.900391 0.031250 0.031250
0 0.042969 0.402344 0.031250 0.031250
0 0.810547 0.638672 0.031250 0.031250
0 0.375000 0.326172 0.027344 0.027344
0 0.589844 0.447266 0.031250 0.031250
0 0.130859 0.927734 0.023438 0.023438
0 0.371094 0.302734 0.031250 0.031250
0 0.792969 0.957031 0.035156 0.035156
0 0.367188 0.308594 0.031250 0.031250
0 0.814453 0.605469 0.035156 0.035156
0 0.888672 0.769531 0.031250 0.031250
0 0.900391 0.703125 0.035156 0.035156
0 0.375000 0.310547 0.027344 0.027344
0 0.636719 0.402344 0.031250 0.031250
0 0.232422 0.511719 0.031250 0.031250
0 0.035156 0.482422 0.023438 0.023438
0 0.248047 0.283203 0.031250 0.031250
0 0.326172 0.849609 0.035156 0.035156
0 0.443359 0.167969 0.023438 0.023438
1 0.492188 0.123047 0.035453 0.043663
1 0.439453 0.224609 0.046274 0.019341
1 0.154297 0.285156 0.030884 0.054230
1 0.228516 0.642578 0.037718 0.025846
1 0.304688 0.679688 0.049712 0.016466
1 0.431641 0.539062 0.018200 0.055542
1 0.871094 0.816406 0.054018 0.022427
1 0.699219 0.238281 0.048250 0.020448
1 0.605469 0.681641 0.035750 0.022782
1 0.894531 0.496094 0.026912 0.034989
1 0.244141 0.701172 0.022473 0.045814
1 0.152344 0.314453 0.017854 0.036560
1 0.720703 0.732422 0.030720 0.026403
1 0.082031 0.937500 0.042703 0.033216
1 0.066406 0.375000 0.028549 0.056565
1 0.228516 0.705078 0.044106 0.051848
1 0.121094 0.105469 0.025074 0.041375
1 0.771484 0.328125 0.054290 0.034506
1 0.625000 0.158203 0.057370 0.029521
1 0.744141 0.650391 0.031765 0.031765