0 0.875000 0.968750 0.031250 0.031250
0 0.326172 0.042969 0.023438 0.023438
0 0.761719 0.767578 0.031250 0.031250
0 0.138672 0.919922 0.027344 0.027344
0 0.789062 0.664062 0.035156 0.035156
0 0.298828 0.837891 0.035156 0.035156
0 0.503906 0.886719 0.027344 0.027344
0 0.380859 0.220703 0.035156 0.035156
0 0.894531 0.357422 0.035156 0.035156
0 0.169922 0.755859 0.031250 0.031250
0 0.595703 0.841797 0.023438 0.023438
0 0.136719 0.800781 0.023438 0.023438
0 0.082031 0.109375 0.023438 0.023438
0 0.658203 0.382812 0.035156 0.035156
0 0.644531 0.779297 0.023438 0.023438
0 0.226562 0.232422 0.027344 0.027344
0 0.798828 0.437500 0.027344 0.027344
0 0.783203 0.707031 0.023438 0.023438
0 0.529297 0.597656 0.031250 0.031250
0 0.955078 0.261719 0.031250 0.031250
0 0.802734 0.468750 0.035156 0.035156
0 0.177734 0.210938 0.035156 0.035156
0 0.541016 0.876953 0.027344 0.027344
0 0.597656 0.314453 0.031250 0.031250
0 0.453125 0.414062 0.035156 0.035156
0 0.851562 0.826172 0.035156 0.035156
0 0.798828 0.289062 0.023438 0.023438
0 0.857422 0.966797 0.035156 0.035156
0 0.173828 0.667969 0.023438 0.023438
0 0.513672 0.541016 0.027344 0.027344
1 0.408203 0.490234 0.055483 0.021817
1 0.097656 0.373047 0.030657 0.041380
1 0.416016 0.041016 0.044538 0.022441
1 0.306641 0.238281 0.033342 0.020802
1 0.781250 0.871094 0.049663 0.017045
1 0.636719 0.246094 0.037469 0.048654
1 0.693359 0.462891 0.044012 0.017079
1 0.066406 0.697266 0.035169 0.041218
1 0.843750 0.820312 0.044077 0.016868
1 0.615234 0.171875 0.025708 0.044385
1 0.642578 0.263672 0.039143 0.031103
1 0.148438 0.332031 0.025472 0.033490
1 0.255859 0.148438 0.048799 0.038247
1 0.691406 0.111328 0.022234 0.031547
1 0.177734 0.728516 0.052731 0.028015
1 0.785156 0.515625 0.028209 0.042719
1 0.525391 0.769531 0.050681 0.045626
1 0.095703 0.878906 0.041882 0.023205
1 0.617188 0.119141 0.035175 0.023304
1 0.826172 0.240234 0.040265 0.018926