0 0.339844 0.027344 0.027344 0.027344
0 0.193359 0.794922 0.023438 0.023438
0 0.242188 0.115234 0.035156 0.035156
0 0.785156 0.845703 0.035156 0.035156
0 0.562500 0.964844 0.027344 0.027344
0 0.941406 0.937500 0.027344 0.027344
0 0.650391 0.218750 0.031250 0.031250
0 0.123047 0.314453 0.023438 0.023438
0 0.798828 0.425781 0.035156 0.035156
0 0.546875 0.148438 0.023438 0.023438
0 0.125000 0.759766 0.035156 0.035156
0 0.345703 0.763672 0.027344 0.027344
0 0.478516 0.695312 0.023438 0.023438
0 0.144531 0.226562 0.035156 0.035156
0 0.230469 0.029297 0.035156 0.035156
0 0.423828 0.451172 0.035156 0.035156
0 0.970703 0.048828 0.031250 0.031250
0 0.847656 0.044922 0.027344 0.027344
0 0.976562 0.503906 0.035156 0.035156
0 0.722656 0.576172 0.027344 0.027344
0 0.119141 0.425781 0.027344 0.027344
0 0.755859 0.634766 0.035156 0.035156
0 0.607422 0.457031 0.031250 0.031250
0 0.548828 0.539062 0.023438 0.023438
0 0.546875 0.792969 0.031250 0.031250
0 0.460938 0.031250 0.027344 0.027344
0 0.302734 0.310547 0.023438 0.023438
0 0.916016 0.048828 0.035156 0.035156
0 0.728516 0.322266 0.035156 0.035156
0 0.757812 0.130859 0.027344 0.027344
1 0.669922 0.802734 0.031525 0.039199
1 0.693359 0.707031 0.047424 0.014156
1 0.136719 0.923828 0.014568 0.034098
1 0.853516 0.978516 0.038712 0.035582
1 0.916016 0.230469 0.045043 0.024327
1 0.558594 0.970703 0.032275 0.031215
1 0.228516 0.312500 0.054002 0.021566
1 0.123047 0.541016 0.048693 0.023119
1 0.066406 0.009766 0.052565 0.035054
1 0.169922 0.224609 0.037896 0.056674
1 0.466797 0.855469 0.027108 0.033960
1 0.496094 0.753906 0.055799 0.026339
1 0.373047 0.923828 0.038974 0.030395
1 0.537109 0.248047 0.013645 0.037672
1 0.425781 0.927734 0.051921 0.031137
1 0.728516 0.726562 0.039876 0.023688
1 0.626953 0.640625 0.012205 0.047322
1 0.658203 0.841797 0.009766 0.044922
1 0.279297 0.251953 0.052116 0.022842
1 0.445312 0.435547 0.042567 0.052639