0 0.513672 0.425781 0.031250 0.031250
0 0.039062 0.197266 0.031250 0.031250
0 0.566406 0.160156 0.023438 0.023438
0 0.603516 0.232422 0.023438 0.023438
0 0.326172 0.660156 0.031250 0.031250
0 0.845703 0.820312 0.023438 0.023438
0 0.718750 0.521484 0.035156 0.035156
0 0.208984 0.517578 0.031250 0.031250
0 0.365234 0.619141 0.035156 0.035156
0 0.312500 0.197266 0.027344 0.027344
0 0.935547 0.908203 0.027344 0.027344
0 0.962891 0.619141 0.023438 0.023438
0 0.445312 0.431641 0.031250 0.031250
0 0.861328 0.714844 0.023438 0.023438
0 0.423828 0.533203 0.031250 0.031250
0 0.597656 0.402344 0.027344 0.027344
0 0.306641 0.380859 0.023438 0.023438
0 0.755859 0.677734 0.031250 0.031250
0 0.617188 0.392578 0.035156 0.035156
0 0.029297 0.187500 0.031250 0.031250
0 0.427734 0.447266 0.027344 0.027344
0 0.533203 0.652344 0.027344 0.027344
0 0.263672 0.851562 0.027344 0.027344
0 0.324219 0.949219 0.023438 0.023438
0 0.220703 0.296875 0.031250 0.031250
0 0.291016 0.832031 0.031250 0.031250
0 0.626953 0.636719 0.023438 0.023438
0 0.949219 0.119141 0.027344 0.027344
0 0.472656 0.154297 0.023438 0.023438
0 0.615234 0.447266 0.035156 0.035156
1 0.798828 0.884766 0.015095 0.041468
1 0.759766 0.246094 0.037469 0.048654
1 0.787109 0.322266 0.052295 0.021447
1 0.613281 0.634766 0.024663 0.035897
1 0.505859 0.980469 0.054919 0.032155
1 0.736328 0.345703 0.032988 0.026663
1 0.050781 0.333984 0.042274 0.040539
1 0.705078 0.398438 0.034112 0.032088
1 0.917969 0.658203 0.052308 0.030962
1 0.724609 0.837891 0.048628 0.050749
1 0.277344 0.378906 0.028611 0.043097
1 0.955078 0.312500 0.044504 0.021084
1 0.470703 0.693359 0.034725 0.041440
1 0.550781 0.121094 0.022811 0.039383
1 0.632812 0.962891 0.045043 0.024327
1 0.224609 0.605469 0.045962 0.034778
1 0.082031 0.521484 0.052244 0.038879
1 0.167969 0.708984 0.017181 0.051611
1 0.787109 0.714844 0.056906 0.032083
1 0.734375 0.466797 0.035908 0.035908