0 0.652344 0.275391 0.023438 0.023438
0 0.296875 0.689453 0.031250 0.031250
0 0.216797 0.833984 0.023438 0.023438
0 0.435547 0.287109 0.023438 0.023438
0 0.798828 0.173828 0.035156 0.035156
0 0.765625 0.064453 0.035156 0.035156
0 0.984375 0.345703 0.023438 0.023438
0 0.103516 0.531250 0.027344 0.027344
0 0.326172 0.640625 0.023438 0.023438
0 0.710938 0.642578 0.027344 0.027344
0 0.664062 0.630859 0.035156 0.035156
0 0.169922 0.689453 0.035156 0.035156
0 0.238281 0.562500 0.031250 0.031250
0 0.771484 0.939453 0.035156 0.035156
0 0.833984 0.150391 0.023438 0.023438
0 0.576172 0.156250 0.031250 0.031250
0 0.302734 0.605469 0.027344 0.027344
0 0.943359 0.636719 0.023438 0.023438
0 0.099609 0.894531 0.023438 0.023438
0 0.962891 0.494141 0.023438 0.023438
0 0.498047 0.937500 0.035156 0.035156
0 0.783203 0.042969 0.035156 0.035156
0 0.271484 0.015625 0.027344 0.027344
0 0.806641 0.830078 0.027344 0.027344
0 0.302734 0.914062 0.023438 0.023438
0 0.251953 0.283203 0.023438 0.023438
0 0.611328 0.757812 0.027344 0.027344
0 0.275391 0.855469 0.023438 0.023438
0 0.623047 0.234375 0.035156 0.035156
0 0.570312 0.224609 0.027344 0.027344
1 0.677734 0.349609 0.026234 0.050060
1 0.542969 0.500000 0.031661 0.028773
1 0.451172 0.130859 0.036214 0.032461
1 0.363281 0.707031 0.040539 0.042274
1 0.730469 0.738281 0.031816 0.024466
1 0.447266 0.820312 0.021439 0.031551
1 0.234375 0.662109 0.036862 0.019003
1 0.736328 0.039062 0.051184 0.037975
1 0.779297 0.207031 0.042498 0.019330
1 0.070312 0.281250 0.023427 0.046846
1 0.136719 0.605469 0.019464 0.031499
1 0.875000 0.675781 0.016400 0.040165
1 0.896484 0.207031 0.045478 0.031895
1 0.865234 0.980469 0.050121 0.020020
1 0.509766 0.343750 0.046609 0.049934
1 0.333984 0.083984 0.029594 0.052358
1 0.115234 0.730469 0.032810 0.016967
1 0.357422 0.378906 0.026852 0.036543
1 0.275391 0.447266 0.055397 0.029716
1 0.466797 0.488281 0.011922 0.031855