0 0.777344 0.048828 0.027344 0.027344
0 0.855469 0.546875 0.023438 0.023438
0 0.382812 0.548828 0.027344 0.027344
0 0.251953 0.773438 0.023438 0.023438
0 0.816406 0.414062 0.035156 0.035156
0 0.611328 0.607422 0.027344 0.027344
0 0.632812 0.554688 0.031250 0.031250
0 0.322266 0.123047 0.023438 0.023438
0 0.060547 0.292969 0.035156 0.035156
0 0.781250 0.572266 0.031250 0.031250
0 0.736328 0.539062 0.035156 0.035156
0 0.902344 0.558594 0.027344 0.027344
0 0.093750 0.660156 0.035156 0.035156
0 0.224609 0.722656 0.031250 0.031250
0 0.060547 0.835938 0.023438 0.023438
0 0.167969 0.275391 0.035156 0.035156
0 0.111328 0.644531 0.027344 0.027344
0 0.142578 0.556641 0.031250 0.031250
0 0.150391 0.146484 0.023438 0.023438
0 0.816406 0.650391 0.027344 0.027344
0 0.265625 0.146484 0.027344 0.027344
0 0.648438 0.343750 0.027344 0.027344
0 0.097656 0.265625 0.031250 0.031250
0 0.691406 0.304688 0.035156 0.035156
0 0.269531 0.314453 0.031250 0.031250
0 0.236328 0.615234 0.023438 0.023438
0 0.984375 0.433594 0.023438 0.023438
0 0.904297 0.462891 0.035156 0.035156
0 0.310547 0.818359 0.031250 0.031250
0 0.074219 0.425781 0.031250 0.031250
1 0.554688 0.041016 0.033363 0.021254
1 0.363281 0.980469 0.023828 0.033275
1 0.234375 0.986328 0.035192 0.048240
1 0.894531 0.453125 0.050197 0.023957
1 0.082031 0.765625 0.028823 0.031712
1 0.607422 0.732422 0.024470 0.039518
1 0.337891 0.021484 0.035845 0.023737
1 0.335938 0.953125 0.031484 0.014215
1 0.726562 0.468750 0.047431 0.046467
1 0.707031 0.775391 0.054273 0.036001
1 0.302734 0.253906 0.051917 0.026837
1 0.841797 0.365234 0.015549 0.032539
1 0.667969 0.667969 0.041845 0.033805
1 0.416016 0.087891 0.045547 0.034856
1 0.953125 0.880859 0.034160 0.034883
1 0.056641 0.742188 0.018058 0.053769
1 0.603516 0.208984 0.047689 0.043115
1 0.615234 0.380859 0.036006 0.045599
1 0.900391 0.337891 0.035591 0.028442
1 0.230469 0.677734 0.036486 0.045119