0 0.117188 0.224609 0.027344 0.027344
0 0.712891 0.720703 0.031250 0.031250
0 0.419922 0.148438 0.031250 0.031250
0 0.906250 0.326172 0.027344 0.027344
0 0.953125 0.906250 0.035156 0.035156
0 0.957031 0.621094 0.035156 0.035156
0 0.480469 0.380859 0.027344 0.027344
0 0.246094 0.314453 0.023438 0.023438
0 0.574219 0.023438 0.035156 0.035156
0 0.660156 0.568359 0.027344 0.027344
0 0.242188 0.970703 0.027344 0.027344
0 0.416016 0.888672 0.023438 0.023438
0 0.986328 0.468750 0.023438 0.023438
0 0.388672 0.519531 0.023438 0.023438
0 0.611328 0.675781 0.031250 0.031250
0 0.484375 0.171875 0.031250 0.031250
0 0.769531 0.189453 0.031250 0.031250
0 0.400391 0.406250 0.023438 0.023438
0 0.398438 0.148438 0.031250 0.031250
0 0.037109 0.710938 0.031250 0.031250
0 0.255859 0.867188 0.035156 0.035156
0 0.845703 0.197266 0.023438 0.023438
0 0.523438 0.236328 0.023438 0.023438
0 0.662109 0.224609 0.027344 0.027344
0 0.050781 0.710938 0.035156 0.035156
0 0.570312 0.865234 0.035156 0.035156
0 0.833984 0.230469 0.031250 0.031250
0 0.126953 0.283203 0.023438 0.023438
0 0.779297 0.482422 0.023438 0.023438
0 0.492188 0.173828 0.027344 0.027344
1 0.458984 0.746094 0.024980 0.051314
1 0.291016 0.460938 0.043682 0.038867
1 0.308594 0.316406 0.033437 0.014249
1 0.099609 0.320312 0.049531 0.034995
1 0.822266 0.826172 0.044012 0.017079
1 0.640625 0.591797 0.016636 0.043818
1 0.474609 0.082031 0.020586 0.042767
1 0.933594 0.275391 0.033999 0.023101
1 0.738281 0.939453 0.043203 0.045131
1 0.455078 0.408203 0.029048 0.053562
1 0.835938 0.376953 0.047199 0.037126
1 0.046875 0.535156 0.032377 0.033823
1 0.093750 0.419922 0.035236 0.051453
1 0.636719 0.083984 0.051831 0.017820
1 0.417969 0.494141 0.055523 0.020922
1 0.896484 0.550781 0.034080 0.028282
1 0.363281 0.089844 0.035845 0.043040
1 0.150391 0.013672 0.038879 0.052244
1 0.064453 0.128906 0.019518 0.051989
1 0.400391 0.287109 0.047199 0.037126