0 0.367188 0.488281 0.027344 0.027344
0 0.316406 0.199219 0.031250 0.031250
0 0.376953 0.582031 0.023438 0.023438
0 0.246094 0.464844 0.027344 0.027344
0 0.744141 0.126953 0.035156 0.035156
0 0.705078 0.109375 0.031250 0.031250
0 0.380859 0.857422 0.027344 0.027344
0 0.437500 0.058594 0.023438 0.023438
0 0.509766 0.701172 0.027344 0.027344
0 0.634766 0.546875 0.031250 0.031250
0 0.457031 0.722656 0.023438 0.023438
0 0.583984 0.078125 0.031250 0.031250
0 0.501953 0.685547 0.027344 0.027344
0 0.013672 0.410156 0.027344 0.027344
0 0.767578 0.781250 0.035156 0.035156
0 0.291016 0.117188 0.023438 0.023438
0 0.457031 0.119141 0.035156 0.035156
0 0.042969 0.589844 0.035156 0.035156
0 0.638672 0.427734 0.035156 0.035156
0 0.955078 0.386719 0.023438 0.023438
0 0.783203 0.150391 0.023438 0.023438
0 0.884766 0.916016 0.035156 0.035156
0 0.689453 0.666016 0.027344 0.027344
0 0.296875 0.216797 0.023438 0.023438
0 0.974609 0.031250 0.035156 0.035156
0 0.091797 0.451172 0.035156 0.035156
0 0.277344 0.843750 0.035156 0.035156
0 0.523438 0.427734 0.035156 0.035156
0 0.064453 0.621094 0.023438 0.023438
0 0.812500 0.535156 0.035156 0.035156
1 0.650391 0.199219 0.032170 0.027849
1 0.908203 0.486328 0.051717 0.047478
1 0.871094 0.343750 0.047971 0.039329
1 0.083984 0.042969 0.033669 0.011490
1 0.535156 0.873047 0.021902 0.043946
1 0.681641 0.435547 0.054516 0.033733
1 0.544922 0.265625 0.040738 0.036025
1 0.173828 0.310547 0.027878 0.040799
1 0.593750 0.556641 0.029374 0.035699
1 0.771484 0.232422 0.027462 0.043191
1 0.794922 0.142578 0.019616 0.030851
1 0.490234 0.638672 0.035762 0.029713
1 0.232422 0.867188 0.032220 0.057901
1 0.388672 0.292969 0.014283 0.035390
1 0.371094 0.291016 0.032449 0.022057
1 0.689453 0.441406 0.042703 0.033216
1 0.220703 0.363281 0.042929 0.036394
1 0.046875 0.318359 0.038370 0.018453
1 0.593750 0.583984 0.054918 0.014624
1 0.306641 0.976562 0.039425 0.034427