0 0.625000 0.664062 0.031250 0.031250
0 0.582031 0.316406 0.031250 0.031250
0 0.671875 0.830078 0.035156 0.035156
0 0.480469 0.386719 0.035156 0.035156
0 0.757812 0.287109 0.027344 0.027344
0 0.517578 0.441406 0.027344 0.027344
0 0.443359 0.406250 0.023438 0.023438
0 0.927734 0.847656 0.027344 0.027344
0 0.027344 0.484375 0.023438 0.023438
0 0.498047 0.386719 0.031250 0.031250
0 0.906250 0.968750 0.031250 0.031250
0 0.134766 0.423828 0.031250 0.031250
0 0.884766 0.613281 0.035156 0.035156
0 0.923828 0.126953 0.023438 0.023438
0 0.830078 0.468750 0.027344 0.027344
0 0.109375 0.218750 0.027344 0.027344
0 0.269531 0.234375 0.031250 0.031250
0 0.796875 0.972656 0.023438 0.023438
0 0.849609 0.935547 0.023438 0.023438
0 0.845703 0.746094 0.027344 0.027344
0 0.648438 0.830078 0.027344 0.027344
0 0.560547 0.765625 0.027344 0.027344
0 0.212891 0.271484 0.023438 0.023438
0 0.886719 0.017578 0.031250 0.031250
0 0.710938 0.570312 0.023438 0.023438
0 0.255859 0.458984 0.035156 0.035156
0 0.367188 0.908203 0.027344 0.027344
0 0.255859 0.865234 0.023438 0.023438
0 0.111328 0.375000 0.031250 0.031250
0 0.878906 0.099609 0.023438 0.023438
1 0.857422 0.574219 0.043369 0.025779
1 0.816406 0.412109 0.058264 0.026063
1 0.820312 0.210938 0.025551 0.052580
1 0.404297 0.070312 0.027294 0.036430
1 0.250000 0.039062 0.023452 0.048311
1 0.054688 0.958984 0.016358 0.055470
1 0.859375 0.417969 0.036226 0.028847
1 0.500000 0.750000 0.039924 0.037227
1 0.179688 0.310547 0.041251 0.053311
1 0.931641 0.947266 0.039321 0.037972
1 0.550781 0.861328 0.025070 0.044443
1 0.748047 0.923828 0.033401 0.038021
1 0.046875 0.867188 0.028166 0.032010
1 0.480469 0.652344 0.021756 0.033808
1 0.585938 0.894531 0.053111 0.013552
1 0.546875 0.800781 0.048762 0.028068
1 0.802734 0.869141 0.031699 0.052205
1 0.445312 0.423828 0.029716 0.055397
1 0.898438 0.113281 0.043498 0.025151
1 0.462891 0.976562 0.035236 0.051453