0 0.792969 0.064453 0.035156 0.035156
0 0.222656 0.318359 0.031250 0.031250
0 0.158203 0.654297 0.031250 0.031250
0 0.289062 0.330078 0.027344 0.027344
0 0.326172 0.539062 0.027344 0.027344
0 0.859375 0.244141 0.031250 0.031250
0 0.464844 0.458984 0.031250 0.031250
0 0.107422 0.306641 0.023438 0.023438
0 0.695312 0.183594 0.027344 0.027344
0 0.087891 0.773438 0.031250 0.031250
0 0.642578 0.064453 0.023438 0.023438
0 0.664062 0.023438 0.035156 0.035156
0 0.271484 0.201172 0.027344 0.027344
0 0.468750 0.019531 0.027344 0.027344
0 0.923828 0.197266 0.023438 0.023438
0 0.345703 0.519531 0.031250 0.031250
0 0.962891 0.367188 0.027344 0.027344
0 0.677734 0.748047 0.023438 0.023438
0 0.580078 0.292969 0.031250 0.031250
0 0.806641 0.076172 0.031250 0.031250
0 0.099609 0.343750 0.035156 0.035156
0 0.705078 0.445312 0.023438 0.023438
0 0.722656 0.355469 0.027344 0.027344
0 0.179688 0.369141 0.023438 0.023438
0 0.482422 0.826172 0.035156 0.035156
0 0.242188 0.869141 0.023438 0.023438
0 0.470703 0.191406 0.027344 0.027344
0 0.343750 0.814453 0.027344 0.027344
0 0.875000 0.455078 0.035156 0.035156
0 0.550781 0.978516 0.035156 0.035156
1 0.941406 0.164062 0.047106 0.014488
1 0.419922 0.955078 0.031081 0.047268
1 0.369141 0.839844 0.045088 0.025637
1 0.888672 0.626953 0.046290 0.025705
1 0.134766 0.794922 0.043040 0.035845
1 0.763672 0.144531 0.024470 0.039518
1 0.103516 0.501953 0.020802 0.033342
1 0.732422 0.857422 0.053179 0.015504
1 0.474609 0.517578 0.031262 0.018458
1 0.421875 0.923828 0.033848 0.048861
1 0.441406 0.818359 0.049059 0.014522
1 0.486328 0.697266 0.054002 0.021566
1 0.933594 0.652344 0.041882 0.023205
1 0.621094 0.951172 0.035214 0.054595
1 0.705078 0.363281 0.032484 0.038240
1 0.537109 0.082031 0.040122 0.045178
1 0.687500 0.017578 0.042501 0.031842
1 0.148438 0.443359 0.049564 0.036199
1 0.830078 0.066406 0.034349 0.049713
1 0.056641 0.353516 0.038643 0.035753