0 0.250000 0.968750 0.023438 0.023438
0 0.330078 0.111328 0.035156 0.035156
0 0.982422 0.955078 0.031250 0.031250
0 0.173828 0.230469 0.023438 0.023438
0 0.623047 0.638672 0.035156 0.035156
0 0.097656 0.255859 0.031250 0.031250
0 0.761719 0.173828 0.027344 0.027344
0 0.654297 0.716797 0.023438 0.023438
0 0.500000 0.939453 0.031250 0.031250
0 0.304688 0.724609 0.035156 0.035156
0 0.365234 0.490234 0.035156 0.035156
0 0.769531 0.027344 0.031250 0.031250
0 0.126953 0.902344 0.027344 0.027344
0 0.181641 0.574219 0.023438 0.023438
0 0.582031 0.707031 0.031250 0.031250
0 0.363281 0.220703 0.031250 0.031250
0 0.191406 0.191406 0.035156 0.035156
0 0.017578 0.662109 0.035156 0.035156
0 0.408203 0.136719 0.023438 0.023438
0 0.949219 0.457031 0.023438 0.023438
0 0.367188 0.228516 0.027344 0.027344
0 0.298828 0.242188 0.023438 0.023438
0 0.117188 0.095703 0.035156 0.035156
0 0.648438 0.228516 0.023438 0.023438
0 0.349609 0.443359 0.031250 0.031250
0 0.523438 0.025391 0.023438 0.023438
0 0.332031 0.099609 0.027344 0.027344
0 0.029297 0.017578 0.023438 0.023438
0 0.523438 0.416016 0.035156 0.035156
0 0.625000 0.343750 0.023438 0.023438
1 0.431641 0.509766 0.016146 0.043958
1 0.589844 0.939453 0.022368 0.035209
1 0.662109 0.777344 0.031816 0.024466
1 0.884766 0.408203 0.027479 0.038899
1 0.597656 0.269531 0.049713 0.034349
1 0.503906 0.853516 0.017820 0.051831
1 0.214844 0.376953 0.019408 0.033218
1 0.074219 0.597656 0.034414 0.031716
1 0.882812 0.591797 0.042556 0.019990
1 0.449219 0.277344 0.029369 0.043757
1 0.947266 0.097656 0.011719 0.031250
1 0.433594 0.419922 0.045088 0.025637
1 0.849609 0.562500 0.023859 0.045654
1 0.824219 0.431641 0.036486 0.045119
1 0.728516 0.246094 0.050781 0.009766
1 0.333984 0.871094 0.028168 0.029758
1 0.113281 0.378906 0.038508 0.041398
1 0.523438 0.716797 0.037262 0.051553
1 0.107422 0.482422 0.023737 0.035845
1 0.171875 0.750000 0.021422 0.057992