0 0.746094 0.648438 0.035156 0.035156
0 0.281250 0.841797 0.023438 0.023438
0 0.685547 0.580078 0.027344 0.027344
0 0.957031 0.142578 0.027344 0.027344
0 0.582031 0.564453 0.027344 0.027344
0 0.662109 0.537109 0.031250 0.031250
0 0.042969 0.919922 0.023438 0.023438
0 0.951172 0.351562 0.035156 0.035156
0 0.785156 0.123047 0.023438 0.023438
0 0.892578 0.757812 0.023438 0.023438
0 0.722656 0.531250 0.035156 0.035156
0 0.835938 0.148438 0.027344 0.027344
0 0.144531 0.277344 0.027344 0.027344
0 0.412109 0.507812 0.023438 0.023438
0 0.029297 0.632812 0.035156 0.035156
0 0.750000 0.687500 0.023438 0.023438
0 0.080078 0.310547 0.031250 0.031250
0 0.496094 0.667969 0.035156 0.035156
0 0.427734 0.625000 0.027344 0.027344
0 0.359375 0.515625 0.031250 0.031250
0 0.220703 0.501953 0.031250 0.031250
0 0.273438 0.769531 0.035156 0.035156
0 0.726562 0.041016 0.023438 0.023438
0 0.630859 0.263672 0.031250 0.031250
0 0.822266 0.595703 0.027344 0.027344
0 0.675781 0.359375 0.031250 0.031250
0 0.460938 0.925781 0.035156 0.035156
0 0.449219 0.886719 0.023438 0.023438
0 0.634766 0.212891 0.023438 0.023438
0 0.037109 0.835938 0.027344 0.027344
1 0.468750 0.326172 0.041791 0.023816
1 0.671875 0.373047 0.031552 0.056065
1 0.115234 0.595703 0.053512 0.036762
1 0.423828 0.972656 0.051952 0.033144
1 0.570312 0.601562 0.016173 0.030377
1 0.423828 0.220703 0.038370 0.018453
1 0.806641 0.011719 0.027289 0.038385
1 0.873047 0.074219 0.041865 0.029062
1 0.675781 0.636719 0.012717 0.057074
1 0.910156 0.441406 0.035907 0.025114
1 0.757812 0.617188 0.040211 0.020760
1 0.166016 0.017578 0.037732 0.033690
1 0.417969 0.480469 0.041051 0.021495
1 0.109375 0.652344 0.032449 0.022057
1 0.693359 0.130859 0.027044 0.032800
1 0.050781 0.109375 0.038085 0.036447
1 0.867188 0.419922 0.035591 0.028442
1 0.208984 0.757812 0.038267 0.021315
1 0.175781 0.708984 0.022294 0.035685
1 0.562500 0.767578 0.028899 0.041181