0 0.707031 0.582031 0.035156 0.035156
0 0.849609 0.632812 0.027344 0.027344
0 0.685547 0.474609 0.035156 0.035156
0 0.310547 0.496094 0.023438 0.023438
0 0.541016 0.689453 0.031250 0.031250
0 0.671875 0.845703 0.027344 0.027344
0 0.369141 0.699219 0.035156 0.035156
0 0.617188 0.617188 0.035156 0.035156
0 0.707031 0.914062 0.035156 0.035156
0 0.488281 0.810547 0.023438 0.023438
0 0.919922 0.232422 0.035156 0.035156
0 0.789062 0.591797 0.031250 0.031250
0 0.755859 0.386719 0.035156 0.035156
0 0.392578 0.441406 0.027344 0.027344
0 0.964844 0.335938 0.035156 0.035156
0 0.183594 0.576172 0.023438 0.023438
0 0.656250 0.531250 0.031250 0.031250
0 0.091797 0.892578 0.035156 0.035156
0 0.181641 0.925781 0.023438 0.023438
0 0.218750 0.916016 0.027344 0.027344
0 0.105469 0.333984 0.031250 0.031250
0 0.667969 0.648438 0.023438 0.023438
0 0.023438 0.750000 0.031250 0.031250
0 0.759766 0.546875 0.031250 0.031250
0 0.468750 0.107422 0.035156 0.035156
0 0.640625 0.224609 0.031250 0.031250
0 0.119141 0.517578 0.027344 0.027344
0 0.589844 0.490234 0.023438 0.023438
0 0.648438 0.185547 0.027344 0.027344
0 0.365234 0.634766 0.023438 0.023438
1 0.197266 0.089844 0.025524 0.046950
1 0.593750 0.076172 0.027544 0.030143
1 0.558594 0.685547 0.055847 0.020129
1 0.386719 0.671875 0.027781 0.032394
1 0.304688 0.207031 0.037443 0.033979
1 0.445312 0.310547 0.014292 0.034239
1 0.216797 0.603516 0.039050 0.038278
1 0.419922 0.521484 0.038247 0.048799
1 0.919922 0.132812 0.047859 0.017757
1 0.603516 0.796875 0.030467 0.037318
1 0.603516 0.361328 0.057321 0.023178
1 0.222656 0.894531 0.026855 0.054476
1 0.445312 0.794922 0.014960 0.047578
1 0.421875 0.283203 0.055512 0.036938
1 0.244141 0.919922 0.017535 0.045943
1 0.060547 0.583984 0.019109 0.053875
1 0.248047 0.453125 0.039261 0.012399
1 0.173828 0.578125 0.023036 0.037044
1 0.462891 0.914062 0.020820 0.050167
1 0.861328 0.744141 0.034245 0.041920