0 0.228516 0.205078 0.023438 0.023438
0 0.779297 0.792969 0.031250 0.031250
0 0.429688 0.705078 0.035156 0.035156
0 0.220703 0.328125 0.031250 0.031250
0 0.583984 0.070312 0.031250 0.031250
0 0.656250 0.533203 0.031250 0.031250
0 0.886719 0.978516 0.023438 0.023438
0 0.412109 0.923828 0.035156 0.035156
0 0.343750 0.457031 0.023438 0.023438
0 0.576172 0.496094 0.031250 0.031250
0 0.228516 0.810547 0.031250 0.031250
0 0.222656 0.953125 0.031250 0.031250
0 0.019531 0.933594 0.023438 0.023438
0 0.105469 0.953125 0.035156 0.035156
0 0.837891 0.716797 0.023438 0.023438
0 0.917969 0.851562 0.031250 0.031250
0 0.279297 0.087891 0.035156 0.035156
0 0.275391 0.726562 0.031250 0.031250
0 0.884766 0.234375 0.035156 0.035156
0 0.542969 0.179688 0.023438 0.023438
0 0.558594 0.371094 0.035156 0.035156
0 0.671875 0.166016 0.035156 0.035156
0 0.966797 0.808594 0.023438 0.023438
0 0.365234 0.222656 0.031250 0.031250
0 0.609375 0.664062 0.027344 0.027344
0 0.410156 0.425781 0.031250 0.031250
0 0.873047 0.712891 0.031250 0.031250
0 0.642578 0.691406 0.023438 0.023438
0 0.166016 0.265625 0.031250 0.031250
0 0.765625 0.171875 0.031250 0.031250
1 0.171875 0.873047 0.038879 0.023704
1 0.179688 0.943359 0.026763 0.041368
1 0.402344 0.599609 0.045157 0.048627
1 0.468750 0.519531 0.049347 0.025130
1 0.435547 0.474609 0.033478 0.032803
1 0.224609 0.488281 0.044182 0.017585
1 0.814453 0.501953 0.037024 0.020955
1 0.738281 0.525391 0.029901 0.035172
1 0.248047 0.267578 0.034609 0.018539
1 0.068359 0.240234 0.051223 0.012410
1 0.830078 0.585938 0.047442 0.013012
1 0.496094 0.576172 0.052589 0.026349
1 0.230469 0.228516 0.028401 0.036441
1 0.365234 0.169922 0.027533 0.034368
1 0.181641 0.947266 0.043614 0.024516
1 0.056641 0.822266 0.042236 0.027388
1 0.712891 0.365234 0.047086 0.031722
1 0.392578 0.148438 0.027441 0.053775
1 0.886719 0.316406 0.017895 0.053613
1 0.845703 0.570312 0.029064 0.056295