0 0.099609 0.066406 0.023438 0.023438
0 0.611328 0.322266 0.035156 0.035156
0 0.781250 0.101562 0.027344 0.027344
0 0.371094 0.455078 0.023438 0.023438
0 0.658203 0.210938 0.031250 0.031250
0 0.142578 0.439453 0.031250 0.031250
0 0.234375 0.023438 0.027344 0.027344
0 0.390625 0.607422 0.035156 0.035156
0 0.806641 0.134766 0.031250 0.031250
0 0.123047 0.505859 0.023438 0.023438
0 0.519531 0.777344 0.027344 0.027344
0 0.212891 0.587891 0.027344 0.027344
0 0.369141 0.337891 0.023438 0.023438
0 0.798828 0.771484 0.027344 0.027344
0 0.373047 0.193359 0.023438 0.023438
0 0.818359 0.931641 0.031250 0.031250
0 0.310547 0.312500 0.023438 0.023438
0 0.242188 0.369141 0.035156 0.035156
0 0.892578 0.691406 0.035156 0.035156
0 0.943359 0.921875 0.031250 0.031250
0 0.750000 0.433594 0.035156 0.035156
0 0.359375 0.404297 0.031250 0.031250
0 0.181641 0.943359 0.023438 0.023438
0 0.156250 0.818359 0.027344 0.027344
0 0.437500 0.238281 0.031250 0.031250
0 0.501953 0.082031 0.023438 0.023438
0 0.652344 0.199219 0.035156 0.035156
0 0.490234 0.478516 0.023438 0.023438
0 0.789062 0.021484 0.023438 0.023438
0 0.419922 0.208984 0.035156 0.035156
1 0.675781 0.589844 0.032918 0.056717
1 0.308594 0.087891 0.033373 0.021700
1 0.072266 0.890625 0.014921 0.032304
1 0.716797 0.056641 0.034919 0.039250
1 0.482422 0.773438 0.045478 0.031895
1 0.343750 0.703125 0.031372 0.029062
1 0.093750 0.642578 0.019518 0.051989
1 0.447266 0.064453 0.030781 0.032661
1 0.652344 0.281250 0.048828 0.013672
1 0.892578 0.333984 0.026185 0.041300
1 0.515625 0.029297 0.010987 0.035476
1 0.757812 0.677734 0.019327 0.036891
1 0.166016 0.722656 0.024406 0.032325
1 0.912109 0.408203 0.034229 0.027912
1 0.066406 0.712891 0.033203 0.013672
1 0.365234 0.935547 0.045964 0.047892
1 0.630859 0.685547 0.028074 0.039410
1 0.720703 0.035156 0.050646 0.042567
1 0.927734 0.384766 0.035564 0.033395
1 0.285156 0.970703 0.053463 0.045006