0 0.517578 0.615234 0.027344 0.027344
0 0.537109 0.839844 0.023438 0.023438
0 0.578125 0.353516 0.031250 0.031250
0 0.802734 0.439453 0.035156 0.035156
0 0.580078 0.964844 0.031250 0.031250
0 0.630859 0.726562 0.023438 0.023438
0 0.468750 0.056641 0.023438 0.023438
0 0.445312 0.476562 0.023438 0.023438
0 0.724609 0.324219 0.031250 0.031250
0 0.654297 0.589844 0.027344 0.027344
0 0.259766 0.835938 0.035156 0.035156
0 0.597656 0.337891 0.027344 0.027344
0 0.341797 0.509766 0.023438 0.023438
0 0.087891 0.539062 0.035156 0.035156
0 0.544922 0.058594 0.027344 0.027344
0 0.421875 0.541016 0.027344 0.027344
0 0.394531 0.244141 0.035156 0.035156
0 0.083984 0.966797 0.035156 0.035156
0 0.791016 0.431641 0.023438 0.023438
0 0.541016 0.406250 0.031250 0.031250
0 0.052734 0.066406 0.031250 0.031250
0 0.369141 0.275391 0.031250 0.031250
0 0.585938 0.521484 0.031250 0.031250
0 0.121094 0.455078 0.031250 0.031250
0 0.013672 0.041016 0.023438 0.023438
0 0.068359 0.316406 0.035156 0.035156
0 0.646484 0.046875 0.023438 0.023438
0 0.738281 0.902344 0.031250 0.031250
0 0.496094 0.160156 0.023438 0.023438
0 0.851562 0.230469 0.031250 0.031250
1 0.619141 0.972656 0.022576 0.051578
1 0.205078 0.080078 0.037927 0.013591
1 0.601562 0.248047 0.044922 0.011719
1 0.384766 0.439453 0.044487 0.024423
1 0.218750 0.738281 0.051917 0.026837
1 0.507812 0.443359 0.031259 0.038716
1 0.384766 0.570312 0.032201 0.048261
1 0.103516 0.287109 0.035960 0.032831
1 0.496094 0.777344 0.016350 0.045901
1 0.855469 0.333984 0.022998 0.033345
1 0.101562 0.365234 0.035054 0.052565
1 0.943359 0.599609 0.053287 0.013420
1 0.375000 0.365234 0.022613 0.038914
1 0.810547 0.830078 0.048646 0.042005
1 0.583984 0.363281 0.043515 0.038895
1 0.937500 0.939453 0.047431 0.046467
1 0.662109 0.937500 0.040738 0.036025
1 0.589844 0.644531 0.049334 0.035630
1 0.109375 0.019531 0.032441 0.038490
1 0.250000 0.642578 0.039199 0.031525