0 0.400391 0.953125 0.035156 0.035156
0 0.888672 0.699219 0.027344 0.027344
0 0.533203 0.843750 0.023438 0.023438
0 0.402344 0.910156 0.035156 0.035156
0 0.943359 0.779297 0.023438 0.023438
0 0.072266 0.501953 0.023438 0.023438
0 0.103516 0.072266 0.035156 0.035156
0 0.449219 0.552734 0.035156 0.035156
0 0.648438 0.070312 0.027344 0.027344
0 0.367188 0.876953 0.023438 0.023438
0 0.720703 0.617188 0.027344 0.027344
0 0.833984 0.224609 0.027344 0.027344
0 0.126953 0.341797 0.031250 0.031250
0 0.517578 0.095703 0.027344 0.027344
0 0.511719 0.609375 0.023438 0.023438
0 0.470703 0.044922 0.023438 0.023438
0 0.501953 0.253906 0.027344 0.027344
0 0.796875 0.406250 0.027344 0.027344
0 0.511719 0.585938 0.027344 0.027344
0 0.447266 0.058594 0.035156 0.035156
0 0.179688 0.761719 0.031250 0.031250
0 0.642578 0.638672 0.027344 0.027344
0 0.611328 0.761719 0.031250 0.031250
0 0.273438 0.347656 0.023438 0.023438
0 0.648438 0.384766 0.023438 0.023438
0 0.382812 0.929688 0.035156 0.035156
0 0.437500 0.025391 0.023438 0.023438
0 0.683594 0.685547 0.023438 0.023438
0 0.587891 0.349609 0.035156 0.035156
0 0.486328 0.298828 0.031250 0.031250
1 0.414062 0.542969 0.015145 0.036251
1 0.406250 0.421875 0.042220 0.017884
1 0.820312 0.548828 0.017991 0.042344
1 0.867188 0.244141 0.047940 0.030869
1 0.488281 0.750000 0.047539 0.039761
1 0.632812 0.111328 0.037289 0.037289
1 0.589844 0.625000 0.012739 0.043545
1 0.373047 0.560547 0.035132 0.033879
1 0.832031 0.144531 0.016004 0.045576
1 0.867188 0.906250 0.026054 0.051989
1 0.531250 0.281250 0.012228 0.029497
1 0.738281 0.726562 0.031963 0.053691
1 0.464844 0.222656 0.023963 0.034074
1 0.789062 0.101562 0.033231 0.042419
1 0.373047 0.933594 0.016227 0.037973
1 0.328125 0.144531 0.051706 0.018435
1 0.619141 0.812500 0.052565 0.035054
1 0.726562 0.515625 0.038920 0.019908
1 0.560547 0.173828 0.055955 0.032362
1 0.462891 0.478516 0.032088 0.022056