0 0.929688 0.718750 0.023438 0.023438
0 0.748047 0.185547 0.027344 0.027344
0 0.302734 0.275391 0.031250 0.031250
0 0.214844 0.746094 0.023438 0.023438
0 0.630859 0.021484 0.031250 0.031250
0 0.164062 0.625000 0.023438 0.023438
0 0.810547 0.753906 0.031250 0.031250
0 0.824219 0.462891 0.023438 0.023438
0 0.867188 0.207031 0.027344 0.027344
0 0.072266 0.142578 0.031250 0.031250
0 0.615234 0.107422 0.031250 0.031250
0 0.835938 0.279297 0.035156 0.035156
0 0.740234 0.949219 0.023438 0.023438
0 0.324219 0.908203 0.031250 0.031250
0 0.146484 0.820312 0.031250 0.031250
0 0.937500 0.550781 0.027344 0.027344
0 0.841797 0.449219 0.035156 0.035156
0 0.503906 0.568359 0.027344 0.027344
0 0.160156 0.486328 0.027344 0.027344
0 0.140625 0.394531 0.031250 0.031250
0 0.464844 0.685547 0.027344 0.027344
0 0.214844 0.552734 0.027344 0.027344
0 0.355469 0.408203 0.027344 0.027344
0 0.275391 0.029297 0.027344 0.027344
0 0.593750 0.226562 0.023438 0.023438
0 0.949219 0.349609 0.031250 0.031250
0 0.474609 0.052734 0.035156 0.035156
0 0.396484 0.769531 0.027344 0.027344
0 0.767578 0.169922 0.027344 0.027344
0 0.853516 0.208984 0.023438 0.023438
1 0.126953 0.148438 0.028795 0.042524
1 0.705078 0.503906 0.049564 0.036199
1 0.863281 0.089844 0.042057 0.050699
1 0.636719 0.769531 0.049206 0.031256
1 0.906250 0.943359 0.046253 0.019045
1 0.787109 0.183594 0.039001 0.038327
1 0.642578 0.669922 0.054047 0.035269
1 0.744141 0.980469 0.039304 0.040750
1 0.328125 0.373047 0.031065 0.029619
1 0.068359 0.351562 0.035926 0.032750
1 0.062500 0.054688 0.032081 0.036457
1 0.423828 0.167969 0.047295 0.043634
1 0.671875 0.693359 0.020334 0.050256
1 0.529297 0.517578 0.018903 0.049794
1 0.460938 0.955078 0.041432 0.041432
1 0.080078 0.341797 0.028162 0.045014
1 0.167969 0.261719 0.013133 0.039765
1 0.367188 0.599609 0.043105 0.023188
1 0.851562 0.560547 0.033027 0.050031
1 0.103516 0.615234 0.044840 0.027835