0 0.308594 0.517578 0.027344 0.027344
0 0.109375 0.845703 0.023438 0.023438
0 0.701172 0.923828 0.023438 0.023438
0 0.910156 0.218750 0.031250 0.031250
0 0.341797 0.615234 0.023438 0.023438
0 0.744141 0.300781 0.023438 0.023438
0 0.359375 0.896484 0.035156 0.035156
0 0.441406 0.970703 0.035156 0.035156
0 0.080078 0.041016 0.027344 0.027344
0 0.982422 0.521484 0.031250 0.031250
0 0.017578 0.974609 0.027344 0.027344
0 0.722656 0.210938 0.031250 0.031250
0 0.314453 0.708984 0.035156 0.035156
0 0.785156 0.367188 0.031250 0.031250
0 0.285156 0.904297 0.031250 0.031250
0 0.488281 0.607422 0.027344 0.027344
0 0.949219 0.365234 0.027344 0.027344
0 0.621094 0.623047 0.027344 0.027344
0 0.748047 0.560547 0.031250 0.031250
0 0.054688 0.789062 0.031250 0.031250
0 0.357422 0.363281 0.031250 0.031250
0 0.455078 0.445312 0.035156 0.035156
0 0.271484 0.724609 0.027344 0.027344
0 0.789062 0.207031 0.035156 0.035156
0 0.955078 0.439453 0.031250 0.031250
0 0.345703 0.251953 0.027344 0.027344
0 0.800781 0.046875 0.027344 0.027344
0 0.830078 0.662109 0.027344 0.027344
0 0.498047 0.066406 0.031250 0.031250
0 0.884766 0.228516 0.027344 0.027344
1 0.660156 0.078125 0.035801 0.052244
1 0.742188 0.371094 0.032520 0.021632
1 0.472656 0.271484 0.036376 0.021201
1 0.736328 0.708984 0.019298 0.047881
1 0.220703 0.296875 0.031546 0.047697
1 0.556641 0.046875 0.048824 0.026779
1 0.044922 0.558594 0.023002 0.031505
1 0.962891 0.826172 0.015682 0.030643
1 0.365234 0.025391 0.019704 0.049792
1 0.869141 0.947266 0.036262 0.055146
1 0.220703 0.693359 0.045513 0.030225
1 0.195312 0.861328 0.032705 0.019865
1 0.964844 0.566406 0.035877 0.024203
1 0.166016 0.822266 0.027947 0.036646
1 0.689453 0.675781 0.043754 0.014204
1 0.876953 0.396484 0.032100 0.012979
1 0.632812 0.890625 0.043999 0.034886
1 0.322266 0.271484 0.031239 0.057078
1 0.373047 0.886719 0.030017 0.039958
1 0.650391 0.025391 0.048646 0.042005