0 0.392578 0.666016 0.027344 0.027344
0 0.800781 0.951172 0.031250 0.031250
0 0.103516 0.861328 0.027344 0.027344
0 0.800781 0.457031 0.035156 0.035156
0 0.746094 0.455078 0.027344 0.027344
0 0.880859 0.365234 0.023438 0.023438
0 0.353516 0.302734 0.027344 0.027344
0 0.775391 0.392578 0.035156 0.035156
0 0.707031 0.439453 0.035156 0.035156
0 0.847656 0.367188 0.031250 0.031250
0 0.761719 0.656250 0.027344 0.027344
0 0.033203 0.513672 0.027344 0.027344
0 0.195312 0.716797 0.027344 0.027344
0 0.625000 0.916016 0.035156 0.035156
0 0.144531 0.921875 0.027344 0.027344
0 0.500000 0.927734 0.031250 0.031250
0 0.662109 0.259766 0.023438 0.023438
0 0.283203 0.402344 0.027344 0.027344
0 0.748047 0.148438 0.031250 0.031250
0 0.509766 0.103516 0.035156 0.035156
0 0.888672 0.224609 0.031250 0.031250
0 0.294922 0.378906 0.035156 0.035156
0 0.361328 0.908203 0.023438 0.023438
0 0.564453 0.386719 0.035156 0.035156
0 0.468750 0.248047 0.035156 0.035156
0 0.181641 0.878906 0.031250 0.031250
0 0.050781 0.654297 0.027344 0.027344
0 0.294922 0.462891 0.035156 0.035156
0 0.542969 0.238281 0.027344 0.027344
0 0.775391 0.593750 0.023438 0.023438
1 0.531250 0.568359 0.049654 0.015643
1 0.390625 0.675781 0.027044 0.032800
1 0.330078 0.156250 0.034100 0.025598
1 0.830078 0.748047 0.010918 0.033524
1 0.951172 0.957031 0.031231 0.029305
1 0.640625 0.593750 0.025979 0.057744
1 0.531250 0.626953 0.033690 0.037732
1 0.347656 0.058594 0.047639 0.014612
1 0.455078 0.021484 0.044162 0.018088
1 0.439453 0.341797 0.036873 0.037693
1 0.201172 0.378906 0.057992 0.021422
1 0.382812 0.037109 0.012467 0.039649
1 0.636719 0.769531 0.012501 0.045120
1 0.535156 0.382812 0.032907 0.052746
1 0.519531 0.482422 0.053572 0.034677
1 0.673828 0.142578 0.042813 0.042813
1 0.667969 0.894531 0.053691 0.031963
1 0.912109 0.628906 0.023535 0.034041
1 0.601562 0.300781 0.021753 0.054224
1 0.205078 0.337891 0.038311 0.020755