0 0.048828 0.375000 0.023438 0.023438
0 0.791016 0.287109 0.023438 0.023438
0 0.884766 0.835938 0.035156 0.035156
0 0.154297 0.486328 0.031250 0.031250
0 0.152344 0.408203 0.031250 0.031250
0 0.912109 0.380859 0.031250 0.031250
0 0.113281 0.898438 0.023438 0.023438
0 0.708984 0.208984 0.027344 0.027344
0 0.197266 0.468750 0.031250 0.031250
0 0.509766 0.228516 0.031250 0.031250
0 0.023438 0.849609 0.035156 0.035156
0 0.710938 0.429688 0.035156 0.035156
0 0.097656 0.642578 0.023438 0.023438
0 0.119141 0.113281 0.023438 0.023438
0 0.589844 0.943359 0.035156 0.035156
0 0.287109 0.019531 0.031250 0.031250
0 0.607422 0.941406 0.023438 0.023438
0 0.173828 0.929688 0.027344 0.027344
0 0.626953 0.058594 0.027344 0.027344
0 0.882812 0.167969 0.031250 0.031250
0 0.242188 0.937500 0.027344 0.027344
0 0.720703 0.445312 0.023438 0.023438
0 0.101562 0.671875 0.035156 0.035156
0 0.623047 0.892578 0.023438 0.023438
0 0.865234 0.025391 0.023438 0.023438
0 0.171875 0.478516 0.027344 0.027344
0 0.035156 0.634766 0.031250 0.031250
0 0.183594 0.425781 0.027344 0.027344
0 0.326172 0.822266 0.031250 0.031250
0 0.833984 0.537109 0.023438 0.023438
1 0.343750 0.468750 0.045033 0.040124
1 0.839844 0.177734 0.014283 0.035390
1 0.179688 0.929688 0.038959 0.046028
1 0.091797 0.378906 0.054224 0.021753
1 0.896484 0.388672 0.035758 0.024662
1 0.751953 0.261719 0.041920 0.034245
1 0.595703 0.207031 0.039520 0.011797
1 0.384766 0.302734 0.034933 0.018698
1 0.828125 0.812500 0.016367 0.043967
1 0.222656 0.787109 0.049785 0.028439
1 0.835938 0.220703 0.045091 0.026281
1 0.359375 0.955078 0.034364 0.043685
1 0.728516 0.609375 0.020351 0.033525
1 0.476562 0.988281 0.012452 0.031982
1 0.058594 0.666016 0.041214 0.012433
1 0.613281 0.070312 0.054901 0.034416
1 0.863281 0.529297 0.028824 0.050619
1 0.152344 0.748047 0.049024 0.031938
1 0.931641 0.457031 0.022711 0.048318
1 0.902344 0.783203 0.021817 0.055483