0 0.953125 0.531250 0.031250 0.031250
0 0.841797 0.341797 0.031250 0.031250
0 0.593750 0.255859 0.031250 0.031250
0 0.740234 0.539062 0.027344 0.027344
0 0.314453 0.642578 0.023438 0.023438
0 0.279297 0.166016 0.031250 0.031250
0 0.169922 0.933594 0.031250 0.031250
0 0.751953 0.210938 0.035156 0.035156
0 0.789062 0.880859 0.035156 0.035156
0 0.847656 0.035156 0.035156 0.035156
0 0.144531 0.777344 0.027344 0.027344
0 0.224609 0.812500 0.035156 0.035156
0 0.572266 0.125000 0.031250 0.031250
0 0.193359 0.478516 0.035156 0.035156
0 0.917969 0.808594 0.031250 0.031250
0 0.470703 0.507812 0.035156 0.035156
0 0.011719 0.195312 0.023438 0.023438
0 0.560547 0.207031 0.031250 0.031250
0 0.220703 0.660156 0.027344 0.027344
0 0.595703 0.599609 0.023438 0.023438
0 0.810547 0.603516 0.031250 0.031250
0 0.199219 0.203125 0.023438 0.023438
0 0.906250 0.148438 0.031250 0.031250
0 0.039062 0.753906 0.023438 0.023438
0 0.478516 0.037109 0.023438 0.023438
0 0.605469 0.646484 0.027344 0.027344
0 0.097656 0.742188 0.031250 0.031250
0 0.130859 0.765625 0.035156 0.035156
0 0.517578 0.150391 0.035156 0.035156
0 0.337891 0.763672 0.027344 0.027344
1 0.906250 0.208984 0.039638 0.034021
1 0.703125 0.287109 0.041057 0.035860
1 0.654297 0.478516 0.026054 0.051989
1 0.878906 0.767578 0.036577 0.051043
1 0.904297 0.626953 0.039536 0.034486
1 0.365234 0.683594 0.030879 0.034918
1 0.576172 0.804688 0.011490 0.033669
1 0.242188 0.771484 0.039518 0.024470
1 0.886719 0.023438 0.034394 0.015383
1 0.634766 0.488281 0.028965 0.040403
1 0.560547 0.660156 0.019213 0.050060
1 0.453125 0.509766 0.049745 0.039731
1 0.904297 0.476562 0.012228 0.029497
1 0.117188 0.326172 0.039108 0.043441
1 0.736328 0.460938 0.010616 0.048991
1 0.513672 0.451172 0.037845 0.029158
1 0.925781 0.201172 0.035564 0.033395
1 0.517578 0.542969 0.042821 0.039930
1 0.726562 0.601562 0.035405 0.053391
1 0.855469 0.962891 0.041675 0.015800