0 0.035156 0.373047 0.023438 0.023438
0 0.824219 0.771484 0.031250 0.031250
0 0.570312 0.662109 0.023438 0.023438
0 0.511719 0.716797 0.035156 0.035156
0 0.238281 0.353516 0.031250 0.031250
0 0.478516 0.863281 0.023438 0.023438
0 0.859375 0.445312 0.031250 0.031250
0 0.738281 0.203125 0.027344 0.027344
0 0.308594 0.775391 0.023438 0.023438
0 0.126953 0.970703 0.027344 0.027344
0 0.546875 0.708984 0.027344 0.027344
0 0.777344 0.808594 0.031250 0.031250
0 0.726562 0.378906 0.023438 0.023438
0 0.468750 0.546875 0.023438 0.023438
0 0.742188 0.724609 0.035156 0.035156
0 0.542969 0.958984 0.027344 0.027344
0 0.060547 0.367188 0.027344 0.027344
0 0.101562 0.587891 0.023438 0.023438
0 0.720703 0.923828 0.027344 0.027344
0 0.367188 0.324219 0.035156 0.035156
0 0.269531 0.183594 0.031250 0.031250
0 0.339844 0.187500 0.035156 0.035156
0 0.052734 0.503906 0.027344 0.027344
0 0.306641 0.683594 0.031250 0.031250
0 0.058594 0.519531 0.023438 0.023438
0 0.205078 0.820312 0.023438 0.023438
0 0.466797 0.771484 0.027344 0.027344
0 0.851562 0.068359 0.023438 0.023438
0 0.906250 0.750000 0.023438 0.023438
0 0.369141 0.785156 0.031250 0.031250
1 0.923828 0.556641 0.049782 0.018096
1 0.220703 0.833984 0.030851 0.019616
1 0.574219 0.541016 0.035073 0.019230
1 0.679688 0.824219 0.033684 0.035274
1 0.683594 0.939453 0.026044 0.037350
1 0.919922 0.960938 0.032810 0.016967
1 0.968750 0.248047 0.030870 0.019197
1 0.500000 0.890625 0.042676 0.040074
1 0.609375 0.984375 0.040967 0.051519
1 0.318359 0.517578 0.040449 0.036597
1 0.072266 0.281250 0.015923 0.045844
1 0.470703 0.105469 0.040124 0.045033
1 0.388672 0.164062 0.033013 0.025400
1 0.574219 0.173828 0.043883 0.022566
1 0.107422 0.765625 0.031708 0.014754
1 0.302734 0.931641 0.016667 0.038291
1 0.957031 0.349609 0.030896 0.040793
1 0.345703 0.216797 0.038023 0.014215
1 0.085938 0.539062 0.038499 0.018092
1 0.550781 0.603516 0.025877 0.049223