0 0.582031 0.773438 0.023438 0.023438
0 0.974609 0.943359 0.023438 0.023438
0 0.576172 0.677734 0.035156 0.035156
0 0.291016 0.125000 0.031250 0.031250
0 0.062500 0.541016 0.035156 0.035156
0 0.873047 0.230469 0.023438 0.023438
0 0.923828 0.423828 0.027344 0.027344
0 0.533203 0.373047 0.031250 0.031250
0 0.132812 0.310547 0.027344 0.027344
0 0.019531 0.863281 0.023438 0.023438
0 0.673828 0.630859 0.023438 0.023438
0 0.716797 0.087891 0.035156 0.035156
0 0.015625 0.582031 0.031250 0.031250
0 0.642578 0.910156 0.031250 0.031250
0 0.843750 0.958984 0.035156 0.035156
0 0.283203 0.494141 0.023438 0.023438
0 0.244141 0.181641 0.031250 0.031250
0 0.478516 0.894531 0.031250 0.031250
0 0.388672 0.927734 0.031250 0.031250
0 0.437500 0.388672 0.035156 0.035156
0 0.177734 0.951172 0.023438 0.023438
0 0.166016 0.130859 0.027344 0.027344
0 0.744141 0.562500 0.035156 0.035156
0 0.396484 0.134766 0.035156 0.035156
0 0.564453 0.398438 0.035156 0.035156
0 0.917969 0.593750 0.035156 0.035156
0 0.587891 0.248047 0.027344 0.027344
0 0.494141 0.185547 0.023438 0.023438
0 0.648438 0.271484 0.027344 0.027344
0 0.863281 0.173828 0.027344 0.027344
1 0.250000 0.683594 0.035502 0.028820
1 0.539062 0.960938 0.032124 0.041084
1 0.578125 0.179688 0.033329 0.042028
1 0.886719 0.365234 0.034989 0.026912
1 0.912109 0.960938 0.022961 0.056231
1 0.189453 0.828125 0.030627 0.032747
1 0.095703 0.835938 0.025482 0.032311
1 0.845703 0.238281 0.015722 0.036318
1 0.810547 0.599609 0.041400 0.013143
1 0.615234 0.009766 0.042146 0.020048
1 0.718750 0.326172 0.035668 0.028055
1 0.593750 0.785156 0.021494 0.038902
1 0.273438 0.400391 0.015391 0.033873
1 0.890625 0.531250 0.053463 0.045006
1 0.351562 0.824219 0.039876 0.023688
1 0.117188 0.281250 0.045950 0.020343
1 0.070312 0.367188 0.045962 0.034778
1 0.767578 0.210938 0.033179 0.030003
1 0.755859 0.011719 0.049272 0.012308
1 0.146484 0.541016 0.030784 0.020437