0 0.187500 0.750000 0.035156 0.035156
0 0.609375 0.443359 0.031250 0.031250
0 0.423828 0.810547 0.027344 0.027344
0 0.664062 0.507812 0.031250 0.031250
0 0.167969 0.855469 0.027344 0.027344
0 0.730469 0.365234 0.023438 0.023438
0 0.060547 0.234375 0.027344 0.027344
0 0.757812 0.031250 0.031250 0.031250
0 0.441406 0.876953 0.027344 0.027344
0 0.177734 0.720703 0.027344 0.027344
0 0.011719 0.134766 0.023438 0.023438
0 0.113281 0.703125 0.035156 0.035156
0 0.339844 0.785156 0.023438 0.023438
0 0.972656 0.455078 0.035156 0.035156
0 0.869141 0.501953 0.031250 0.031250
0 0.689453 0.367188 0.027344 0.027344
0 0.726562 0.701172 0.035156 0.035156
0 0.785156 0.531250 0.035156 0.035156
0 0.480469 0.410156 0.027344 0.027344
0 0.523438 0.044922 0.027344 0.027344
0 0.601562 0.216797 0.035156 0.035156
0 0.652344 0.490234 0.031250 0.031250
0 0.974609 0.710938 0.031250 0.031250
0 0.152344 0.556641 0.035156 0.035156
0 0.732422 0.654297 0.023438 0.023438
0 0.751953 0.173828 0.023438 0.023438
0 0.314453 0.347656 0.031250 0.031250
0 0.119141 0.392578 0.023438 0.023438
0 0.603516 0.480469 0.027344 0.027344
0 0.347656 0.722656 0.031250 0.031250
1 0.632812 0.414062 0.030901 0.034745
1 0.101562 0.156250 0.043827 0.015419
1 0.476562 0.482422 0.032741 0.040207
1 0.664062 0.937500 0.032152 0.022465
1 0.333984 0.277344 0.032800 0.027044
1 0.357422 0.775391 0.039773 0.024252
1 0.558594 0.140625 0.036597 0.040449
1 0.845703 0.796875 0.014181 0.029531
1 0.291016 0.435547 0.045973 0.030629
1 0.560547 0.310547 0.037289 0.037289
1 0.904297 0.421875 0.041811 0.041040
1 0.626953 0.898438 0.029515 0.028455
1 0.601562 0.166016 0.018324 0.040504
1 0.574219 0.234375 0.047128 0.040776
1 0.253906 0.455078 0.030751 0.029979
1 0.169922 0.632812 0.035907 0.025114
1 0.416016 0.146484 0.034229 0.027912
1 0.962891 0.324219 0.033553 0.028809
1 0.816406 0.865234 0.056335 0.024743
1 0.578125 0.656250 0.048126 0.038639