0 0.441406 0.951172 0.035156 0.035156
0 0.728516 0.199219 0.023438 0.023438
0 0.544922 0.744141 0.035156 0.035156
0 0.410156 0.017578 0.031250 0.031250
0 0.884766 0.166016 0.035156 0.035156
0 0.261719 0.267578 0.031250 0.031250
0 0.378906 0.275391 0.027344 0.027344
0 0.183594 0.722656 0.023438 0.023438
0 0.630859 0.730469 0.035156 0.035156
0 0.384766 0.908203 0.035156 0.035156
0 0.195312 0.587891 0.031250 0.031250
0 0.941406 0.185547 0.023438 0.023438
0 0.400391 0.783203 0.023438 0.023438
0 0.511719 0.193359 0.023438 0.023438
0 0.166016 0.638672 0.027344 0.027344
0 0.917969 0.839844 0.027344 0.027344
0 0.294922 0.537109 0.027344 0.027344
0 0.599609 0.580078 0.027344 0.027344
0 0.673828 0.912109 0.035156 0.035156
0 0.275391 0.019531 0.023438 0.023438
0 0.488281 0.375000 0.035156 0.035156
0 0.308594 0.388672 0.027344 0.027344
0 0.941406 0.578125 0.023438 0.023438
0 0.416016 0.109375 0.023438 0.023438
0 0.191406 0.259766 0.031250 0.031250
0 0.910156 0.146484 0.023438 0.023438
0 0.671875 0.873047 0.027344 0.027344
0 0.943359 0.566406 0.023438 0.023438
0 0.332031 0.691406 0.023438 0.023438
0 0.888672 0.986328 0.023438 0.023438
1 0.861328 0.767578 0.058006 0.031367
1 0.097656 0.087891 0.044182 0.017585
1 0.095703 0.771484 0.024470 0.039518
1 0.335938 0.984375 0.043008 0.054602
1 0.935547 0.175781 0.013672 0.046875
1 0.933594 0.779297 0.054995 0.011668
1 0.123047 0.576172 0.048769 0.044915
1 0.589844 0.330078 0.035912 0.051256
1 0.892578 0.437500 0.017757 0.047859
1 0.292969 0.843750 0.028550 0.031625
1 0.132812 0.031250 0.036870 0.034847
1 0.792969 0.070312 0.012194 0.035752
1 0.240234 0.558594 0.014006 0.033940
1 0.470703 0.585938 0.041997 0.037666
1 0.880859 0.953125 0.041065 0.046839
1 0.785156 0.238281 0.035366 0.043519
1 0.923828 0.605469 0.021951 0.040114
1 0.560547 0.207031 0.044315 0.018807
1 0.287109 0.210938 0.048749 0.023866
1 0.925781 0.890625 0.017074 0.036557