0 0.373047 0.917969 0.027344 0.027344
0 0.693359 0.640625 0.035156 0.035156
0 0.314453 0.152344 0.031250 0.031250
0 0.884766 0.660156 0.035156 0.035156
0 0.980469 0.271484 0.035156 0.035156
0 0.191406 0.289062 0.035156 0.035156
0 0.923828 0.302734 0.027344 0.027344
0 0.355469 0.546875 0.035156 0.035156
0 0.726562 0.173828 0.031250 0.031250
0 0.285156 0.156250 0.023438 0.023438
0 0.408203 0.769531 0.023438 0.023438
0 0.402344 0.765625 0.027344 0.027344
0 0.751953 0.732422 0.035156 0.035156
0 0.931641 0.656250 0.031250 0.031250
0 0.292969 0.693359 0.023438 0.023438
0 0.216797 0.328125 0.023438 0.023438
0 0.861328 0.839844 0.023438 0.023438
0 0.472656 0.138672 0.023438 0.023438
0 0.476562 0.261719 0.027344 0.027344
0 0.150391 0.576172 0.027344 0.027344
0 0.548828 0.445312 0.031250 0.031250
0 0.421875 0.267578 0.027344 0.027344
0 0.308594 0.171875 0.031250 0.031250
0 0.361328 0.919922 0.023438 0.023438
0 0.064453 0.943359 0.031250 0.031250
0 0.333984 0.912109 0.031250 0.031250
0 0.023438 0.091797 0.027344 0.027344
0 0.697266 0.912109 0.027344 0.027344
0 0.941406 0.322266 0.035156 0.035156
0 0.101562 0.017578 0.035156 0.035156
1 0.353516 0.462891 0.041432 0.041432
1 0.617188 0.191406 0.042079 0.021331
1 0.578125 0.058594 0.042160 0.019398
1 0.623047 0.683594 0.026281 0.045091
1 0.867188 0.667969 0.016772 0.045766
1 0.785156 0.542969 0.047261 0.025915
1 0.142578 0.970703 0.028695 0.052521
1 0.150391 0.908203 0.024541 0.045553
1 0.621094 0.949219 0.048387 0.033922
1 0.908203 0.513672 0.046423 0.022238
1 0.542969 0.513672 0.049527 0.015096
1 0.896484 0.140625 0.020359 0.052045
1 0.277344 0.416016 0.033043 0.030013
1 0.132812 0.986328 0.032155 0.052942
1 0.503906 0.191406 0.038144 0.022416
1 0.076172 0.263672 0.016154 0.038261
1 0.945312 0.433594 0.017981 0.036474
1 0.611328 0.875000 0.023963 0.034074
1 0.833984 0.796875 0.049892 0.017582
1 0.689453 0.888672 0.017590 0.057456