0 0.812500 0.142578 0.035156 0.035156
0 0.371094 0.130859 0.027344 0.027344
0 0.099609 0.376953 0.027344 0.027344
0 0.646484 0.296875 0.027344 0.027344
0 0.093750 0.855469 0.031250 0.031250
0 0.753906 0.337891 0.031250 0.031250
0 0.072266 0.626953 0.023438 0.023438
0 0.898438 0.064453 0.023438 0.023438
0 0.275391 0.103516 0.023438 0.023438
0 0.669922 0.287109 0.027344 0.027344
0 0.535156 0.121094 0.027344 0.027344
0 0.494141 0.544922 0.035156 0.035156
0 0.884766 0.808594 0.031250 0.031250
0 0.121094 0.029297 0.027344 0.027344
0 0.863281 0.310547 0.031250 0.031250
0 0.082031 0.683594 0.031250 0.031250
0 0.166016 0.464844 0.023438 0.023438
0 0.517578 0.808594 0.023438 0.023438
0 0.835938 0.869141 0.023438 0.023438
0 0.722656 0.535156 0.031250 0.031250
0 0.537109 0.787109 0.027344 0.027344
0 0.250000 0.843750 0.035156 0.035156
0 0.283203 0.101562 0.023438 0.023438
0 0.037109 0.507812 0.031250 0.031250
0 0.285156 0.603516 0.023438 0.023438
0 0.251953 0.847656 0.023438 0.023438
0 0.162109 0.207031 0.027344 0.027344
0 0.019531 0.552734 0.027344 0.027344
0 0.972656 0.886719 0.023438 0.023438
0 0.468750 0.460938 0.027344 0.027344
1 0.386719 0.287109 0.040499 0.047231
1 0.343750 0.130859 0.032907 0.052746
1 0.462891 0.664062 0.042079 0.021331
1 0.208984 0.251953 0.032731 0.018001
1 0.775391 0.404297 0.021032 0.031538
1 0.525391 0.044922 0.010446 0.039227
1 0.820312 0.519531 0.024653 0.035045
1 0.378906 0.539062 0.041353 0.024495
1 0.917969 0.150391 0.047033 0.037020
1 0.630859 0.462891 0.038086 0.046240
1 0.558594 0.968750 0.056291 0.023856
1 0.320312 0.201172 0.021032 0.031538
1 0.386719 0.234375 0.029725 0.042951
1 0.742188 0.091797 0.044922 0.009766
1 0.275391 0.197266 0.044541 0.033181
1 0.644531 0.488281 0.029620 0.010782
1 0.835938 0.646484 0.043804 0.038607
1 0.498047 0.750000 0.018009 0.031182
1 0.488281 0.880859 0.024101 0.031369
1 0.451172 0.498047 0.055716 0.031959