0 0.292969 0.076172 0.027344 0.027344
0 0.904297 0.103516 0.027344 0.027344
0 0.750000 0.455078 0.031250 0.031250
0 0.044922 0.490234 0.027344 0.027344
0 0.714844 0.064453 0.027344 0.027344
0 0.439453 0.466797 0.031250 0.031250
0 0.494141 0.513672 0.027344 0.027344
0 0.794922 0.828125 0.031250 0.031250
0 0.138672 0.414062 0.031250 0.031250
0 0.892578 0.849609 0.027344 0.027344
0 0.818359 0.531250 0.035156 0.035156
0 0.878906 0.464844 0.023438 0.023438
0 0.546875 0.923828 0.035156 0.035156
0 0.251953 0.703125 0.023438 0.023438
0 0.210938 0.408203 0.023438 0.023438
0 0.181641 0.130859 0.027344 0.027344
0 0.851562 0.556641 0.023438 0.023438
0 0.703125 0.083984 0.027344 0.027344
0 0.220703 0.117188 0.023438 0.023438
0 0.601562 0.537109 0.027344 0.027344
0 0.357422 0.164062 0.023438 0.023438
0 0.613281 0.630859 0.027344 0.027344
0 0.787109 0.869141 0.023438 0.023438
0 0.779297 0.798828 0.031250 0.031250
0 0.814453 0.859375 0.035156 0.035156
0 0.869141 0.964844 0.027344 0.027344
0 0.173828 0.466797 0.031250 0.031250
0 0.957031 0.130859 0.035156 0.035156
0 0.261719 0.566406 0.023438 0.023438
0 0.488281 0.441406 0.023438 0.023438
1 0.929688 0.867188 0.015186 0.029972
1 0.435547 0.236328 0.024203 0.035877
1 0.822266 0.107422 0.018552 0.031226
1 0.628906 0.535156 0.052980 0.036829
1 0.085938 0.937500 0.051364 0.040823
1 0.820312 0.800781 0.028576 0.037460
1 0.132812 0.287109 0.045035 0.043300
1 0.923828 0.121094 0.055847 0.020129
1 0.689453 0.230469 0.034245 0.041920
1 0.845703 0.806641 0.014360 0.051325
1 0.410156 0.232422 0.013348 0.047255
1 0.789062 0.349609 0.032590 0.036201
1 0.185547 0.830078 0.031071 0.032372
1 0.585938 0.070312 0.047388 0.025209
1 0.537109 0.720703 0.051256 0.035912
1 0.226562 0.568359 0.036452 0.017424
1 0.742188 0.615234 0.040636 0.042178
1 0.929688 0.193359 0.057476 0.019453
1 0.767578 0.761719 0.031469 0.023376
1 0.933594 0.441406 0.050567 0.033496