0 0.291016 0.388672 0.027344 0.027344
0 0.304688 0.173828 0.027344 0.027344
0 0.091797 0.199219 0.031250 0.031250
0 0.138672 0.355469 0.027344 0.027344
0 0.205078 0.605469 0.023438 0.023438
0 0.121094 0.775391 0.031250 0.031250
0 0.634766 0.693359 0.035156 0.035156
0 0.681641 0.478516 0.035156 0.035156
0 0.265625 0.121094 0.035156 0.035156
0 0.902344 0.621094 0.031250 0.031250
0 0.742188 0.585938 0.035156 0.035156
0 0.943359 0.107422 0.031250 0.031250
0 0.384766 0.216797 0.027344 0.027344
0 0.855469 0.423828 0.035156 0.035156
0 0.103516 0.523438 0.027344 0.027344
0 0.189453 0.429688 0.027344 0.027344
0 0.679688 0.980469 0.031250 0.031250
0 0.753906 0.318359 0.035156 0.035156
0 0.164062 0.390625 0.035156 0.035156
0 0.253906 0.714844 0.027344 0.027344
0 0.179688 0.808594 0.035156 0.035156
0 0.816406 0.232422 0.023438 0.023438
0 0.064453 0.562500 0.031250 0.031250
0 0.373047 0.093750 0.035156 0.035156
0 0.421875 0.923828 0.035156 0.035156
0 0.255859 0.970703 0.031250 0.031250
0 0.072266 0.855469 0.035156 0.035156
0 0.273438 0.132812 0.031250 0.031250
0 0.248047 0.789062 0.023438 0.023438
0 0.625000 0.958984 0.031250 0.031250
1 0.958984 0.593750 0.038410 0.032086
1 0.855469 0.197266 0.055226 0.014565
1 0.730469 0.666016 0.038291 0.016667
1 0.082031 0.330078 0.046048 0.038745
1 0.910156 0.072266 0.036986 0.024035
1 0.593750 0.337891 0.040608 0.025499
1 0.550781 0.822266 0.046609 0.049934
1 0.257812 0.494141 0.021447 0.052295
1 0.884766 0.476562 0.046886 0.044139
1 0.697266 0.962891 0.051104 0.045041
1 0.486328 0.718750 0.034834 0.041753
1 0.570312 0.177734 0.057021 0.025899
1 0.861328 0.703125 0.035932 0.045121
1 0.355469 0.689453 0.033004 0.017960
1 0.031250 0.638672 0.022056 0.032088
1 0.812500 0.929688 0.017344 0.047954
1 0.736328 0.212891 0.032871 0.047169
1 0.953125 0.853516 0.014929 0.043839
1 0.242188 0.888672 0.020939 0.051677
1 0.273438 0.740234 0.030464 0.014228