0 0.201172 0.730469 0.031250 0.031250
0 0.269531 0.085938 0.027344 0.027344
0 0.505859 0.591797 0.035156 0.035156
0 0.503906 0.087891 0.023438 0.023438
0 0.164062 0.527344 0.023438 0.023438
0 0.580078 0.072266 0.031250 0.031250
0 0.345703 0.886719 0.031250 0.031250
0 0.333984 0.832031 0.027344 0.027344
0 0.599609 0.294922 0.027344 0.027344
0 0.943359 0.183594 0.035156 0.035156
0 0.845703 0.607422 0.027344 0.027344
0 0.224609 0.486328 0.023438 0.023438
0 0.789062 0.121094 0.027344 0.027344
0 0.341797 0.927734 0.031250 0.031250
0 0.269531 0.148438 0.027344 0.027344
0 0.591797 0.507812 0.023438 0.023438
0 0.363281 0.693359 0.027344 0.027344
0 0.730469 0.904297 0.023438 0.023438
0 0.369141 0.210938 0.031250 0.031250
0 0.453125 0.375000 0.031250 0.031250
0 0.488281 0.250000 0.023438 0.023438
0 0.255859 0.964844 0.023438 0.023438
0 0.259766 0.697266 0.031250 0.031250
0 0.328125 0.054688 0.031250 0.031250
0 0.380859 0.166016 0.027344 0.027344
0 0.695312 0.632812 0.023438 0.023438
0 0.207031 0.787109 0.031250 0.031250
0 0.660156 0.089844 0.031250 0.031250
0 0.814453 0.357422 0.023438 0.023438
0 0.580078 0.953125 0.035156 0.035156
1 0.210938 0.486328 0.022294 0.035685
1 0.425781 0.402344 0.040296 0.051891
1 0.343750 0.500000 0.027462 0.043191
1 0.132812 0.353516 0.037893 0.036640
1 0.330078 0.490234 0.043313 0.036009
1 0.574219 0.900391 0.041381 0.044128
1 0.457031 0.638672 0.049180 0.037585
1 0.136719 0.322266 0.036000 0.029285
1 0.757812 0.089844 0.030668 0.030090
1 0.216797 0.695312 0.036453 0.020152
1 0.310547 0.617188 0.057744 0.025979
1 0.537109 0.662109 0.042650 0.023199
1 0.847656 0.527344 0.043263 0.031081
1 0.216797 0.751953 0.048338 0.045446
1 0.857422 0.693359 0.023770 0.044517
1 0.580078 0.892578 0.051519 0.040967
1 0.921875 0.472656 0.032516 0.030926
1 0.263672 0.890625 0.043967 0.016367
1 0.408203 0.251953 0.053560 0.017317
1 0.544922 0.623047 0.040310 0.036842