0 0.466797 0.814453 0.027344 0.027344
0 0.931641 0.521484 0.027344 0.027344
0 0.740234 0.660156 0.031250 0.031250
0 0.296875 0.458984 0.035156 0.035156
0 0.205078 0.224609 0.031250 0.031250
0 0.160156 0.544922 0.027344 0.027344
0 0.582031 0.478516 0.023438 0.023438
0 0.482422 0.378906 0.023438 0.023438
0 0.093750 0.556641 0.031250 0.031250
0 0.513672 0.720703 0.031250 0.031250
0 0.929688 0.630859 0.027344 0.027344
0 0.908203 0.820312 0.035156 0.035156
0 0.281250 0.574219 0.023438 0.023438
0 0.781250 0.466797 0.027344 0.027344
0 0.771484 0.298828 0.027344 0.027344
0 0.496094 0.626953 0.031250 0.031250
0 0.822266 0.011719 0.023438 0.023438
0 0.398438 0.949219 0.035156 0.035156
0 0.720703 0.828125 0.027344 0.027344
0 0.070312 0.273438 0.035156 0.035156
0 0.099609 0.880859 0.035156 0.035156
0 0.556641 0.746094 0.023438 0.023438
0 0.818359 0.570312 0.031250 0.031250
0 0.390625 0.283203 0.023438 0.023438
0 0.638672 0.916016 0.027344 0.027344
0 0.679688 0.718750 0.023438 0.023438
0 0.308594 0.667969 0.027344 0.027344
0 0.294922 0.105469 0.031250 0.031250
0 0.792969 0.933594 0.031250 0.031250
0 0.062500 0.074219 0.035156 0.035156
1 0.304688 0.275391 0.043545 0.012739
1 0.671875 0.564453 0.015922 0.034456
1 0.210938 0.378906 0.025184 0.054458
1 0.070312 0.064453 0.038879 0.052244
1 0.470703 0.501953 0.024373 0.037692
1 0.640625 0.480469 0.030915 0.017616
1 0.736328 0.910156 0.044534 0.023109
1 0.257812 0.828125 0.029374 0.035699
1 0.603516 0.160156 0.013693 0.057184
1 0.494141 0.738281 0.043008 0.054602
1 0.388672 0.634766 0.035990 0.023708
1 0.398438 0.845703 0.039958 0.030017
1 0.302734 0.156250 0.027108 0.033960
1 0.660156 0.613281 0.021378 0.053580
1 0.097656 0.806641 0.025151 0.043498
1 0.408203 0.929688 0.031495 0.032025
1 0.830078 0.773438 0.029521 0.057370
1 0.302734 0.105469 0.025708 0.044385
1 0.757812 0.781250 0.030784 0.020437
1 0.375000 0.816406 0.044538 0.022441