0 0.376953 0.107422 0.023438 0.023438
0 0.330078 0.753906 0.027344 0.027344
0 0.390625 0.554688 0.031250 0.031250
0 0.652344 0.404297 0.031250 0.031250
0 0.908203 0.406250 0.027344 0.027344
0 0.845703 0.927734 0.035156 0.035156
0 0.664062 0.050781 0.035156 0.035156
0 0.623047 0.814453 0.027344 0.027344
0 0.884766 0.376953 0.031250 0.031250
0 0.828125 0.537109 0.035156 0.035156
0 0.947266 0.359375 0.031250 0.031250
0 0.765625 0.275391 0.023438 0.023438
0 0.753906 0.263672 0.023438 0.023438
0 0.189453 0.523438 0.023438 0.023438
0 0.507812 0.089844 0.023438 0.023438
0 0.394531 0.369141 0.023438 0.023438
0 0.923828 0.492188 0.031250 0.031250
0 0.093750 0.519531 0.023438 0.023438
0 0.216797 0.357422 0.023438 0.023438
0 0.701172 0.378906 0.031250 0.031250
0 0.912109 0.089844 0.035156 0.035156
0 0.527344 0.736328 0.035156 0.035156
0 0.339844 0.900391 0.027344 0.027344
0 0.658203 0.076172 0.023438 0.023438
0 0.876953 0.453125 0.023438 0.023438
0 0.119141 0.054688 0.035156 0.035156
0 0.029297 0.164062 0.031250 0.031250
0 0.585938 0.480469 0.027344 0.027344
0 0.929688 0.337891 0.023438 0.023438
0 0.191406 0.171875 0.031250 0.031250
1 0.949219 0.925781 0.035791 0.027256
1 0.566406 0.189453 0.048338 0.045446
1 0.144531 0.673828 0.027388 0.042236
1 0.121094 0.031250 0.028152 0.036170
1 0.925781 0.505859 0.043523 0.049875
1 0.187500 0.125000 0.012637 0.052931
1 0.205078 0.642578 0.032304 0.014921
1 0.724609 0.609375 0.030358 0.022745
1 0.257812 0.859375 0.042220 0.017884
1 0.255859 0.503906 0.011123 0.039380
1 0.361328 0.464844 0.030383 0.030383
1 0.281250 0.855469 0.019408 0.033218
1 0.777344 0.986328 0.051677 0.020939
1 0.917969 0.716797 0.050310 0.038504
1 0.650391 0.621094 0.039773 0.037460
1 0.623047 0.546875 0.042651 0.021935
1 0.574219 0.496094 0.039649 0.012467
1 0.296875 0.171875 0.032362 0.055955
1 0.447266 0.660156 0.029373 0.042316
1 0.914062 0.160156 0.013416 0.049207