0 0.822266 0.728516 0.023438 0.023438
0 0.287109 0.968750 0.031250 0.031250
0 0.933594 0.427734 0.027344 0.027344
0 0.507812 0.589844 0.027344 0.027344
0 0.384766 0.683594 0.031250 0.031250
0 0.552734 0.638672 0.023438 0.023438
0 0.884766 0.474609 0.027344 0.027344
0 0.082031 0.277344 0.023438 0.023438
0 0.376953 0.019531 0.031250 0.031250
0 0.925781 0.500000 0.031250 0.031250
0 0.626953 0.947266 0.027344 0.027344
0 0.050781 0.906250 0.031250 0.031250
0 0.916016 0.121094 0.023438 0.023438
0 0.337891 0.199219 0.031250 0.031250
0 0.730469 0.130859 0.023438 0.023438
0 0.804688 0.597656 0.023438 0.023438
0 0.976562 0.601562 0.031250 0.031250
0 0.027344 0.617188 0.031250 0.031250
0 0.748047 0.337891 0.023438 0.023438
0 0.089844 0.339844 0.031250 0.031250
0 0.085938 0.705078 0.027344 0.027344
0 0.855469 0.335938 0.023438 0.023438
0 0.681641 0.441406 0.035156 0.035156
0 0.722656 0.246094 0.023438 0.023438
0 0.710938 0.671875 0.035156 0.035156
0 0.738281 0.750000 0.035156 0.035156
0 0.708984 0.423828 0.023438 0.023438
0 0.396484 0.259766 0.031250 0.031250
0 0.269531 0.763672 0.023438 0.023438
0 0.677734 0.765625 0.023438 0.023438
1 0.615234 0.902344 0.022726 0.036177
1 0.730469 0.404297 0.035927 0.045414
1 0.289062 0.062500 0.030834 0.026606
1 0.820312 0.117188 0.019871 0.044055
1 0.753906 0.136719 0.032170 0.027849
1 0.552734 0.429688 0.044248 0.029712
1 0.894531 0.642578 0.029603 0.037681
1 0.943359 0.525391 0.051091 0.011532
1 0.707031 0.494141 0.036084 0.013977
1 0.724609 0.689453 0.032460 0.027190
1 0.714844 0.941406 0.031371 0.040665
1 0.904297 0.064453 0.015493 0.035824
1 0.816406 0.750000 0.035132 0.033879
1 0.876953 0.291016 0.033094 0.025018
1 0.669922 0.480469 0.033693 0.049880
1 0.667969 0.792969 0.023416 0.033315
1 0.710938 0.775391 0.055847 0.020129
1 0.154297 0.578125 0.029539 0.031080
1 0.119141 0.894531 0.037318 0.030467
1 0.796875 0.933594 0.026861 0.028306