0 0.017578 0.404297 0.027344 0.027344
0 0.152344 0.513672 0.035156 0.035156
0 0.035156 0.945312 0.035156 0.035156
0 0.880859 0.101562 0.023438 0.023438
0 0.097656 0.390625 0.023438 0.023438
0 0.232422 0.636719 0.023438 0.023438
0 0.810547 0.716797 0.023438 0.023438
0 0.845703 0.263672 0.031250 0.031250
0 0.613281 0.599609 0.027344 0.027344
0 0.824219 0.341797 0.035156 0.035156
0 0.832031 0.591797 0.035156 0.035156
0 0.955078 0.455078 0.035156 0.035156
0 0.548828 0.404297 0.023438 0.023438
0 0.927734 0.074219 0.027344 0.027344
0 0.923828 0.767578 0.035156 0.035156
0 0.873047 0.718750 0.027344 0.027344
0 0.353516 0.503906 0.035156 0.035156
0 0.050781 0.138672 0.031250 0.031250
0 0.066406 0.232422 0.031250 0.031250
0 0.966797 0.531250 0.023438 0.023438
0 0.513672 0.519531 0.035156 0.035156
0 0.751953 0.574219 0.027344 0.027344
0 0.542969 0.822266 0.023438 0.023438
0 0.941406 0.095703 0.023438 0.023438
0 0.591797 0.130859 0.035156 0.035156
0 0.435547 0.564453 0.035156 0.035156
0 0.220703 0.144531 0.027344 0.027344
0 0.347656 0.656250 0.027344 0.027344
0 0.746094 0.238281 0.027344 0.027344
0 0.640625 0.812500 0.031250 0.031250
1 0.789062 0.496094 0.013552 0.053111
1 0.677734 0.972656 0.044459 0.029095
1 0.212891 0.574219 0.021800 0.035610
1 0.730469 0.812500 0.041554 0.030134
1 0.638672 0.705078 0.016062 0.042038
1 0.908203 0.048828 0.036883 0.025005
1 0.433594 0.107422 0.030627 0.032747
1 0.730469 0.013672 0.043157 0.023822
1 0.947266 0.332031 0.043231 0.035885
1 0.183594 0.285156 0.055523 0.020922
1 0.574219 0.041016 0.020802 0.046377
1 0.400391 0.179688 0.036251 0.015145
1 0.587891 0.146484 0.027881 0.054729
1 0.261719 0.972656 0.021800 0.035610
1 0.582031 0.146484 0.046997 0.036434
1 0.566406 0.539062 0.042286 0.037377
1 0.367188 0.830078 0.032582 0.021200
1 0.923828 0.402344 0.014686 0.029756
1 0.939453 0.185547 0.051831 0.017820
1 0.634766 0.580078 0.043167 0.012467