0 0.820312 0.437500 0.031250 0.031250
0 0.166016 0.630859 0.031250 0.031250
0 0.861328 0.582031 0.023438 0.023438
0 0.498047 0.839844 0.027344 0.027344
0 0.103516 0.074219 0.023438 0.023438
0 0.058594 0.681641 0.027344 0.027344
0 0.830078 0.412109 0.027344 0.027344
0 0.927734 0.710938 0.031250 0.031250
0 0.699219 0.412109 0.031250 0.031250
0 0.771484 0.267578 0.027344 0.027344
0 0.949219 0.408203 0.035156 0.035156
0 0.083984 0.132812 0.027344 0.027344
0 0.289062 0.761719 0.027344 0.027344
0 0.074219 0.171875 0.027344 0.027344
0 0.345703 0.792969 0.035156 0.035156
0 0.464844 0.478516 0.031250 0.031250
0 0.250000 0.677734 0.031250 0.031250
0 0.960938 0.320312 0.031250 0.031250
0 0.234375 0.250000 0.027344 0.027344
0 0.921875 0.519531 0.031250 0.031250
0 0.796875 0.908203 0.027344 0.027344
0 0.927734 0.328125 0.027344 0.027344
0 0.900391 0.873047 0.031250 0.031250
0 0.128906 0.828125 0.031250 0.031250
0 0.238281 0.919922 0.035156 0.035156
0 0.300781 0.312500 0.035156 0.035156
0 0.562500 0.490234 0.027344 0.027344
0 0.265625 0.884766 0.031250 0.031250
0 0.712891 0.400391 0.031250 0.031250
0 0.730469 0.503906 0.023438 0.023438
1 0.455078 0.796875 0.016358 0.055470
1 0.412109 0.238281 0.040677 0.053885
1 0.062500 0.660156 0.033275 0.023828
1 0.052734 0.380859 0.050781 0.009766
1 0.314453 0.732422 0.041716 0.029603
1 0.753906 0.570312 0.035912 0.051256
1 0.914062 0.695312 0.030789 0.016563
1 0.234375 0.806641 0.031946 0.024082
1 0.363281 0.279297 0.018212 0.036746
1 0.355469 0.750000 0.040891 0.055592
1 0.880859 0.193359 0.031376 0.046491
1 0.525391 0.751953 0.035164 0.026478
1 0.902344 0.732422 0.044922 0.009766
1 0.095703 0.525391 0.038903 0.023162
1 0.492188 0.337891 0.035390 0.014283
1 0.611328 0.029297 0.035502 0.028820
1 0.742188 0.195312 0.018296 0.044273
1 0.429688 0.273438 0.022009 0.037057
1 0.376953 0.552734 0.047175 0.043850
1 0.933594 0.738281 0.026601 0.050705