0 0.136719 0.871094 0.027344 0.027344
0 0.341797 0.714844 0.035156 0.035156
0 0.166016 0.970703 0.031250 0.031250
0 0.914062 0.062500 0.023438 0.023438
0 0.476562 0.357422 0.031250 0.031250
0 0.767578 0.798828 0.023438 0.023438
0 0.720703 0.650391 0.027344 0.027344
0 0.097656 0.216797 0.027344 0.027344
0 0.306641 0.234375 0.027344 0.027344
0 0.269531 0.216797 0.031250 0.031250
0 0.894531 0.882812 0.023438 0.023438
0 0.281250 0.185547 0.035156 0.035156
0 0.529297 0.378906 0.031250 0.031250
0 0.195312 0.308594 0.027344 0.027344
0 0.160156 0.646484 0.035156 0.035156
0 0.455078 0.292969 0.027344 0.027344
0 0.849609 0.345703 0.023438 0.023438
0 0.091797 0.642578 0.023438 0.023438
0 0.556641 0.402344 0.027344 0.027344
0 0.535156 0.634766 0.031250 0.031250
0 0.232422 0.675781 0.031250 0.031250
0 0.148438 0.433594 0.027344 0.027344
0 0.792969 0.080078 0.027344 0.027344
0 0.826172 0.080078 0.027344 0.027344
0 0.033203 0.660156 0.031250 0.031250
0 0.759766 0.779297 0.035156 0.035156
0 0.365234 0.183594 0.023438 0.023438
0 0.865234 0.769531 0.035156 0.035156
0 0.078125 0.460938 0.023438 0.023438
0 0.148438 0.849609 0.031250 0.031250
1 0.750000 0.765625 0.022537 0.040047
1 0.675781 0.945312 0.036123 0.053194
1 0.417969 0.742188 0.020152 0.036453
1 0.281250 0.322266 0.050552 0.034824
1 0.779297 0.121094 0.042614 0.036891
1 0.759766 0.365234 0.011259 0.043283
1 0.123047 0.412109 0.033085 0.018448
1 0.369141 0.843750 0.026402 0.053041
1 0.824219 0.566406 0.036645 0.026402
1 0.726562 0.798828 0.042125 0.017412
1 0.558594 0.029297 0.038836 0.035560
1 0.277344 0.609375 0.025200 0.034109
1 0.500000 0.175781 0.028809 0.052553
1 0.205078 0.914062 0.028795 0.042524
1 0.582031 0.708984 0.030781 0.032661
1 0.070312 0.632812 0.031575 0.034464
1 0.330078 0.083984 0.028442 0.035591
1 0.494141 0.439453 0.037873 0.050570
1 0.181641 0.722656 0.051801 0.033852
1 0.849609 0.880859 0.058264 0.026063