0 0.134766 0.826172 0.035156 0.035156
0 0.132812 0.298828 0.027344 0.027344
0 0.939453 0.488281 0.031250 0.031250
0 0.951172 0.083984 0.023438 0.023438
0 0.316406 0.638672 0.027344 0.027344
0 0.767578 0.953125 0.031250 0.031250
0 0.767578 0.646484 0.023438 0.023438
0 0.902344 0.787109 0.031250 0.031250
0 0.326172 0.224609 0.031250 0.031250
0 0.156250 0.203125 0.023438 0.023438
0 0.519531 0.675781 0.035156 0.035156
0 0.421875 0.970703 0.027344 0.027344
0 0.859375 0.105469 0.027344 0.027344
0 0.484375 0.082031 0.035156 0.035156
0 0.308594 0.824219 0.031250 0.031250
0 0.160156 0.388672 0.027344 0.027344
0 0.849609 0.875000 0.035156 0.035156
0 0.210938 0.748047 0.023438 0.023438
0 0.185547 0.054688 0.027344 0.027344
0 0.339844 0.273438 0.023438 0.023438
0 0.734375 0.384766 0.023438 0.023438
0 0.857422 0.351562 0.031250 0.031250
0 0.287109 0.687500 0.027344 0.027344
0 0.423828 0.921875 0.031250 0.031250
0 0.050781 0.052734 0.027344 0.027344
0 0.892578 0.197266 0.023438 0.023438
0 0.914062 0.664062 0.031250 0.031250
0 0.279297 0.435547 0.027344 0.027344
0 0.750000 0.644531 0.023438 0.023438
0 0.794922 0.695312 0.023438 0.023438
1 0.056641 0.519531 0.028811 0.031503
1 0.347656 0.800781 0.030629 0.051323
1 0.314453 0.226562 0.027727 0.036306
1 0.880859 0.142578 0.049024 0.031938
1 0.890625 0.449219 0.042316 0.029373
1 0.863281 0.685547 0.046886 0.044139
1 0.837891 0.738281 0.040909 0.049119
1 0.578125 0.009766 0.011490 0.033669
1 0.281250 0.857422 0.033163 0.055827
1 0.234375 0.292969 0.009766 0.033203
1 0.466797 0.605469 0.053284 0.030620
1 0.060547 0.402344 0.023647 0.046412
1 0.615234 0.134766 0.038797 0.024767
1 0.052734 0.871094 0.023263 0.035803
1 0.734375 0.914062 0.013672 0.031250
1 0.599609 0.287109 0.030467 0.037318
1 0.792969 0.208984 0.030207 0.014228
1 0.171875 0.253906 0.037606 0.046719
1 0.609375 0.460938 0.040645 0.019584
1 0.771484 0.482422 0.033094 0.025018