0 0.255859 0.150391 0.023438 0.023438
0 0.164062 0.060547 0.035156 0.035156
0 0.937500 0.144531 0.031250 0.031250
0 0.871094 0.660156 0.023438 0.023438
0 0.287109 0.546875 0.027344 0.027344
0 0.824219 0.353516 0.035156 0.035156
0 0.646484 0.597656 0.035156 0.035156
0 0.816406 0.695312 0.027344 0.027344
0 0.128906 0.443359 0.027344 0.027344
0 0.478516 0.080078 0.023438 0.023438
0 0.031250 0.812500 0.027344 0.027344
0 0.216797 0.128906 0.035156 0.035156
0 0.708984 0.359375 0.035156 0.035156
0 0.169922 0.353516 0.023438 0.023438
0 0.800781 0.914062 0.023438 0.023438
0 0.556641 0.451172 0.027344 0.027344
0 0.853516 0.281250 0.031250 0.031250
0 0.900391 0.962891 0.027344 0.027344
0 0.699219 0.566406 0.027344 0.027344
0 0.808594 0.156250 0.035156 0.035156
0 0.166016 0.164062 0.035156 0.035156
0 0.310547 0.689453 0.027344 0.027344
0 0.378906 0.701172 0.027344 0.027344
0 0.228516 0.828125 0.035156 0.035156
0 0.894531 0.027344 0.027344 0.027344
0 0.804688 0.312500 0.023438 0.023438
0 0.328125 0.984375 0.027344 0.027344
0 0.246094 0.798828 0.031250 0.031250
0 0.119141 0.626953 0.023438 0.023438
0 0.955078 0.478516 0.027344 0.027344
1 0.349609 0.271484 0.041080 0.038912
1 0.263672 0.857422 0.028493 0.054427
1 0.626953 0.828125 0.053043 0.011600
1 0.355469 0.625000 0.051512 0.044443
1 0.523438 0.478516 0.040799 0.027878
1 0.654297 0.884766 0.026990 0.030450
1 0.265625 0.816406 0.035419 0.033540
1 0.509766 0.453125 0.028809 0.033553
1 0.281250 0.789062 0.028340 0.045930
1 0.205078 0.787109 0.038240 0.032484
1 0.134766 0.705078 0.010378 0.035321
1 0.781250 0.880859 0.044613 0.031124
1 0.798828 0.914062 0.037547 0.046506
1 0.093750 0.054688 0.033922 0.048387
1 0.818359 0.511719 0.045119 0.036486
1 0.800781 0.310547 0.035179 0.020914
1 0.871094 0.250000 0.026208 0.041383
1 0.304688 0.345703 0.023859 0.045654
1 0.572266 0.455078 0.037009 0.054934
1 0.419922 0.050781 0.030822 0.020029