0 0.394531 0.433594 0.027344 0.027344
0 0.236328 0.886719 0.035156 0.035156
0 0.324219 0.605469 0.023438 0.023438
0 0.320312 0.181641 0.027344 0.027344
0 0.556641 0.640625 0.023438 0.023438
0 0.855469 0.160156 0.031250 0.031250
0 0.048828 0.183594 0.031250 0.031250
0 0.859375 0.464844 0.031250 0.031250
0 0.669922 0.654297 0.035156 0.035156
0 0.759766 0.816406 0.027344 0.027344
0 0.611328 0.843750 0.031250 0.031250
0 0.205078 0.093750 0.023438 0.023438
0 0.023438 0.912109 0.035156 0.035156
0 0.871094 0.416016 0.027344 0.027344
0 0.371094 0.767578 0.035156 0.035156
0 0.507812 0.384766 0.031250 0.031250
0 0.365234 0.912109 0.035156 0.035156
0 0.955078 0.570312 0.023438 0.023438
0 0.269531 0.943359 0.027344 0.027344
0 0.865234 0.603516 0.023438 0.023438
0 0.193359 0.982422 0.031250 0.031250
0 0.660156 0.298828 0.031250 0.031250
0 0.410156 0.761719 0.031250 0.031250
0 0.888672 0.810547 0.027344 0.027344
0 0.798828 0.763672 0.023438 0.023438
0 0.890625 0.767578 0.031250 0.031250
0 0.669922 0.507812 0.031250 0.031250
0 0.505859 0.886719 0.023438 0.023438
0 0.162109 0.855469 0.027344 0.027344
0 0.533203 0.230469 0.023438 0.023438
1 0.167969 0.140625 0.028003 0.031840
1 0.527344 0.242188 0.031080 0.029539
1 0.914062 0.181641 0.026496 0.056371
1 0.080078 0.814453 0.030572 0.030186
1 0.953125 0.316406 0.010782 0.029620
1 0.701172 0.945312 0.033208 0.030079
1 0.849609 0.470703 0.050567 0.033496
1 0.503906 0.486328 0.046028 0.038959
1 0.414062 0.466797 0.019518 0.051989
1 0.242188 0.169922 0.024133 0.046895
1 0.041016 0.099609 0.033165 0.026274
1 0.384766 0.900391 0.039108 0.043441
1 0.095703 0.455078 0.014563 0.036173
1 0.876953 0.269531 0.028154 0.033746
1 0.300781 0.980469 0.014754 0.031708
1 0.925781 0.388672 0.045062 0.046074
1 0.306641 0.238281 0.042491 0.025639
1 0.527344 0.562500 0.047940 0.030869
1 0.625000 0.873047 0.056565 0.028549
1 0.746094 0.755859 0.041080 0.038912