0 0.402344 0.763672 0.027344 0.027344
0 0.919922 0.810547 0.023438 0.023438
0 0.814453 0.068359 0.027344 0.027344
0 0.900391 0.308594 0.035156 0.035156
0 0.634766 0.843750 0.027344 0.027344
0 0.777344 0.250000 0.023438 0.023438
0 0.230469 0.142578 0.023438 0.023438
0 0.691406 0.744141 0.031250 0.031250
0 0.507812 0.306641 0.031250 0.031250
0 0.701172 0.117188 0.027344 0.027344
0 0.710938 0.964844 0.027344 0.027344
0 0.863281 0.931641 0.027344 0.027344
0 0.386719 0.951172 0.027344 0.027344
0 0.365234 0.917969 0.035156 0.035156
0 0.898438 0.562500 0.035156 0.035156
0 0.082031 0.906250 0.027344 0.027344
0 0.496094 0.658203 0.027344 0.027344
0 0.789062 0.757812 0.023438 0.023438
0 0.582031 0.339844 0.035156 0.035156
0 0.523438 0.812500 0.027344 0.027344
0 0.962891 0.025391 0.031250 0.031250
0 0.746094 0.507812 0.035156 0.035156
0 0.601562 0.355469 0.035156 0.035156
0 0.894531 0.429688 0.027344 0.027344
0 0.373047 0.646484 0.027344 0.027344
0 0.283203 0.484375 0.027344 0.027344
0 0.582031 0.074219 0.023438 0.023438
0 0.556641 0.689453 0.023438 0.023438
0 0.574219 0.542969 0.023438 0.023438
0 0.464844 0.498047 0.027344 0.027344
1 0.777344 0.792969 0.027376 0.027858
1 0.304688 0.507812 0.035115 0.036657
1 0.154297 0.126953 0.040823 0.051364
1 0.324219 0.970703 0.055352 0.023587
1 0.095703 0.742188 0.044815 0.029967
1 0.175781 0.958984 0.041468 0.015095
1 0.457031 0.630859 0.047255 0.013348
1 0.283203 0.412109 0.037274 0.010412
1 0.611328 0.304688 0.027614 0.042901
1 0.568359 0.515625 0.034918 0.030879
1 0.236328 0.591797 0.023199 0.042650
1 0.501953 0.917969 0.049713 0.034349
1 0.662109 0.458984 0.043831 0.051903
1 0.783203 0.611328 0.048060 0.051240
1 0.734375 0.248047 0.024986 0.045073
1 0.062500 0.814453 0.020645 0.042601
1 0.882812 0.707031 0.020189 0.038343
1 0.302734 0.283203 0.037308 0.012365
1 0.312500 0.048828 0.048971 0.037486
1 0.744141 0.708984 0.016636 0.043818