0 0.347656 0.980469 0.027344 0.027344
0 0.138672 0.781250 0.023438 0.023438
0 0.181641 0.193359 0.031250 0.031250
0 0.869141 0.142578 0.027344 0.027344
0 0.615234 0.351562 0.023438 0.023438
0 0.552734 0.953125 0.023438 0.023438
0 0.894531 0.783203 0.023438 0.023438
0 0.656250 0.220703 0.035156 0.035156
0 0.324219 0.195312 0.035156 0.035156
0 0.865234 0.730469 0.035156 0.035156
0 0.154297 0.968750 0.023438 0.023438
0 0.306641 0.458984 0.031250 0.031250
0 0.441406 0.562500 0.027344 0.027344
0 0.367188 0.654297 0.035156 0.035156
0 0.796875 0.835938 0.031250 0.031250
0 0.228516 0.423828 0.027344 0.027344
0 0.208984 0.648438 0.031250 0.031250
0 0.927734 0.429688 0.035156 0.035156
0 0.300781 0.843750 0.031250 0.031250
0 0.152344 0.949219 0.035156 0.035156
0 0.621094 0.302734 0.035156 0.035156
0 0.794922 0.507812 0.023438 0.023438
0 0.027344 0.871094 0.031250 0.031250
0 0.324219 0.585938 0.035156 0.035156
0 0.808594 0.744141 0.035156 0.035156
0 0.162109 0.738281 0.035156 0.035156
0 0.519531 0.101562 0.023438 0.023438
0 0.345703 0.654297 0.035156 0.035156
0 0.986328 0.630859 0.023438 0.023438
0 0.462891 0.957031 0.031250 0.031250
1 0.800781 0.884766 0.032086 0.038410
1 0.593750 0.392578 0.031712 0.028823
1 0.939453 0.599609 0.019756 0.035202
1 0.406250 0.162109 0.044351 0.019002
1 0.275391 0.646484 0.051646 0.016738
1 0.076172 0.660156 0.046884 0.033519
1 0.691406 0.970703 0.016367 0.043967
1 0.564453 0.201172 0.031231 0.029305
1 0.115234 0.658203 0.047568 0.040162
1 0.304688 0.847656 0.050096 0.034869
1 0.507812 0.875000 0.034076 0.015955
1 0.369141 0.619141 0.024495 0.041353
1 0.824219 0.658203 0.036557 0.017074
1 0.525391 0.865234 0.023110 0.052457
1 0.906250 0.535156 0.042334 0.026813
1 0.166016 0.388672 0.048895 0.036867
1 0.333984 0.179688 0.039519 0.030164
1 0.595703 0.855469 0.044788 0.021620
1 0.251953 0.712891 0.018476 0.032740
1 0.785156 0.925781 0.036240 0.035565