0 0.429688 0.236328 0.027344 0.027344
0 0.203125 0.623047 0.031250 0.031250
0 0.703125 0.486328 0.035156 0.035156
0 0.716797 0.496094 0.035156 0.035156
0 0.751953 0.236328 0.023438 0.023438
0 0.488281 0.503906 0.035156 0.035156
0 0.759766 0.044922 0.027344 0.027344
0 0.486328 0.400391 0.035156 0.035156
0 0.675781 0.240234 0.027344 0.027344
0 0.738281 0.330078 0.027344 0.027344
0 0.130859 0.441406 0.023438 0.023438
0 0.695312 0.126953 0.023438 0.023438
0 0.345703 0.410156 0.035156 0.035156
0 0.650391 0.345703 0.031250 0.031250
0 0.154297 0.757812 0.031250 0.031250
0 0.583984 0.464844 0.023438 0.023438
0 0.906250 0.652344 0.035156 0.035156
0 0.517578 0.316406 0.023438 0.023438
0 0.750000 0.353516 0.035156 0.035156
0 0.445312 0.541016 0.035156 0.035156
0 0.386719 0.744141 0.027344 0.027344
0 0.863281 0.378906 0.031250 0.031250
0 0.015625 0.517578 0.031250 0.031250
0 0.308594 0.197266 0.023438 0.023438
0 0.064453 0.343750 0.027344 0.027344
0 0.673828 0.767578 0.027344 0.027344
0 0.097656 0.982422 0.027344 0.027344
0 0.318359 0.248047 0.023438 0.023438
0 0.423828 0.046875 0.023438 0.023438
0 0.681641 0.230469 0.027344 0.027344
1 0.339844 0.970703 0.027108 0.033960
1 0.328125 0.380859 0.035054 0.052565
1 0.761719 0.441406 0.033401 0.038021
1 0.066406 0.404297 0.054244 0.039953
1 0.566406 0.101562 0.037779 0.039514
1 0.263672 0.898438 0.020802 0.033342
1 0.832031 0.226562 0.041210 0.022716
1 0.080078 0.076172 0.025708 0.044385
1 0.613281 0.181641 0.045157 0.048627
1 0.527344 0.171875 0.044182 0.017585
1 0.792969 0.656250 0.030539 0.055255
1 0.093750 0.681641 0.042315 0.054949
1 0.332031 0.615234 0.026498 0.032711
1 0.845703 0.501953 0.043071 0.031633
1 0.214844 0.722656 0.039649 0.012467
1 0.162109 0.740234 0.025524 0.046950
1 0.246094 0.408203 0.030920 0.029764
1 0.369141 0.013672 0.015299 0.047324
1 0.320312 0.316406 0.034847 0.036870
1 0.568359 0.767578 0.041237 0.044272