0 0.931641 0.390625 0.035156 0.035156
0 0.294922 0.818359 0.023438 0.023438
0 0.017578 0.785156 0.035156 0.035156
0 0.636719 0.626953 0.031250 0.031250
0 0.117188 0.138672 0.027344 0.027344
0 0.962891 0.609375 0.031250 0.031250
0 0.695312 0.095703 0.023438 0.023438
0 0.505859 0.021484 0.027344 0.027344
0 0.699219 0.021484 0.023438 0.023438
0 0.839844 0.890625 0.035156 0.035156
0 0.650391 0.365234 0.031250 0.031250
0 0.179688 0.955078 0.027344 0.027344
0 0.886719 0.960938 0.027344 0.027344
0 0.625000 0.099609 0.027344 0.027344
0 0.351562 0.904297 0.027344 0.027344
0 0.296875 0.929688 0.035156 0.035156
0 0.125000 0.281250 0.031250 0.031250
0 0.888672 0.111328 0.035156 0.035156
0 0.687500 0.533203 0.035156 0.035156
0 0.548828 0.144531 0.023438 0.023438
0 0.228516 0.724609 0.023438 0.023438
0 0.794922 0.115234 0.031250 0.031250
0 0.453125 0.238281 0.031250 0.031250
0 0.767578 0.076172 0.031250 0.031250
0 0.433594 0.050781 0.035156 0.035156
0 0.619141 0.615234 0.031250 0.031250
0 0.216797 0.322266 0.027344 0.027344
0 0.839844 0.687500 0.023438 0.023438
0 0.476562 0.777344 0.035156 0.035156
0 0.738281 0.685547 0.031250 0.031250
1 0.349609 0.832031 0.015534 0.038131
1 0.404297 0.535156 0.016106 0.047526
1 0.242188 0.652344 0.026813 0.042334
1 0.105469 0.882812 0.055409 0.015429
1 0.279297 0.757812 0.045053 0.027544
1 0.916016 0.291016 0.016498 0.036445
1 0.390625 0.564453 0.024463 0.052084
1 0.406250 0.740234 0.053670 0.017167
1 0.287109 0.460938 0.039547 0.025540
1 0.798828 0.574219 0.043268 0.035362
1 0.572266 0.566406 0.039635 0.040455
1 0.580078 0.583984 0.024189 0.035879
1 0.779297 0.345703 0.043663 0.035453
1 0.423828 0.238281 0.051427 0.016311
1 0.316406 0.812500 0.022294 0.035685
1 0.417969 0.576172 0.032155 0.052942
1 0.787109 0.564453 0.028695 0.052521
1 0.318359 0.496094 0.032311 0.025482
1 0.253906 0.236328 0.015930 0.049664
1 0.248047 0.359375 0.035528 0.057305