0 0.724609 0.783203 0.035156 0.035156
0 0.380859 0.228516 0.035156 0.035156
0 0.023438 0.650391 0.023438 0.023438
0 0.300781 0.146484 0.023438 0.023438
0 0.730469 0.345703 0.027344 0.027344
0 0.970703 0.363281 0.031250 0.031250
0 0.449219 0.156250 0.031250 0.031250
0 0.742188 0.816406 0.031250 0.031250
0 0.740234 0.097656 0.023438 0.023438
0 0.773438 0.400391 0.035156 0.035156
0 0.544922 0.806641 0.035156 0.035156
0 0.041016 0.371094 0.035156 0.035156
0 0.093750 0.576172 0.027344 0.027344
0 0.486328 0.166016 0.035156 0.035156
0 0.242188 0.167969 0.023438 0.023438
0 0.529297 0.419922 0.027344 0.027344
0 0.750000 0.080078 0.035156 0.035156
0 0.806641 0.679688 0.023438 0.023438
0 0.593750 0.234375 0.023438 0.023438
0 0.031250 0.404297 0.023438 0.023438
0 0.109375 0.271484 0.031250 0.031250
0 0.966797 0.546875 0.031250 0.031250
0 0.978516 0.050781 0.027344 0.027344
0 0.738281 0.230469 0.035156 0.035156
0 0.695312 0.054688 0.023438 0.023438
0 0.687500 0.046875 0.031250 0.031250
0 0.404297 0.937500 0.031250 0.031250
0 0.613281 0.792969 0.023438 0.023438
0 0.294922 0.982422 0.031250 0.031250
0 0.449219 0.103516 0.023438 0.023438
1 0.884766 0.398438 0.032277 0.022888
1 0.859375 0.814453 0.052734 0.009766
1 0.712891 0.376953 0.037709 0.055220
1 0.746094 0.958984 0.047479 0.046419
1 0.902344 0.087891 0.034245 0.041920
1 0.496094 0.480469 0.058264 0.026063
1 0.578125 0.843750 0.033783 0.035229
1 0.447266 0.107422 0.035626 0.025127
1 0.794922 0.349609 0.037118 0.056902
1 0.359375 0.572266 0.038267 0.027769
1 0.863281 0.011719 0.030320 0.032968
1 0.093750 0.058594 0.021142 0.050366
1 0.419922 0.712891 0.049416 0.047199
1 0.253906 0.128906 0.020129 0.037119
1 0.351562 0.953125 0.042574 0.037089
1 0.474609 0.960938 0.055146 0.036262
1 0.619141 0.447266 0.042614 0.036891
1 0.619141 0.419922 0.047619 0.035813
1 0.537109 0.625000 0.052555 0.024745
1 0.814453 0.566406 0.055095 0.031352