0 0.287109 0.515625 0.023438 0.023438
0 0.650391 0.031250 0.035156 0.035156
0 0.177734 0.835938 0.023438 0.023438
0 0.269531 0.498047 0.035156 0.035156
0 0.101562 0.074219 0.023438 0.023438
0 0.607422 0.044922 0.035156 0.035156
0 0.558594 0.115234 0.035156 0.035156
0 0.240234 0.923828 0.023438 0.023438
0 0.833984 0.794922 0.035156 0.035156
0 0.306641 0.556641 0.035156 0.035156
0 0.890625 0.968750 0.031250 0.031250
0 0.050781 0.957031 0.023438 0.023438
0 0.748047 0.308594 0.023438 0.023438
0 0.630859 0.728516 0.035156 0.035156
0 0.503906 0.447266 0.035156 0.035156
0 0.699219 0.623047 0.031250 0.031250
0 0.867188 0.318359 0.035156 0.035156
0 0.751953 0.796875 0.035156 0.035156
0 0.216797 0.496094 0.027344 0.027344
0 0.857422 0.154297 0.031250 0.031250
0 0.455078 0.431641 0.027344 0.027344
0 0.164062 0.943359 0.031250 0.031250
0 0.978516 0.843750 0.031250 0.031250
0 0.251953 0.224609 0.031250 0.031250
0 0.283203 0.154297 0.023438 0.023438
0 0.138672 0.261719 0.035156 0.035156
0 0.619141 0.898438 0.027344 0.027344
0 0.847656 0.474609 0.035156 0.035156
0 0.607422 0.363281 0.027344 0.027344
0 0.980469 0.308594 0.027344 0.027344
1 0.960938 0.746094 0.034783 0.018160
1 0.505859 0.185547 0.013007 0.037496
1 0.408203 0.806641 0.050339 0.034187
1 0.593750 0.234375 0.045157 0.048627
1 0.515625 0.892578 0.034382 0.052307
1 0.390625 0.869141 0.027146 0.034496
1 0.273438 0.412109 0.040846 0.039207
1 0.625000 0.156250 0.015549 0.032539
1 0.570312 0.794922 0.038726 0.048319
1 0.080078 0.384766 0.042277 0.037228
1 0.599609 0.113281 0.047187 0.011396
1 0.460938 0.068359 0.049373 0.030566
1 0.152344 0.857422 0.033216 0.042703
1 0.925781 0.320312 0.012228 0.029497
1 0.591797 0.607422 0.045178 0.040122
1 0.091797 0.601562 0.026663 0.032988
1 0.517578 0.039062 0.044840 0.027835
1 0.759766 0.570312 0.041791 0.023816
1 0.130859 0.226562 0.032609 0.048826
1 0.957031 0.912109 0.035699 0.029374