0 0.494141 0.148438 0.027344 0.027344
0 0.685547 0.679688 0.031250 0.031250
0 0.412109 0.812500 0.031250 0.031250
0 0.476562 0.179688 0.027344 0.027344
0 0.632812 0.386719 0.027344 0.027344
0 0.382812 0.589844 0.027344 0.027344
0 0.320312 0.400391 0.035156 0.035156
0 0.058594 0.681641 0.035156 0.035156
0 0.716797 0.281250 0.035156 0.035156
0 0.830078 0.574219 0.031250 0.031250
0 0.435547 0.902344 0.035156 0.035156
0 0.953125 0.722656 0.027344 0.027344
0 0.818359 0.353516 0.023438 0.023438
0 0.179688 0.148438 0.031250 0.031250
0 0.457031 0.273438 0.035156 0.035156
0 0.900391 0.052734 0.035156 0.035156
0 0.458984 0.298828 0.023438 0.023438
0 0.722656 0.152344 0.035156 0.035156
0 0.898438 0.410156 0.035156 0.035156
0 0.847656 0.410156 0.027344 0.027344
0 0.751953 0.539062 0.027344 0.027344
0 0.804688 0.851562 0.023438 0.023438
0 0.615234 0.333984 0.027344 0.027344
0 0.562500 0.714844 0.027344 0.027344
0 0.564453 0.853516 0.031250 0.031250
0 0.521484 0.923828 0.023438 0.023438
0 0.720703 0.927734 0.031250 0.031250
0 0.273438 0.447266 0.035156 0.035156
0 0.638672 0.232422 0.031250 0.031250
0 0.841797 0.363281 0.027344 0.027344
1 0.294922 0.322266 0.040438 0.018330
1 0.148438 0.568359 0.032727 0.019408
1 0.423828 0.488281 0.022109 0.041137
1 0.216797 0.150391 0.040239 0.017674
1 0.585938 0.494141 0.039418 0.056167
1 0.298828 0.660156 0.040168 0.021359
1 0.441406 0.537109 0.020043 0.034574
1 0.251953 0.855469 0.041597 0.012603
1 0.271484 0.388672 0.034582 0.031215
1 0.287109 0.769531 0.057112 0.036328
1 0.464844 0.314453 0.032073 0.031446
1 0.599609 0.468750 0.042376 0.018569
1 0.638672 0.570312 0.042199 0.032844
1 0.341797 0.375000 0.045438 0.025216
1 0.167969 0.689453 0.033363 0.021254
1 0.673828 0.240234 0.049059 0.014522
1 0.046875 0.328125 0.042146 0.020048
1 0.867188 0.726562 0.043519 0.035366
1 0.761719 0.250000 0.032867 0.038249
1 0.708984 0.457031 0.043804 0.038607