0 0.402344 0.292969 0.031250 0.031250
0 0.173828 0.345703 0.031250 0.031250
0 0.695312 0.714844 0.027344 0.027344
0 0.851562 0.945312 0.031250 0.031250
0 0.517578 0.779297 0.023438 0.023438
0 0.617188 0.667969 0.023438 0.023438
0 0.257812 0.199219 0.023438 0.023438
0 0.400391 0.476562 0.031250 0.031250
0 0.839844 0.562500 0.031250 0.031250
0 0.158203 0.177734 0.027344 0.027344
0 0.224609 0.234375 0.035156 0.035156
0 0.650391 0.410156 0.027344 0.027344
0 0.312500 0.113281 0.035156 0.035156
0 0.031250 0.107422 0.027344 0.027344
0 0.101562 0.583984 0.031250 0.031250
0 0.095703 0.373047 0.031250 0.031250
0 0.625000 0.212891 0.023438 0.023438
0 0.529297 0.867188 0.035156 0.035156
0 0.515625 0.158203 0.035156 0.035156
0 0.667969 0.966797 0.031250 0.031250
0 0.642578 0.902344 0.027344 0.027344
0 0.050781 0.660156 0.035156 0.035156
0 0.517578 0.923828 0.035156 0.035156
0 0.185547 0.662109 0.023438 0.023438
0 0.837891 0.351562 0.027344 0.027344
0 0.617188 0.167969 0.035156 0.035156
0 0.728516 0.976562 0.035156 0.035156
0 0.359375 0.386719 0.027344 0.027344
0 0.771484 0.884766 0.023438 0.023438
0 0.324219 0.457031 0.035156 0.035156
1 0.511719 0.263672 0.038959 0.046028
1 0.611328 0.025391 0.026935 0.030638
1 0.052734 0.974609 0.040443 0.042371
1 0.720703 0.910156 0.012501 0.045120
1 0.812500 0.957031 0.043523 0.013952
1 0.736328 0.269531 0.034778 0.045962
1 0.656250 0.257812 0.050256 0.020334
1 0.462891 0.203125 0.049347 0.025130
1 0.419922 0.572266 0.037819 0.012963
1 0.066406 0.648438 0.034778 0.045962
1 0.705078 0.609375 0.038207 0.052505
1 0.068359 0.757812 0.049782 0.018096
1 0.570312 0.490234 0.051611 0.017181
1 0.781250 0.806641 0.051921 0.031137
1 0.333984 0.566406 0.044132 0.027576
1 0.269531 0.494141 0.041299 0.027848
1 0.044922 0.226562 0.022009 0.037057
1 0.865234 0.789062 0.049439 0.040326
1 0.332031 0.093750 0.047187 0.011396
1 0.222656 0.437500 0.033805 0.041845