0 0.251953 0.558594 0.031250 0.031250
0 0.111328 0.687500 0.023438 0.023438
0 0.052734 0.888672 0.027344 0.027344
0 0.416016 0.376953 0.023438 0.023438
0 0.501953 0.925781 0.031250 0.031250
0 0.445312 0.734375 0.023438 0.023438
0 0.214844 0.349609 0.023438 0.023438
0 0.455078 0.669922 0.027344 0.027344
0 0.964844 0.199219 0.027344 0.027344
0 0.482422 0.179688 0.023438 0.023438
0 0.775391 0.833984 0.027344 0.027344
0 0.023438 0.927734 0.035156 0.035156
0 0.828125 0.228516 0.031250 0.031250
0 0.841797 0.537109 0.035156 0.035156
0 0.435547 0.699219 0.023438 0.023438
0 0.246094 0.494141 0.027344 0.027344
0 0.087891 0.867188 0.031250 0.031250
0 0.962891 0.931641 0.023438 0.023438
0 0.488281 0.923828 0.027344 0.027344
0 0.431641 0.671875 0.031250 0.031250
0 0.601562 0.621094 0.023438 0.023438
0 0.039062 0.765625 0.035156 0.035156
0 0.544922 0.644531 0.027344 0.027344
0 0.828125 0.800781 0.031250 0.031250
0 0.347656 0.023438 0.031250 0.031250
0 0.216797 0.857422 0.031250 0.031250
0 0.455078 0.882812 0.023438 0.023438
0 0.400391 0.919922 0.027344 0.027344
0 0.414062 0.933594 0.023438 0.023438
0 0.496094 0.197266 0.035156 0.035156
1 0.275391 0.044922 0.021231 0.043996
1 0.634766 0.265625 0.057021 0.025899
1 0.734375 0.634766 0.045821 0.042352
1 0.705078 0.791016 0.016738 0.051646
1 0.800781 0.962891 0.029215 0.028781
1 0.181641 0.162109 0.046719 0.037606
1 0.960938 0.802734 0.029713 0.035762
1 0.187500 0.845703 0.042676 0.040074
1 0.773438 0.199219 0.040776 0.047128
1 0.082031 0.650391 0.041180 0.010480
1 0.560547 0.886719 0.020110 0.051702
1 0.615234 0.693359 0.030236 0.048583
1 0.251953 0.755859 0.050060 0.019213
1 0.658203 0.230469 0.047680 0.043248
1 0.453125 0.279297 0.029764 0.030920
1 0.191406 0.150391 0.029676 0.033379
1 0.128906 0.669922 0.029062 0.041865
1 0.330078 0.597656 0.045962 0.034778
1 0.265625 0.335938 0.043097 0.028611
1 0.201172 0.654297 0.035269 0.054047