0 0.638672 0.529297 0.031250 0.031250
0 0.250000 0.582031 0.027344 0.027344
0 0.277344 0.296875 0.035156 0.035156
0 0.884766 0.685547 0.027344 0.027344
0 0.390625 0.113281 0.031250 0.031250
0 0.480469 0.388672 0.027344 0.027344
0 0.158203 0.402344 0.031250 0.031250
0 0.417969 0.462891 0.027344 0.027344
0 0.574219 0.626953 0.035156 0.035156
0 0.488281 0.373047 0.031250 0.031250
0 0.662109 0.167969 0.031250 0.031250
0 0.570312 0.757812 0.027344 0.027344
0 0.330078 0.517578 0.035156 0.035156
0 0.164062 0.728516 0.031250 0.031250
0 0.199219 0.843750 0.023438 0.023438
0 0.169922 0.482422 0.031250 0.031250
0 0.664062 0.099609 0.031250 0.031250
0 0.937500 0.455078 0.027344 0.027344
0 0.695312 0.197266 0.035156 0.035156
0 0.128906 0.884766 0.035156 0.035156
0 0.201172 0.546875 0.023438 0.023438
0 0.304688 0.097656 0.035156 0.035156
0 0.716797 0.917969 0.027344 0.027344
0 0.501953 0.345703 0.027344 0.027344
0 0.195312 0.087891 0.023438 0.023438
0 0.541016 0.037109 0.035156 0.035156
0 0.300781 0.640625 0.031250 0.031250
0 0.666016 0.863281 0.035156 0.035156
0 0.294922 0.396484 0.023438 0.023438
0 0.216797 0.197266 0.023438 0.023438
1 0.386719 0.126953 0.032005 0.038720
1 0.880859 0.375000 0.036452 0.017424
1 0.689453 0.888672 0.057720 0.019488
1 0.601562 0.556641 0.018944 0.032738
1 0.835938 0.345703 0.030157 0.012774
1 0.906250 0.232422 0.027693 0.046041
1 0.941406 0.167969 0.015643 0.030687
1 0.794922 0.318359 0.030994 0.036791
1 0.287109 0.455078 0.022294 0.035685
1 0.652344 0.308594 0.047954 0.017344
1 0.814453 0.744141 0.037749 0.046823
1 0.667969 0.142578 0.058215 0.028755
1 0.246094 0.642578 0.014215 0.038023
1 0.154297 0.529297 0.038385 0.027289
1 0.257812 0.707031 0.033669 0.011490
1 0.574219 0.972656 0.026402 0.053041
1 0.257812 0.064453 0.045575 0.045575
1 0.218750 0.142578 0.018552 0.031226
1 0.931641 0.394531 0.047877 0.018530
1 0.392578 0.121094 0.039840 0.033605