0 0.556641 0.414062 0.035156 0.035156
0 0.593750 0.416016 0.027344 0.027344
0 0.921875 0.761719 0.035156 0.035156
0 0.718750 0.970703 0.035156 0.035156
0 0.384766 0.968750 0.031250 0.031250
0 0.402344 0.304688 0.031250 0.031250
0 0.664062 0.224609 0.031250 0.031250
0 0.880859 0.074219 0.023438 0.023438
0 0.802734 0.019531 0.035156 0.035156
0 0.121094 0.429688 0.031250 0.031250
0 0.171875 0.683594 0.027344 0.027344
0 0.541016 0.429688 0.027344 0.027344
0 0.974609 0.044922 0.035156 0.035156
0 0.632812 0.017578 0.031250 0.031250
0 0.691406 0.812500 0.035156 0.035156
0 0.033203 0.554688 0.027344 0.027344
0 0.552734 0.574219 0.035156 0.035156
0 0.367188 0.685547 0.035156 0.035156
0 0.144531 0.585938 0.031250 0.031250
0 0.796875 0.816406 0.031250 0.031250
0 0.666016 0.138672 0.035156 0.035156
0 0.140625 0.261719 0.023438 0.023438
0 0.531250 0.166016 0.031250 0.031250
0 0.699219 0.285156 0.023438 0.023438
0 0.470703 0.070312 0.031250 0.031250
0 0.134766 0.355469 0.027344 0.027344
0 0.832031 0.580078 0.031250 0.031250
0 0.974609 0.179688 0.031250 0.031250
0 0.642578 0.531250 0.023438 0.023438
0 0.906250 0.824219 0.027344 0.027344
1 0.443359 0.673828 0.033975 0.035036
1 0.164062 0.306641 0.027809 0.029975
1 0.087891 0.119141 0.030384 0.057233
1 0.472656 0.353516 0.054602 0.043008
1 0.894531 0.578125 0.055724 0.027196
1 0.107422 0.367188 0.016358 0.055470
1 0.921875 0.246094 0.051553 0.037262
1 0.224609 0.589844 0.042556 0.019990
1 0.087891 0.404297 0.037469 0.048654
1 0.357422 0.939453 0.033224 0.024232
1 0.548828 0.457031 0.036778 0.042544
1 0.832031 0.947266 0.040193 0.033658
1 0.539062 0.173828 0.016514 0.034268
1 0.412109 0.478516 0.030312 0.050151
1 0.423828 0.783203 0.028720 0.026313
1 0.888672 0.234375 0.012433 0.041214
1 0.500000 0.287109 0.017106 0.046015
1 0.375000 0.378906 0.033940 0.014006
1 0.658203 0.675781 0.053612 0.020516
1 0.958984 0.337891 0.033410 0.019870