0 0.646484 0.037109 0.023438 0.023438
0 0.214844 0.083984 0.023438 0.023438
0 0.767578 0.203125 0.023438 0.023438
0 0.667969 0.482422 0.035156 0.035156
0 0.714844 0.269531 0.031250 0.031250
0 0.302734 0.322266 0.031250 0.031250
0 0.322266 0.117188 0.031250 0.031250
0 0.902344 0.669922 0.023438 0.023438
0 0.015625 0.689453 0.023438 0.023438
0 0.593750 0.382812 0.031250 0.031250
0 0.248047 0.183594 0.023438 0.023438
0 0.958984 0.697266 0.035156 0.035156
0 0.171875 0.529297 0.035156 0.035156
0 0.527344 0.449219 0.023438 0.023438
0 0.416016 0.863281 0.023438 0.023438
0 0.470703 0.541016 0.023438 0.023438
0 0.970703 0.119141 0.023438 0.023438
0 0.232422 0.292969 0.035156 0.035156
0 0.376953 0.593750 0.035156 0.035156
0 0.957031 0.267578 0.031250 0.031250
0 0.958984 0.947266 0.027344 0.027344
0 0.443359 0.128906 0.031250 0.031250
0 0.447266 0.250000 0.031250 0.031250
0 0.294922 0.958984 0.027344 0.027344
0 0.375000 0.318359 0.027344 0.027344
0 0.308594 0.789062 0.031250 0.031250
0 0.943359 0.787109 0.035156 0.035156
0 0.115234 0.541016 0.031250 0.031250
0 0.847656 0.386719 0.023438 0.023438
0 0.173828 0.240234 0.031250 0.031250
1 0.835938 0.634766 0.032372 0.031119
1 0.613281 0.630859 0.024337 0.054425
1 0.794922 0.042969 0.050198 0.021615
1 0.142578 0.779297 0.043545 0.012739
1 0.275391 0.253906 0.055520 0.034733
1 0.652344 0.697266 0.017985 0.038581
1 0.796875 0.597656 0.039347 0.028556
1 0.433594 0.503906 0.035405 0.053391
1 0.314453 0.349609 0.032201 0.048261
1 0.574219 0.523438 0.022833 0.037563
1 0.937500 0.082031 0.030820 0.032554
1 0.619141 0.544922 0.013473 0.043656
1 0.099609 0.423828 0.045930 0.028340
1 0.738281 0.837891 0.033655 0.028486
1 0.541016 0.183594 0.030371 0.013748
1 0.406250 0.488281 0.019002 0.044351
1 0.398438 0.494141 0.036226 0.028847
1 0.546875 0.914062 0.054156 0.030357
1 0.437500 0.095703 0.019521 0.050130
1 0.460938 0.400391 0.019078 0.036486