0 0.951172 0.433594 0.031250 0.031250
0 0.248047 0.607422 0.027344 0.027344
0 0.945312 0.265625 0.035156 0.035156
0 0.724609 0.046875 0.023438 0.023438
0 0.650391 0.429688 0.035156 0.035156
0 0.539062 0.025391 0.031250 0.031250
0 0.572266 0.917969 0.035156 0.035156
0 0.130859 0.773438 0.023438 0.023438
0 0.615234 0.875000 0.035156 0.035156
0 0.802734 0.156250 0.023438 0.023438
0 0.214844 0.242188 0.027344 0.027344
0 0.064453 0.851562 0.023438 0.023438
0 0.931641 0.021484 0.023438 0.023438
0 0.625000 0.865234 0.023438 0.023438
0 0.052734 0.144531 0.027344 0.027344
0 0.439453 0.695312 0.027344 0.027344
0 0.173828 0.968750 0.027344 0.027344
0 0.791016 0.595703 0.035156 0.035156
0 0.392578 0.263672 0.031250 0.031250
0 0.783203 0.972656 0.035156 0.035156
0 0.048828 0.123047 0.023438 0.023438
0 0.712891 0.816406 0.027344 0.027344
0 0.261719 0.531250 0.035156 0.035156
0 0.792969 0.048828 0.023438 0.023438
0 0.347656 0.841797 0.027344 0.027344
0 0.109375 0.640625 0.031250 0.031250
0 0.876953 0.835938 0.031250 0.031250
0 0.789062 0.464844 0.027344 0.027344
0 0.513672 0.287109 0.035156 0.035156
0 0.804688 0.306641 0.027344 0.027344
1 0.105469 0.529297 0.035591 0.028442
1 0.115234 0.425781 0.040051 0.040051
1 0.923828 0.773438 0.045309 0.025883
1 0.191406 0.636719 0.015589 0.045772
1 0.519531 0.810547 0.057409 0.016596
1 0.085938 0.365234 0.034541 0.020533
1 0.066406 0.343750 0.030920 0.029764
1 0.085938 0.644531 0.048433 0.042038
1 0.355469 0.767578 0.020554 0.044032
1 0.410156 0.105469 0.024772 0.032330
1 0.849609 0.119141 0.042371 0.040443
1 0.156250 0.451172 0.024541 0.045553
1 0.824219 0.693359 0.046875 0.011719
1 0.171875 0.923828 0.032520 0.021632
1 0.333984 0.322266 0.032998 0.035888
1 0.148438 0.896484 0.022576 0.051578
1 0.906250 0.437500 0.022402 0.050213
1 0.855469 0.250000 0.037191 0.026532
1 0.921875 0.484375 0.042901 0.027614
1 0.869141 0.740234 0.050685 0.025078