0 0.093750 0.167969 0.027344 0.027344
0 0.042969 0.710938 0.027344 0.027344
0 0.041016 0.089844 0.027344 0.027344
0 0.734375 0.726562 0.035156 0.035156
0 0.539062 0.730469 0.027344 0.027344
0 0.521484 0.281250 0.031250 0.031250
0 0.175781 0.455078 0.023438 0.023438
0 0.830078 0.349609 0.031250 0.031250
0 0.751953 0.976562 0.023438 0.023438
0 0.250000 0.406250 0.031250 0.031250
0 0.392578 0.193359 0.027344 0.027344
0 0.917969 0.888672 0.027344 0.027344
0 0.058594 0.603516 0.031250 0.031250
0 0.789062 0.935547 0.031250 0.031250
0 0.769531 0.349609 0.027344 0.027344
0 0.685547 0.283203 0.023438 0.023438
0 0.376953 0.636719 0.031250 0.031250
0 0.087891 0.251953 0.023438 0.023438
0 0.144531 0.105469 0.035156 0.035156
0 0.095703 0.259766 0.035156 0.035156
0 0.041016 0.384766 0.023438 0.023438
0 0.097656 0.558594 0.027344 0.027344
0 0.849609 0.914062 0.031250 0.031250
0 0.507812 0.072266 0.023438 0.023438
0 0.949219 0.394531 0.023438 0.023438
0 0.166016 0.925781 0.023438 0.023438
0 0.246094 0.878906 0.023438 0.023438
0 0.289062 0.884766 0.023438 0.023438
0 0.259766 0.087891 0.023438 0.023438
0 0.880859 0.484375 0.027344 0.027344
1 0.615234 0.882812 0.009766 0.042969
1 0.570312 0.238281 0.043218 0.026876
1 0.359375 0.367188 0.057839 0.023239
1 0.343750 0.660156 0.043889 0.049666
1 0.328125 0.753906 0.022426 0.034305
1 0.699219 0.257812 0.023263 0.032251
1 0.908203 0.083984 0.044670 0.043705
1 0.710938 0.292969 0.025066 0.043221
1 0.152344 0.212891 0.029495 0.040187
1 0.470703 0.236328 0.033430 0.032851
1 0.349609 0.250000 0.027814 0.033828
1 0.927734 0.859375 0.030143 0.027544
1 0.462891 0.919922 0.047728 0.029103
1 0.507812 0.130859 0.048136 0.026341
1 0.937500 0.919922 0.013263 0.030269
1 0.486328 0.384766 0.045209 0.032513
1 0.322266 0.669922 0.051519 0.040967
1 0.509766 0.458984 0.018302 0.040258
1 0.550781 0.011719 0.053284 0.030620
1 0.324219 0.158203 0.025338 0.048816