0 0.839844 0.644531 0.031250 0.031250
0 0.679688 0.556641 0.035156 0.035156
0 0.892578 0.078125 0.027344 0.027344
0 0.175781 0.359375 0.031250 0.031250
0 0.513672 0.382812 0.031250 0.031250
0 0.740234 0.638672 0.031250 0.031250
0 0.138672 0.296875 0.027344 0.027344
0 0.169922 0.603516 0.027344 0.027344
0 0.513672 0.117188 0.027344 0.027344
0 0.310547 0.736328 0.031250 0.031250
0 0.589844 0.759766 0.027344 0.027344
0 0.363281 0.167969 0.027344 0.027344
0 0.515625 0.720703 0.031250 0.031250
0 0.578125 0.556641 0.035156 0.035156
0 0.921875 0.613281 0.031250 0.031250
0 0.085938 0.648438 0.027344 0.027344
0 0.681641 0.636719 0.023438 0.023438
0 0.824219 0.781250 0.027344 0.027344
0 0.455078 0.753906 0.027344 0.027344
0 0.396484 0.613281 0.023438 0.023438
0 0.755859 0.820312 0.035156 0.035156
0 0.019531 0.349609 0.031250 0.031250
0 0.767578 0.703125 0.023438 0.023438
0 0.439453 0.714844 0.031250 0.031250
0 0.708984 0.019531 0.027344 0.027344
0 0.105469 0.458984 0.023438 0.023438
0 0.914062 0.960938 0.031250 0.031250
0 0.707031 0.759766 0.031250 0.031250
0 0.312500 0.701172 0.031250 0.031250
0 0.101562 0.482422 0.031250 0.031250
1 0.158203 0.521484 0.033004 0.017960
1 0.964844 0.240234 0.030847 0.029883
1 0.302734 0.539062 0.058154 0.023300
1 0.154297 0.527344 0.040835 0.046894
1 0.103516 0.017578 0.019756 0.035202
1 0.320312 0.322266 0.042051 0.017195
1 0.503906 0.882812 0.025800 0.053922
1 0.351562 0.445312 0.021495 0.041051
1 0.070312 0.636719 0.053670 0.017167
1 0.482422 0.277344 0.033380 0.051146
1 0.828125 0.562500 0.052205 0.031699
1 0.931641 0.125000 0.040406 0.039683
1 0.480469 0.910156 0.032310 0.024032
1 0.283203 0.097656 0.035193 0.047889
1 0.289062 0.169922 0.049713 0.034349
1 0.208984 0.798828 0.033165 0.026274
1 0.546875 0.027344 0.035564 0.033395
1 0.935547 0.382812 0.047824 0.048836
1 0.611328 0.554688 0.040738 0.036025
1 0.517578 0.367188 0.023169 0.045741