0 0.130859 0.822266 0.035156 0.035156
0 0.359375 0.130859 0.035156 0.035156
0 0.564453 0.945312 0.023438 0.023438
0 0.156250 0.281250 0.035156 0.035156
0 0.826172 0.111328 0.035156 0.035156
0 0.191406 0.113281 0.027344 0.027344
0 0.955078 0.257812 0.027344 0.027344
0 0.306641 0.427734 0.035156 0.035156
0 0.484375 0.875000 0.035156 0.035156
0 0.597656 0.873047 0.027344 0.027344
0 0.289062 0.882812 0.023438 0.023438
0 0.755859 0.917969 0.023438 0.023438
0 0.451172 0.902344 0.035156 0.035156
0 0.886719 0.802734 0.031250 0.031250
0 0.328125 0.029297 0.023438 0.023438
0 0.269531 0.228516 0.023438 0.023438
0 0.824219 0.898438 0.035156 0.035156
0 0.203125 0.755859 0.023438 0.023438
0 0.324219 0.250000 0.031250 0.031250
0 0.972656 0.617188 0.027344 0.027344
0 0.824219 0.568359 0.023438 0.023438
0 0.339844 0.566406 0.035156 0.035156
0 0.302734 0.845703 0.023438 0.023438
0 0.468750 0.621094 0.027344 0.027344
0 0.964844 0.916016 0.027344 0.027344
0 0.939453 0.845703 0.035156 0.035156
0 0.396484 0.828125 0.035156 0.035156
0 0.796875 0.693359 0.035156 0.035156
0 0.496094 0.097656 0.023438 0.023438
0 0.722656 0.583984 0.027344 0.027344
1 0.843750 0.941406 0.021669 0.039234
1 0.878906 0.347656 0.045664 0.039129
1 0.166016 0.335938 0.036657 0.017646
1 0.781250 0.320312 0.023416 0.033315
1 0.367188 0.466797 0.033743 0.042176
1 0.759766 0.164062 0.016984 0.034549
1 0.128906 0.636719 0.039204 0.050272
1 0.339844 0.515625 0.043300 0.045035
1 0.263672 0.451172 0.027544 0.030143
1 0.611328 0.136719 0.037118 0.056902
1 0.892578 0.191406 0.027755 0.034607
1 0.570312 0.679688 0.054230 0.030884
1 0.259766 0.548828 0.032661 0.030781
1 0.687500 0.066406 0.035520 0.029764
1 0.638672 0.199219 0.038297 0.053209
1 0.142578 0.513672 0.055716 0.031959
1 0.458984 0.423828 0.032086 0.038410
1 0.667969 0.865234 0.046221 0.026376
1 0.296875 0.892578 0.057480 0.034716
1 0.386719 0.523438 0.047479 0.046419