0 0.595703 0.292969 0.027344 0.027344
0 0.433594 0.263672 0.031250 0.031250
0 0.787109 0.621094 0.023438 0.023438
0 0.773438 0.167969 0.035156 0.035156
0 0.550781 0.253906 0.023438 0.023438
0 0.419922 0.906250 0.023438 0.023438
0 0.845703 0.476562 0.031250 0.031250
0 0.123047 0.974609 0.023438 0.023438
0 0.839844 0.101562 0.027344 0.027344
0 0.187500 0.861328 0.031250 0.031250
0 0.419922 0.062500 0.023438 0.023438
0 0.845703 0.103516 0.031250 0.031250
0 0.570312 0.576172 0.031250 0.031250
0 0.958984 0.359375 0.035156 0.035156
0 0.265625 0.623047 0.023438 0.023438
0 0.642578 0.167969 0.035156 0.035156
0 0.742188 0.335938 0.027344 0.027344
0 0.564453 0.046875 0.031250 0.031250
0 0.792969 0.195312 0.027344 0.027344
0 0.873047 0.820312 0.027344 0.027344
0 0.386719 0.621094 0.023438 0.023438
0 0.419922 0.574219 0.023438 0.023438
0 0.845703 0.300781 0.027344 0.027344
0 0.798828 0.523438 0.031250 0.031250
0 0.478516 0.068359 0.023438 0.023438
0 0.306641 0.511719 0.031250 0.031250
0 0.345703 0.103516 0.031250 0.031250
0 0.679688 0.824219 0.031250 0.031250
0 0.414062 0.632812 0.031250 0.031250
0 0.888672 0.068359 0.031250 0.031250
1 0.333984 0.794922 0.037342 0.014317
1 0.642578 0.619141 0.042929 0.036394
1 0.140625 0.570312 0.019614 0.040720
1 0.103516 0.208984 0.029603 0.041716
1 0.111328 0.695312 0.019488 0.057720
1 0.466797 0.148438 0.020225 0.044578
1 0.738281 0.253906 0.040355 0.027129
1 0.042969 0.187500 0.041651 0.034737
1 0.093750 0.646484 0.036317 0.042799
1 0.060547 0.201172 0.054244 0.039953
1 0.599609 0.595703 0.018058 0.053769
1 0.927734 0.144531 0.052358 0.029594
1 0.335938 0.796875 0.028078 0.050742
1 0.738281 0.675781 0.034270 0.041649
1 0.501953 0.253906 0.038430 0.043816
1 0.167969 0.587891 0.046950 0.025524
1 0.162109 0.470703 0.027479 0.038899
1 0.878906 0.605469 0.044139 0.046886
1 0.244141 0.462891 0.041733 0.014551
1 0.289062 0.144531 0.033882 0.022211