0 0.457031 0.107422 0.035156 0.035156
0 0.033203 0.015625 0.027344 0.027344
0 0.300781 0.921875 0.023438 0.023438
0 0.865234 0.822266 0.027344 0.027344
0 0.060547 0.339844 0.023438 0.023438
0 0.832031 0.089844 0.023438 0.023438
0 0.339844 0.035156 0.031250 0.031250
0 0.037109 0.242188 0.027344 0.027344
0 0.082031 0.535156 0.023438 0.023438
0 0.664062 0.718750 0.031250 0.031250
0 0.150391 0.292969 0.031250 0.031250
0 0.884766 0.626953 0.031250 0.031250
0 0.275391 0.050781 0.027344 0.027344
0 0.167969 0.429688 0.027344 0.027344
0 0.906250 0.064453 0.031250 0.031250
0 0.046875 0.216797 0.023438 0.023438
0 0.232422 0.765625 0.035156 0.035156
0 0.494141 0.324219 0.031250 0.031250
0 0.755859 0.732422 0.023438 0.023438
0 0.697266 0.949219 0.031250 0.031250
0 0.464844 0.294922 0.035156 0.035156
0 0.871094 0.755859 0.027344 0.027344
0 0.341797 0.341797 0.035156 0.035156
0 0.283203 0.957031 0.023438 0.023438
0 0.103516 0.603516 0.027344 0.027344
0 0.255859 0.720703 0.023438 0.023438
0 0.742188 0.976562 0.023438 0.023438
0 0.714844 0.035156 0.023438 0.023438
0 0.818359 0.152344 0.023438 0.023438
0 0.478516 0.699219 0.023438 0.023438
1 0.345703 0.560547 0.031093 0.017554
1 0.917969 0.304688 0.051728 0.016963
1 0.142578 0.576172 0.036735 0.025944
1 0.583984 0.103516 0.028549 0.056565
1 0.429688 0.253906 0.051906 0.036537
1 0.314453 0.224609 0.038302 0.028982
1 0.359375 0.619141 0.020225 0.044578
1 0.111328 0.773438 0.019330 0.042498
1 0.884766 0.771484 0.029967 0.044815
1 0.824219 0.841797 0.044534 0.023109
1 0.552734 0.681641 0.040051 0.040051
1 0.634766 0.677734 0.026789 0.037678
1 0.044922 0.580078 0.036394 0.042929
1 0.744141 0.183594 0.016769 0.038379
1 0.599609 0.744141 0.016367 0.043967
1 0.466797 0.187500 0.014317 0.037342
1 0.433594 0.519531 0.034574 0.020043
1 0.462891 0.677734 0.039761 0.047539
1 0.548828 0.537109 0.037704 0.026322
1 0.486328 0.914062 0.022711 0.048318