0 0.251953 0.361328 0.027344 0.027344
0 0.779297 0.640625 0.035156 0.035156
0 0.876953 0.787109 0.027344 0.027344
0 0.556641 0.955078 0.023438 0.023438
0 0.085938 0.453125 0.031250 0.031250
0 0.453125 0.824219 0.027344 0.027344
0 0.169922 0.017578 0.027344 0.027344
0 0.929688 0.908203 0.027344 0.027344
0 0.251953 0.904297 0.035156 0.035156
0 0.917969 0.300781 0.027344 0.027344
0 0.939453 0.021484 0.027344 0.027344
0 0.523438 0.699219 0.031250 0.031250
0 0.619141 0.128906 0.031250 0.031250
0 0.607422 0.498047 0.031250 0.031250
0 0.880859 0.498047 0.027344 0.027344
0 0.617188 0.970703 0.031250 0.031250
0 0.285156 0.513672 0.027344 0.027344
0 0.869141 0.787109 0.023438 0.023438
0 0.482422 0.390625 0.035156 0.035156
0 0.365234 0.341797 0.023438 0.023438
0 0.660156 0.603516 0.031250 0.031250
0 0.619141 0.816406 0.023438 0.023438
0 0.884766 0.070312 0.023438 0.023438
0 0.859375 0.091797 0.027344 0.027344
0 0.947266 0.396484 0.023438 0.023438
0 0.484375 0.789062 0.027344 0.027344
0 0.955078 0.779297 0.027344 0.027344
0 0.716797 0.130859 0.035156 0.035156
0 0.833984 0.708984 0.035156 0.035156
0 0.375000 0.507812 0.027344 0.027344
1 0.070312 0.472656 0.029305 0.031231
1 0.517578 0.980469 0.036486 0.018532
1 0.632812 0.310547 0.019216 0.055786
1 0.626953 0.962891 0.052560 0.027921
1 0.443359 0.031250 0.017024 0.040105
1 0.160156 0.796875 0.046345 0.025027
1 0.921875 0.671875 0.028831 0.050560
1 0.400391 0.054688 0.019037 0.038372
1 0.589844 0.009766 0.025877 0.049223
1 0.472656 0.890625 0.051673 0.040187
1 0.494141 0.771484 0.031075 0.018087
1 0.130859 0.191406 0.048084 0.045771
1 0.345703 0.166016 0.016227 0.037973
1 0.171875 0.833984 0.046138 0.027039
1 0.095703 0.160156 0.018602 0.046202
1 0.117188 0.269531 0.012774 0.030157
1 0.101562 0.486328 0.051325 0.014360
1 0.953125 0.318359 0.014453 0.039961
1 0.210938 0.984375 0.019283 0.048192
1 0.580078 0.769531 0.043818 0.016636