0 0.031250 0.375000 0.031250 0.031250
0 0.615234 0.556641 0.035156 0.035156
0 0.578125 0.585938 0.023438 0.023438
0 0.785156 0.072266 0.031250 0.031250
0 0.333984 0.044922 0.031250 0.031250
0 0.064453 0.242188 0.027344 0.027344
0 0.464844 0.947266 0.027344 0.027344
0 0.509766 0.419922 0.035156 0.035156
0 0.875000 0.488281 0.027344 0.027344
0 0.130859 0.576172 0.031250 0.031250
0 0.185547 0.378906 0.031250 0.031250
0 0.501953 0.830078 0.023438 0.023438
0 0.785156 0.556641 0.027344 0.027344
0 0.535156 0.093750 0.023438 0.023438
0 0.683594 0.072266 0.023438 0.023438
0 0.042969 0.613281 0.027344 0.027344
0 0.152344 0.601562 0.031250 0.031250
0 0.171875 0.666016 0.023438 0.023438
0 0.472656 0.093750 0.027344 0.027344
0 0.697266 0.750000 0.035156 0.035156
0 0.390625 0.867188 0.031250 0.031250
0 0.748047 0.304688 0.023438 0.023438
0 0.837891 0.974609 0.035156 0.035156
0 0.257812 0.060547 0.035156 0.035156
0 0.855469 0.351562 0.031250 0.031250
0 0.896484 0.794922 0.027344 0.027344
0 0.796875 0.257812 0.027344 0.027344
0 0.742188 0.408203 0.031250 0.031250
0 0.119141 0.626953 0.027344 0.027344
0 0.058594 0.269531 0.027344 0.027344
1 0.894531 0.843750 0.055724 0.027196
1 0.462891 0.064453 0.038670 0.038670
1 0.177734 0.289062 0.049740 0.021288
1 0.310547 0.447266 0.030769 0.016158
1 0.833984 0.082031 0.045772 0.015589
1 0.144531 0.396484 0.014258 0.049375
1 0.322266 0.314453 0.048895 0.036867
1 0.791016 0.296875 0.023452 0.048311
1 0.675781 0.544922 0.010987 0.035476
1 0.404297 0.207031 0.042271 0.050728
1 0.857422 0.679688 0.047826 0.016978
1 0.673828 0.802734 0.045085 0.010548
1 0.451172 0.800781 0.039367 0.050399
1 0.910156 0.707031 0.043369 0.025779
1 0.808594 0.769531 0.037760 0.024534
1 0.044922 0.875000 0.033315 0.023416
1 0.257812 0.457031 0.026208 0.041383
1 0.423828 0.951172 0.056295 0.029064
1 0.623047 0.380859 0.050435 0.046004
1 0.347656 0.207031 0.043234 0.050164