0 0.875000 0.330078 0.027344 0.027344
0 0.863281 0.656250 0.035156 0.035156
0 0.767578 0.353516 0.027344 0.027344
0 0.544922 0.976562 0.031250 0.031250
0 0.880859 0.710938 0.035156 0.035156
0 0.916016 0.205078 0.023438 0.023438
0 0.458984 0.460938 0.027344 0.027344
0 0.326172 0.589844 0.035156 0.035156
0 0.150391 0.507812 0.023438 0.023438
0 0.677734 0.605469 0.035156 0.035156
0 0.078125 0.617188 0.027344 0.027344
0 0.195312 0.369141 0.031250 0.031250
0 0.328125 0.835938 0.031250 0.031250
0 0.878906 0.453125 0.023438 0.023438
0 0.150391 0.519531 0.023438 0.023438
0 0.771484 0.845703 0.027344 0.027344
0 0.812500 0.625000 0.023438 0.023438
0 0.345703 0.144531 0.031250 0.031250
0 0.925781 0.736328 0.031250 0.031250
0 0.187500 0.832031 0.027344 0.027344
0 0.357422 0.529297 0.031250 0.031250
0 0.875000 0.453125 0.031250 0.031250
0 0.970703 0.597656 0.027344 0.027344
0 0.544922 0.791016 0.023438 0.023438
0 0.058594 0.847656 0.023438 0.023438
0 0.923828 0.906250 0.035156 0.035156
0 0.599609 0.769531 0.031250 0.031250
0 0.087891 0.681641 0.027344 0.027344
0 0.025391 0.816406 0.027344 0.027344
0 0.566406 0.234375 0.031250 0.031250
1 0.957031 0.599609 0.010275 0.029463
1 0.449219 0.644531 0.024035 0.036986
1 0.130859 0.617188 0.023661 0.045000
1 0.476562 0.886719 0.038085 0.036447
1 0.851562 0.740234 0.034028 0.032102
1 0.457031 0.474609 0.034229 0.027912
1 0.542969 0.539062 0.012603 0.041597
1 0.310547 0.751953 0.043200 0.039348
1 0.464844 0.568359 0.040765 0.021430
1 0.312500 0.589844 0.036867 0.048895
1 0.957031 0.304688 0.031472 0.029064
1 0.490234 0.562500 0.031071 0.032372
1 0.583984 0.677734 0.017371 0.055613
1 0.572266 0.861328 0.040525 0.031838
1 0.630859 0.417969 0.013387 0.035984
1 0.457031 0.337891 0.035932 0.045121
1 0.314453 0.710938 0.041554 0.030134
1 0.181641 0.880859 0.010412 0.037274
1 0.230469 0.326172 0.016554 0.047843
1 0.431641 0.488281 0.051635 0.021761