0 0.142578 0.248047 0.031250 0.031250
0 0.820312 0.035156 0.031250 0.031250
0 0.500000 0.423828 0.023438 0.023438
0 0.712891 0.980469 0.031250 0.031250
0 0.884766 0.015625 0.027344 0.027344
0 0.085938 0.654297 0.031250 0.031250
0 0.033203 0.345703 0.035156 0.035156
0 0.750000 0.791016 0.035156 0.035156
0 0.736328 0.507812 0.027344 0.027344
0 0.164062 0.308594 0.023438 0.023438
0 0.328125 0.458984 0.031250 0.031250
0 0.330078 0.740234 0.031250 0.031250
0 0.130859 0.892578 0.031250 0.031250
0 0.697266 0.302734 0.027344 0.027344
0 0.015625 0.587891 0.023438 0.023438
0 0.222656 0.048828 0.031250 0.031250
0 0.681641 0.570312 0.031250 0.031250
0 0.128906 0.833984 0.027344 0.027344
0 0.701172 0.908203 0.035156 0.035156
0 0.625000 0.580078 0.035156 0.035156
0 0.244141 0.150391 0.035156 0.035156
0 0.277344 0.910156 0.023438 0.023438
0 0.119141 0.806641 0.035156 0.035156
0 0.400391 0.652344 0.027344 0.027344
0 0.175781 0.347656 0.023438 0.023438
0 0.951172 0.193359 0.023438 0.023438
0 0.378906 0.099609 0.035156 0.035156
0 0.962891 0.619141 0.027344 0.027344
0 0.796875 0.777344 0.035156 0.035156
0 0.837891 0.625000 0.027344 0.027344
1 0.955078 0.925781 0.038842 0.020348
1 0.488281 0.527344 0.032305 0.014020
1 0.820312 0.757812 0.015369 0.053423
1 0.833984 0.250000 0.027441 0.053775
1 0.730469 0.392578 0.041997 0.037666
1 0.587891 0.818359 0.045821 0.042352
1 0.722656 0.933594 0.012939 0.035544
1 0.900391 0.736328 0.029799 0.028065
1 0.839844 0.578125 0.016684 0.036214
1 0.355469 0.039062 0.031933 0.027717
1 0.605469 0.736328 0.045303 0.013279
1 0.810547 0.410156 0.043263 0.031081
1 0.123047 0.287109 0.053623 0.040574
1 0.574219 0.205078 0.044273 0.018296
1 0.812500 0.089844 0.011286 0.029768
1 0.750000 0.623047 0.020020 0.050121
1 0.324219 0.685547 0.038651 0.018703
1 0.527344 0.660156 0.042813 0.042813
1 0.162109 0.109375 0.028455 0.029515
1 0.398438 0.736328 0.048126 0.038639