0 0.501953 0.048828 0.031250 0.031250
0 0.734375 0.960938 0.035156 0.035156
0 0.515625 0.316406 0.023438 0.023438
0 0.576172 0.771484 0.027344 0.027344
0 0.257812 0.388672 0.035156 0.035156
0 0.945312 0.951172 0.023438 0.023438
0 0.689453 0.697266 0.023438 0.023438
0 0.322266 0.142578 0.027344 0.027344
0 0.480469 0.275391 0.027344 0.027344
0 0.582031 0.134766 0.035156 0.035156
0 0.318359 0.841797 0.035156 0.035156
0 0.970703 0.035156 0.027344 0.027344
0 0.195312 0.035156 0.023438 0.023438
0 0.941406 0.207031 0.031250 0.031250
0 0.351562 0.275391 0.035156 0.035156
0 0.917969 0.658203 0.035156 0.035156
0 0.962891 0.494141 0.023438 0.023438
0 0.308594 0.224609 0.031250 0.031250
0 0.488281 0.236328 0.027344 0.027344
0 0.207031 0.339844 0.027344 0.027344
0 0.136719 0.693359 0.035156 0.035156
0 0.257812 0.892578 0.031250 0.031250
0 0.732422 0.837891 0.023438 0.023438
0 0.140625 0.890625 0.031250 0.031250
0 0.166016 0.726562 0.035156 0.035156
0 0.708984 0.910156 0.027344 0.027344
0 0.304688 0.226562 0.031250 0.031250
0 0.025391 0.947266 0.031250 0.031250
0 0.281250 0.326172 0.027344 0.027344
0 0.222656 0.796875 0.035156 0.035156
1 0.857422 0.220703 0.042688 0.045579
1 0.318359 0.193359 0.013501 0.032207
1 0.216797 0.146484 0.034098 0.014568
1 0.898438 0.646484 0.042651 0.021935
1 0.228516 0.521484 0.033650 0.052535
1 0.835938 0.304688 0.049983 0.040045
1 0.205078 0.378906 0.033027 0.050031
1 0.240234 0.865234 0.045119 0.036486
1 0.496094 0.980469 0.018556 0.057617
1 0.259766 0.179688 0.030870 0.019197
1 0.433594 0.392578 0.034847 0.036870
1 0.779297 0.525391 0.040823 0.051364
1 0.318359 0.980469 0.029504 0.046772
1 0.162109 0.388672 0.047038 0.010582
1 0.876953 0.666016 0.025070 0.044443
1 0.062500 0.914062 0.024133 0.046895
1 0.828125 0.285156 0.030832 0.038850
1 0.617188 0.814453 0.044194 0.044194
1 0.154297 0.689453 0.016854 0.038160
1 0.472656 0.687500 0.030383 0.030383