0 0.634766 0.937500 0.035156 0.035156
0 0.941406 0.666016 0.031250 0.031250
0 0.693359 0.847656 0.031250 0.031250
0 0.607422 0.488281 0.031250 0.031250
0 0.507812 0.353516 0.031250 0.031250
0 0.597656 0.554688 0.027344 0.027344
0 0.023438 0.976562 0.027344 0.027344
0 0.228516 0.589844 0.027344 0.027344
0 0.822266 0.923828 0.027344 0.027344
0 0.332031 0.494141 0.023438 0.023438
0 0.753906 0.626953 0.031250 0.031250
0 0.205078 0.173828 0.023438 0.023438
0 0.761719 0.638672 0.027344 0.027344
0 0.744141 0.892578 0.035156 0.035156
0 0.060547 0.353516 0.023438 0.023438
0 0.810547 0.322266 0.031250 0.031250
0 0.365234 0.445312 0.035156 0.035156
0 0.568359 0.052734 0.031250 0.031250
0 0.783203 0.759766 0.023438 0.023438
0 0.951172 0.027344 0.035156 0.035156
0 0.958984 0.730469 0.035156 0.035156
0 0.187500 0.761719 0.031250 0.031250
0 0.158203 0.404297 0.035156 0.035156
0 0.402344 0.925781 0.031250 0.031250
0 0.603516 0.800781 0.035156 0.035156
0 0.683594 0.216797 0.027344 0.027344
0 0.677734 0.052734 0.035156 0.035156
0 0.378906 0.242188 0.023438 0.023438
0 0.441406 0.871094 0.027344 0.027344
0 0.613281 0.449219 0.023438 0.023438
1 0.695312 0.257812 0.040823 0.051364
1 0.386719 0.316406 0.036717 0.018432
1 0.833984 0.019531 0.023931 0.052514
1 0.912109 0.296875 0.024232 0.033224
1 0.664062 0.837891 0.027849 0.032170
1 0.427734 0.892578 0.031559 0.038937
1 0.345703 0.273438 0.037377 0.029002
1 0.222656 0.201172 0.046956 0.046956
1 0.378906 0.011719 0.045385 0.050922
1 0.636719 0.980469 0.034918 0.030879
1 0.433594 0.060547 0.039809 0.034043
1 0.394531 0.515625 0.054850 0.010719
1 0.871094 0.056641 0.044322 0.034308
1 0.166016 0.654297 0.031416 0.010310
1 0.058594 0.693359 0.031551 0.021439
1 0.837891 0.816406 0.058264 0.026063
1 0.486328 0.132812 0.039992 0.028686
1 0.751953 0.609375 0.013747 0.039622
1 0.794922 0.923828 0.033704 0.032547
1 0.281250 0.646484 0.039296 0.045692