0 0.156250 0.455078 0.031250 0.031250
0 0.066406 0.576172 0.035156 0.035156
0 0.394531 0.515625 0.027344 0.027344
0 0.585938 0.363281 0.023438 0.023438
0 0.324219 0.078125 0.023438 0.023438
0 0.193359 0.390625 0.027344 0.027344
0 0.957031 0.503906 0.023438 0.023438
0 0.044922 0.955078 0.031250 0.031250
0 0.296875 0.783203 0.023438 0.023438
0 0.902344 0.134766 0.027344 0.027344
0 0.312500 0.160156 0.031250 0.031250
0 0.087891 0.947266 0.023438 0.023438
0 0.117188 0.195312 0.031250 0.031250
0 0.330078 0.505859 0.027344 0.027344
0 0.173828 0.847656 0.027344 0.027344
0 0.601562 0.494141 0.027344 0.027344
0 0.021484 0.089844 0.027344 0.027344
0 0.619141 0.574219 0.027344 0.027344
0 0.140625 0.554688 0.035156 0.035156
0 0.330078 0.035156 0.031250 0.031250
0 0.525391 0.935547 0.027344 0.027344
0 0.375000 0.787109 0.035156 0.035156
0 0.330078 0.046875 0.035156 0.035156
0 0.050781 0.779297 0.035156 0.035156
0 0.101562 0.888672 0.027344 0.027344
0 0.093750 0.386719 0.027344 0.027344
0 0.736328 0.544922 0.027344 0.027344
0 0.365234 0.380859 0.031250 0.031250
0 0.244141 0.425781 0.027344 0.027344
0 0.828125 0.695312 0.027344 0.027344
1 0.218750 0.544922 0.046385 0.024341
1 0.632812 0.855469 0.033325 0.044048
1 0.791016 0.369141 0.028551 0.029419
1 0.671875 0.669922 0.048310 0.021963
1 0.671875 0.755859 0.047120 0.026614
1 0.853516 0.132812 0.043786 0.030918
1 0.277344 0.503906 0.035824 0.015493
1 0.128906 0.541016 0.056641 0.009766
1 0.228516 0.107422 0.050198 0.021615
1 0.904297 0.318359 0.022139 0.033374
1 0.744141 0.205078 0.047697 0.031546
1 0.496094 0.138672 0.045973 0.030629
1 0.380859 0.326172 0.034835 0.043795
1 0.343750 0.423828 0.048762 0.028068
1 0.771484 0.773438 0.032912 0.017466
1 0.126953 0.074219 0.012467 0.039649
1 0.931641 0.109375 0.042247 0.017313
1 0.513672 0.324219 0.039085 0.029949
1 0.912109 0.695312 0.039238 0.026435
1 0.916016 0.791016 0.045739 0.034301