0 0.595703 0.646484 0.035156 0.035156
0 0.976562 0.244141 0.035156 0.035156
0 0.259766 0.078125 0.035156 0.035156
0 0.798828 0.371094 0.027344 0.027344
0 0.980469 0.257812 0.027344 0.027344
0 0.693359 0.812500 0.023438 0.023438
0 0.607422 0.644531 0.031250 0.031250
0 0.056641 0.335938 0.035156 0.035156
0 0.832031 0.705078 0.031250 0.031250
0 0.048828 0.322266 0.027344 0.027344
0 0.535156 0.501953 0.023438 0.023438
0 0.201172 0.183594 0.027344 0.027344
0 0.451172 0.480469 0.031250 0.031250
0 0.353516 0.562500 0.035156 0.035156
0 0.701172 0.421875 0.031250 0.031250
0 0.048828 0.921875 0.031250 0.031250
0 0.955078 0.750000 0.031250 0.031250
0 0.312500 0.089844 0.035156 0.035156
0 0.871094 0.070312 0.031250 0.031250
0 0.210938 0.406250 0.031250 0.031250
0 0.693359 0.718750 0.027344 0.027344
0 0.560547 0.562500 0.023438 0.023438
0 0.318359 0.019531 0.023438 0.023438
0 0.312500 0.261719 0.027344 0.027344
0 0.398438 0.070312 0.031250 0.031250
0 0.541016 0.326172 0.031250 0.031250
0 0.162109 0.251953 0.035156 0.035156
0 0.787109 0.845703 0.027344 0.027344
0 0.505859 0.597656 0.031250 0.031250
0 0.955078 0.330078 0.035156 0.035156
1 0.708984 0.818359 0.030517 0.035130
1 0.613281 0.800781 0.053856 0.026625
1 0.095703 0.685547 0.040909 0.049119
1 0.554688 0.966797 0.039518 0.024470
1 0.701172 0.287109 0.027044 0.032800
1 0.175781 0.892578 0.045033 0.040124
1 0.515625 0.970703 0.028695 0.052521
1 0.449219 0.273438 0.016514 0.034268
1 0.156250 0.107422 0.028556 0.039347
1 0.625000 0.412109 0.028055 0.035668
1 0.371094 0.326172 0.032590 0.036201
1 0.296875 0.197266 0.029263 0.028733
1 0.304688 0.226562 0.030145 0.035330
1 0.365234 0.304688 0.026498 0.032711
1 0.275391 0.679688 0.030854 0.017463
1 0.117188 0.130859 0.039638 0.034021
1 0.455078 0.476562 0.037191 0.026532
1 0.453125 0.750000 0.045943 0.017535
1 0.156250 0.478516 0.020021 0.055546
1 0.226562 0.330078 0.032461 0.036214