0 0.681641 0.033203 0.023438 0.023438
0 0.085938 0.970703 0.031250 0.031250
0 0.912109 0.750000 0.035156 0.035156
0 0.667969 0.429688 0.035156 0.035156
0 0.175781 0.685547 0.023438 0.023438
0 0.296875 0.193359 0.035156 0.035156
0 0.880859 0.828125 0.027344 0.027344
0 0.876953 0.185547 0.027344 0.027344
0 0.650391 0.843750 0.027344 0.027344
0 0.503906 0.183594 0.027344 0.027344
0 0.208984 0.625000 0.031250 0.031250
0 0.121094 0.673828 0.023438 0.023438
0 0.275391 0.123047 0.023438 0.023438
0 0.675781 0.830078 0.035156 0.035156
0 0.169922 0.306641 0.027344 0.027344
0 0.884766 0.814453 0.023438 0.023438
0 0.410156 0.054688 0.027344 0.027344
0 0.308594 0.347656 0.035156 0.035156
0 0.861328 0.960938 0.031250 0.031250
0 0.689453 0.599609 0.035156 0.035156
0 0.740234 0.017578 0.027344 0.027344
0 0.871094 0.312500 0.027344 0.027344
0 0.183594 0.720703 0.023438 0.023438
0 0.710938 0.824219 0.027344 0.027344
0 0.734375 0.054688 0.031250 0.031250
0 0.062500 0.248047 0.031250 0.031250
0 0.164062 0.908203 0.023438 0.023438
0 0.228516 0.921875 0.027344 0.027344
0 0.402344 0.175781 0.027344 0.027344
0 0.820312 0.375000 0.031250 0.031250
1 0.658203 0.375000 0.033190 0.053884
1 0.136719 0.626953 0.031840 0.028474
1 0.798828 0.244141 0.049122 0.036254
1 0.035156 0.808594 0.031231 0.024797
1 0.748047 0.896484 0.047608 0.039920
1 0.603516 0.457031 0.037989 0.036543
1 0.406250 0.785156 0.035860 0.041057
1 0.414062 0.962891 0.026376 0.046221
1 0.175781 0.312500 0.020189 0.038343
1 0.757812 0.167969 0.012399 0.039261
1 0.755859 0.341797 0.032851 0.033430
1 0.626953 0.560547 0.039111 0.040942
1 0.916016 0.853516 0.012331 0.035355
1 0.744141 0.511719 0.048653 0.038112
1 0.587891 0.656250 0.038211 0.052912
1 0.845703 0.728516 0.052384 0.022282
1 0.369141 0.224609 0.027613 0.051830
1 0.224609 0.277344 0.037883 0.050931
1 0.835938 0.140625 0.021232 0.030679
1 0.923828 0.447266 0.046345 0.025027