0 0.134766 0.392578 0.027344 0.027344
0 0.785156 0.521484 0.035156 0.035156
0 0.630859 0.623047 0.023438 0.023438
0 0.845703 0.281250 0.027344 0.027344
0 0.373047 0.298828 0.027344 0.027344
0 0.183594 0.160156 0.035156 0.035156
0 0.753906 0.941406 0.035156 0.035156
0 0.607422 0.593750 0.027344 0.027344
0 0.968750 0.306641 0.027344 0.027344
0 0.197266 0.962891 0.035156 0.035156
0 0.810547 0.736328 0.027344 0.027344
0 0.089844 0.042969 0.035156 0.035156
0 0.066406 0.375000 0.023438 0.023438
0 0.871094 0.103516 0.035156 0.035156
0 0.357422 0.197266 0.023438 0.023438
0 0.687500 0.851562 0.023438 0.023438
0 0.404297 0.837891 0.035156 0.035156
0 0.201172 0.281250 0.027344 0.027344
0 0.728516 0.814453 0.031250 0.031250
0 0.824219 0.404297 0.035156 0.035156
0 0.820312 0.478516 0.031250 0.031250
0 0.039062 0.074219 0.023438 0.023438
0 0.181641 0.027344 0.035156 0.035156
0 0.863281 0.902344 0.027344 0.027344
0 0.603516 0.562500 0.031250 0.031250
0 0.617188 0.214844 0.027344 0.027344
0 0.728516 0.138672 0.027344 0.027344
0 0.839844 0.812500 0.023438 0.023438
0 0.476562 0.179688 0.027344 0.027344
0 0.808594 0.087891 0.023438 0.023438
1 0.554688 0.447266 0.016154 0.038261
1 0.718750 0.962891 0.021615 0.050198
1 0.564453 0.876953 0.032394 0.027781
1 0.730469 0.074219 0.026050 0.040536
1 0.736328 0.279297 0.050060 0.019213
1 0.404297 0.744141 0.032747 0.030627
1 0.755859 0.859375 0.055235 0.013557
1 0.613281 0.630859 0.022056 0.038914
1 0.154297 0.781250 0.030847 0.029883
1 0.578125 0.941406 0.031472 0.029064
1 0.695312 0.224609 0.033954 0.028957
1 0.339844 0.402344 0.035503 0.055342
1 0.634766 0.744141 0.036318 0.015722
1 0.492188 0.562500 0.039315 0.022243
1 0.109375 0.824219 0.048537 0.021604
1 0.041016 0.380859 0.022224 0.036255
1 0.074219 0.806641 0.057777 0.020435
1 0.169922 0.812500 0.025995 0.035893
1 0.148438 0.263672 0.015902 0.043625
1 0.492188 0.392578 0.053932 0.031165