0 0.816406 0.316406 0.027344 0.027344
0 0.734375 0.195312 0.023438 0.023438
0 0.830078 0.845703 0.027344 0.027344
0 0.738281 0.697266 0.031250 0.031250
0 0.058594 0.503906 0.023438 0.023438
0 0.083984 0.281250 0.027344 0.027344
0 0.320312 0.132812 0.031250 0.031250
0 0.029297 0.296875 0.031250 0.031250
0 0.585938 0.019531 0.023438 0.023438
0 0.351562 0.947266 0.031250 0.031250
0 0.246094 0.097656 0.023438 0.023438
0 0.726562 0.091797 0.035156 0.035156
0 0.271484 0.500000 0.031250 0.031250
0 0.152344 0.853516 0.031250 0.031250
0 0.271484 0.593750 0.031250 0.031250
0 0.486328 0.357422 0.035156 0.035156
0 0.601562 0.292969 0.031250 0.031250
0 0.351562 0.027344 0.035156 0.035156
0 0.070312 0.621094 0.027344 0.027344
0 0.345703 0.214844 0.027344 0.027344
0 0.673828 0.615234 0.035156 0.035156
0 0.746094 0.406250 0.031250 0.031250
0 0.066406 0.830078 0.023438 0.023438
0 0.519531 0.316406 0.027344 0.027344
0 0.275391 0.890625 0.027344 0.027344
0 0.958984 0.408203 0.035156 0.035156
0 0.251953 0.105469 0.035156 0.035156
0 0.291016 0.982422 0.027344 0.027344
0 0.779297 0.371094 0.031250 0.031250
0 0.603516 0.630859 0.035156 0.035156
1 0.099609 0.800781 0.018324 0.040504
1 0.480469 0.353516 0.047072 0.012535
1 0.167969 0.845703 0.054901 0.034416
1 0.212891 0.181641 0.036441 0.028401
1 0.632812 0.910156 0.019037 0.038372
1 0.646484 0.976562 0.011396 0.047187
1 0.533203 0.552734 0.017068 0.034450
1 0.375000 0.486328 0.033146 0.033146
1 0.218750 0.199219 0.026435 0.039238
1 0.484375 0.179688 0.051706 0.018435
1 0.681641 0.921875 0.030164 0.039519
1 0.207031 0.880859 0.025478 0.036815
1 0.251953 0.257812 0.041440 0.034725
1 0.955078 0.199219 0.029002 0.037377
1 0.203125 0.154297 0.053378 0.016413
1 0.531250 0.677734 0.020351 0.033525
1 0.628906 0.919922 0.054047 0.035269
1 0.662109 0.939453 0.027360 0.056363
1 0.105469 0.064453 0.046202 0.018602
1 0.695312 0.720703 0.032177 0.023294