0 0.058594 0.701172 0.031250 0.031250
0 0.613281 0.095703 0.035156 0.035156
0 0.443359 0.837891 0.031250 0.031250
0 0.412109 0.894531 0.031250 0.031250
0 0.128906 0.835938 0.027344 0.027344
0 0.025391 0.390625 0.027344 0.027344
0 0.062500 0.708984 0.031250 0.031250
0 0.587891 0.451172 0.035156 0.035156
0 0.535156 0.449219 0.027344 0.027344
0 0.919922 0.843750 0.035156 0.035156
0 0.298828 0.527344 0.027344 0.027344
0 0.550781 0.427734 0.031250 0.031250
0 0.445312 0.189453 0.027344 0.027344
0 0.970703 0.193359 0.027344 0.027344
0 0.500000 0.455078 0.027344 0.027344
0 0.431641 0.085938 0.023438 0.023438
0 0.207031 0.212891 0.027344 0.027344
0 0.814453 0.857422 0.035156 0.035156
0 0.779297 0.792969 0.023438 0.023438
0 0.570312 0.107422 0.031250 0.031250
0 0.035156 0.441406 0.035156 0.035156
0 0.966797 0.222656 0.027344 0.027344
0 0.320312 0.751953 0.035156 0.035156
0 0.214844 0.187500 0.035156 0.035156
0 0.162109 0.685547 0.027344 0.027344
0 0.804688 0.720703 0.023438 0.023438
0 0.382812 0.146484 0.027344 0.027344
0 0.382812 0.589844 0.031250 0.031250
0 0.787109 0.064453 0.023438 0.023438
0 0.750000 0.859375 0.031250 0.031250
1 0.580078 0.789062 0.044024 0.030320
1 0.751953 0.835938 0.036478 0.031725
1 0.248047 0.599609 0.052622 0.046270
1 0.712891 0.171875 0.042271 0.050728
1 0.605469 0.232422 0.021331 0.042079
1 0.416016 0.431641 0.018096 0.049782
1 0.908203 0.796875 0.045919 0.021060
1 0.935547 0.509766 0.044358 0.032244
1 0.167969 0.564453 0.026269 0.031022
1 0.328125 0.914062 0.037015 0.034702
1 0.574219 0.833984 0.014279 0.037836
1 0.130859 0.345703 0.021378 0.053580
1 0.261719 0.794922 0.012671 0.054884
1 0.380859 0.849609 0.031722 0.047086
1 0.089844 0.419922 0.032741 0.040207
1 0.707031 0.845703 0.027657 0.040246
1 0.425781 0.037109 0.047578 0.014960
1 0.091797 0.425781 0.050681 0.045626
1 0.484375 0.419922 0.033315 0.023416
1 0.371094 0.166016 0.022842 0.052116