0 0.292969 0.455078 0.031250 0.031250
0 0.664062 0.287109 0.023438 0.023438
0 0.687500 0.470703 0.031250 0.031250
0 0.318359 0.494141 0.031250 0.031250
0 0.578125 0.347656 0.023438 0.023438
0 0.810547 0.873047 0.027344 0.027344
0 0.871094 0.406250 0.035156 0.035156
0 0.183594 0.076172 0.031250 0.031250
0 0.833984 0.291016 0.023438 0.023438
0 0.845703 0.896484 0.035156 0.035156
0 0.769531 0.958984 0.035156 0.035156
0 0.757812 0.345703 0.027344 0.027344
0 0.494141 0.773438 0.031250 0.031250
0 0.238281 0.339844 0.035156 0.035156
0 0.873047 0.685547 0.035156 0.035156
0 0.726562 0.289062 0.031250 0.031250
0 0.927734 0.218750 0.031250 0.031250
0 0.292969 0.250000 0.035156 0.035156
0 0.908203 0.859375 0.031250 0.031250
0 0.076172 0.312500 0.023438 0.023438
0 0.916016 0.865234 0.035156 0.035156
0 0.410156 0.218750 0.031250 0.031250
0 0.826172 0.857422 0.027344 0.027344
0 0.447266 0.250000 0.035156 0.035156
0 0.582031 0.449219 0.027344 0.027344
0 0.074219 0.498047 0.023438 0.023438
0 0.056641 0.892578 0.035156 0.035156
0 0.095703 0.195312 0.023438 0.023438
0 0.349609 0.500000 0.035156 0.035156
0 0.080078 0.500000 0.023438 0.023438
1 0.412109 0.781250 0.050609 0.038549
1 0.478516 0.326172 0.032090 0.027119
1 0.773438 0.474609 0.030506 0.058093
1 0.914062 0.451172 0.040105 0.017024
1 0.683594 0.419922 0.023859 0.045654
1 0.070312 0.890625 0.018926 0.040265
1 0.160156 0.089844 0.028899 0.041181
1 0.916016 0.949219 0.033525 0.020351
1 0.177734 0.894531 0.025474 0.055857
1 0.857422 0.132812 0.018530 0.047877
1 0.255859 0.878906 0.031546 0.047697
1 0.552734 0.296875 0.042186 0.037612
1 0.246094 0.113281 0.022057 0.032449
1 0.783203 0.968750 0.047441 0.032214
1 0.361328 0.923828 0.026877 0.057677
1 0.691406 0.431641 0.049550 0.023615
1 0.927734 0.300781 0.030847 0.029883
1 0.707031 0.591797 0.037191 0.026532
1 0.542969 0.701172 0.017106 0.046015
1 0.191406 0.736328 0.032822 0.026140