0 0.941406 0.107422 0.023438 0.023438
0 0.619141 0.619141 0.035156 0.035156
0 0.736328 0.285156 0.031250 0.031250
0 0.080078 0.775391 0.023438 0.023438
0 0.707031 0.773438 0.035156 0.035156
0 0.683594 0.183594 0.023438 0.023438
0 0.431641 0.140625 0.023438 0.023438
0 0.947266 0.917969 0.031250 0.031250
0 0.376953 0.175781 0.027344 0.027344
0 0.560547 0.681641 0.027344 0.027344
0 0.820312 0.683594 0.023438 0.023438
0 0.818359 0.568359 0.031250 0.031250
0 0.853516 0.591797 0.023438 0.023438
0 0.054688 0.351562 0.027344 0.027344
0 0.238281 0.898438 0.035156 0.035156
0 0.876953 0.021484 0.031250 0.031250
0 0.029297 0.677734 0.027344 0.027344
0 0.896484 0.556641 0.035156 0.035156
0 0.435547 0.513672 0.031250 0.031250
0 0.220703 0.234375 0.027344 0.027344
0 0.861328 0.501953 0.027344 0.027344
0 0.511719 0.896484 0.027344 0.027344
0 0.158203 0.359375 0.035156 0.035156
0 0.818359 0.234375 0.027344 0.027344
0 0.417969 0.746094 0.027344 0.027344
0 0.296875 0.447266 0.023438 0.023438
0 0.441406 0.218750 0.027344 0.027344
0 0.525391 0.263672 0.027344 0.027344
0 0.044922 0.613281 0.035156 0.035156
0 0.785156 0.464844 0.027344 0.027344
1 0.230469 0.531250 0.056363 0.027360
1 0.638672 0.722656 0.030142 0.023460
1 0.789062 0.726562 0.040246 0.027657
1 0.501953 0.480469 0.049552 0.040711
1 0.656250 0.216797 0.031895 0.051678
1 0.468750 0.931641 0.010782 0.029620
1 0.113281 0.123047 0.036911 0.049546
1 0.878906 0.509766 0.034322 0.014840
1 0.433594 0.013672 0.014688 0.043682
1 0.511719 0.054688 0.029680 0.039688
1 0.322266 0.949219 0.043997 0.017365
1 0.458984 0.621094 0.032009 0.038922
1 0.955078 0.412109 0.030020 0.023807
1 0.902344 0.013672 0.027039 0.046138
1 0.470703 0.324219 0.046105 0.018293
1 0.521484 0.285156 0.025045 0.037635
1 0.433594 0.603516 0.039217 0.054586
1 0.525391 0.097656 0.033852 0.051801
1 0.521484 0.611328 0.020020 0.050121
1 0.382812 0.640625 0.057276 0.014665