0 0.919922 0.279297 0.035156 0.035156
0 0.748047 0.673828 0.023438 0.023438
0 0.083984 0.361328 0.023438 0.023438
0 0.144531 0.517578 0.027344 0.027344
0 0.820312 0.902344 0.031250 0.031250
0 0.503906 0.193359 0.023438 0.023438
0 0.160156 0.746094 0.035156 0.035156
0 0.314453 0.267578 0.031250 0.031250
0 0.320312 0.974609 0.035156 0.035156
0 0.810547 0.136719 0.035156 0.035156
0 0.759766 0.330078 0.031250 0.031250
0 0.423828 0.544922 0.031250 0.031250
0 0.179688 0.453125 0.027344 0.027344
0 0.968750 0.365234 0.035156 0.035156
0 0.841797 0.117188 0.031250 0.031250
0 0.718750 0.740234 0.023438 0.023438
0 0.912109 0.560547 0.027344 0.027344
0 0.501953 0.300781 0.035156 0.035156
0 0.804688 0.640625 0.023438 0.023438
0 0.195312 0.226562 0.031250 0.031250
0 0.482422 0.910156 0.035156 0.035156
0 0.919922 0.828125 0.023438 0.023438
0 0.812500 0.554688 0.027344 0.027344
0 0.021484 0.238281 0.027344 0.027344
0 0.867188 0.494141 0.031250 0.031250
0 0.296875 0.615234 0.023438 0.023438
0 0.716797 0.925781 0.027344 0.027344
0 0.529297 0.378906 0.027344 0.027344
0 0.500000 0.193359 0.035156 0.035156
0 0.736328 0.945312 0.035156 0.035156
1 0.679688 0.869141 0.033873 0.015391
1 0.722656 0.380859 0.030687 0.015643
1 0.914062 0.017578 0.029486 0.048380
1 0.216797 0.953125 0.035179 0.020914
1 0.945312 0.857422 0.022441 0.044538
1 0.130859 0.669922 0.035836 0.026843
1 0.476562 0.531250 0.036322 0.015916
1 0.361328 0.388672 0.031170 0.041193
1 0.826172 0.121094 0.037021 0.023539
1 0.347656 0.228516 0.041299 0.027848
1 0.214844 0.914062 0.033607 0.055189
1 0.406250 0.810547 0.024189 0.035879
1 0.109375 0.388672 0.052931 0.012637
1 0.232422 0.013672 0.029139 0.051608
1 0.699219 0.654297 0.036322 0.015916
1 0.369141 0.509766 0.038844 0.024239
1 0.808594 0.824219 0.031949 0.028485
1 0.867188 0.859375 0.050978 0.012603
1 0.525391 0.921875 0.045935 0.017418
1 0.691406 0.792969 0.028686 0.039992