0 0.707031 0.710938 0.031250 0.031250
0 0.841797 0.855469 0.035156 0.035156
0 0.896484 0.455078 0.027344 0.027344
0 0.533203 0.572266 0.023438 0.023438
0 0.771484 0.353516 0.023438 0.023438
0 0.226562 0.335938 0.023438 0.023438
0 0.250000 0.830078 0.027344 0.027344
0 0.888672 0.216797 0.023438 0.023438
0 0.093750 0.263672 0.035156 0.035156
0 0.173828 0.587891 0.035156 0.035156
0 0.136719 0.570312 0.031250 0.031250
0 0.449219 0.072266 0.031250 0.031250
0 0.656250 0.173828 0.023438 0.023438
0 0.656250 0.957031 0.023438 0.023438
0 0.330078 0.140625 0.031250 0.031250
0 0.896484 0.892578 0.023438 0.023438
0 0.177734 0.857422 0.031250 0.031250
0 0.703125 0.775391 0.031250 0.031250
0 0.355469 0.363281 0.023438 0.023438
0 0.324219 0.253906 0.027344 0.027344
0 0.326172 0.541016 0.027344 0.027344
0 0.720703 0.478516 0.031250 0.031250
0 0.177734 0.142578 0.035156 0.035156
0 0.468750 0.187500 0.031250 0.031250
0 0.843750 0.269531 0.035156 0.035156
0 0.503906 0.367188 0.035156 0.035156
0 0.724609 0.441406 0.035156 0.035156
0 0.195312 0.865234 0.027344 0.027344
0 0.451172 0.238281 0.031250 0.031250
0 0.615234 0.167969 0.023438 0.023438
1 0.744141 0.031250 0.032083 0.056906
1 0.193359 0.876953 0.038021 0.033401
1 0.087891 0.972656 0.030507 0.015202
1 0.871094 0.787109 0.027700 0.037592
1 0.875000 0.046875 0.028340 0.045930
1 0.488281 0.335938 0.030529 0.039717
1 0.083984 0.156250 0.015107 0.040041
1 0.253906 0.554688 0.044439 0.046656
1 0.662109 0.707031 0.011286 0.029768
1 0.125000 0.792969 0.035502 0.028820
1 0.568359 0.160156 0.028074 0.039410
1 0.839844 0.134766 0.036940 0.024524
1 0.757812 0.330078 0.047907 0.035848
1 0.595703 0.037109 0.040125 0.028175
1 0.644531 0.619141 0.052358 0.029594
1 0.707031 0.564453 0.037024 0.020955
1 0.892578 0.517578 0.049891 0.027712
1 0.060547 0.488281 0.027544 0.045053
1 0.666016 0.699219 0.027315 0.050908
1 0.226562 0.404297 0.041375 0.025074