0 0.257812 0.152344 0.027344 0.027344
0 0.517578 0.843750 0.031250 0.031250
0 0.603516 0.218750 0.027344 0.027344
0 0.136719 0.832031 0.031250 0.031250
0 0.837891 0.509766 0.023438 0.023438
0 0.439453 0.326172 0.027344 0.027344
0 0.277344 0.312500 0.035156 0.035156
0 0.437500 0.455078 0.035156 0.035156
0 0.162109 0.449219 0.031250 0.031250
0 0.378906 0.337891 0.027344 0.027344
0 0.628906 0.607422 0.023438 0.023438
0 0.216797 0.218750 0.023438 0.023438
0 0.279297 0.056641 0.035156 0.035156
0 0.277344 0.308594 0.027344 0.027344
0 0.974609 0.548828 0.035156 0.035156
0 0.640625 0.972656 0.031250 0.031250
0 0.869141 0.693359 0.023438 0.023438
0 0.900391 0.273438 0.031250 0.031250
0 0.478516 0.535156 0.023438 0.023438
0 0.359375 0.830078 0.035156 0.035156
0 0.056641 0.632812 0.031250 0.031250
0 0.923828 0.476562 0.027344 0.027344
0 0.570312 0.933594 0.031250 0.031250
0 0.626953 0.982422 0.027344 0.027344
0 0.654297 0.298828 0.031250 0.031250
0 0.412109 0.742188 0.023438 0.023438
0 0.423828 0.275391 0.023438 0.023438
0 0.710938 0.943359 0.035156 0.035156
0 0.349609 0.294922 0.023438 0.023438
0 0.902344 0.689453 0.027344 0.027344
1 0.279297 0.302734 0.039638 0.034021
1 0.277344 0.789062 0.037262 0.051553
1 0.849609 0.728516 0.037605 0.039629
1 0.066406 0.902344 0.026545 0.051059
1 0.365234 0.873047 0.033329 0.042028
1 0.597656 0.113281 0.049168 0.041095
1 0.066406 0.162109 0.037009 0.054934
1 0.291016 0.566406 0.027544 0.030143
1 0.406250 0.388672 0.040403 0.028965
1 0.314453 0.150391 0.032285 0.023651
1 0.216797 0.546875 0.041355 0.031593
1 0.859375 0.708984 0.034980 0.025088
1 0.888672 0.607422 0.030383 0.030383
1 0.863281 0.142578 0.036393 0.017272
1 0.761719 0.029297 0.019913 0.035105
1 0.505859 0.962891 0.039613 0.052247
1 0.275391 0.351562 0.033525 0.020351
1 0.820312 0.630859 0.040846 0.039207
1 0.095703 0.105469 0.042057 0.050699
1 0.396484 0.869141 0.033750 0.028997