0 0.406250 0.671875 0.031250 0.031250
0 0.533203 0.445312 0.027344 0.027344
0 0.195312 0.500000 0.035156 0.035156
0 0.687500 0.900391 0.023438 0.023438
0 0.464844 0.277344 0.035156 0.035156
0 0.812500 0.019531 0.031250 0.031250
0 0.500000 0.458984 0.031250 0.031250
0 0.490234 0.814453 0.027344 0.027344
0 0.119141 0.384766 0.027344 0.027344
0 0.468750 0.576172 0.035156 0.035156
0 0.439453 0.753906 0.027344 0.027344
0 0.082031 0.886719 0.023438 0.023438
0 0.728516 0.869141 0.031250 0.031250
0 0.748047 0.750000 0.027344 0.027344
0 0.443359 0.152344 0.031250 0.031250
0 0.406250 0.052734 0.035156 0.035156
0 0.619141 0.871094 0.027344 0.027344
0 0.017578 0.720703 0.023438 0.023438
0 0.880859 0.318359 0.031250 0.031250
0 0.417969 0.623047 0.023438 0.023438
0 0.632812 0.125000 0.031250 0.031250
0 0.703125 0.695312 0.027344 0.027344
0 0.451172 0.337891 0.035156 0.035156
0 0.654297 0.025391 0.031250 0.031250
0 0.318359 0.703125 0.031250 0.031250
0 0.914062 0.253906 0.031250 0.031250
0 0.470703 0.316406 0.023438 0.023438
0 0.941406 0.226562 0.035156 0.035156
0 0.578125 0.265625 0.023438 0.023438
0 0.410156 0.253906 0.027344 0.027344
1 0.433594 0.304688 0.037274 0.010412
1 0.744141 0.480469 0.049718 0.049718
1 0.132812 0.435547 0.015643 0.030687
1 0.958984 0.080078 0.037640 0.027249
1 0.544922 0.128906 0.039921 0.016363
1 0.898438 0.367188 0.037563 0.022833
1 0.296875 0.865234 0.016617 0.057279
1 0.236328 0.119141 0.037709 0.055220
1 0.853516 0.183594 0.025184 0.054458
1 0.261719 0.564453 0.039204 0.050272
1 0.076172 0.646484 0.010310 0.031416
1 0.289062 0.970703 0.017553 0.057449
1 0.091797 0.835938 0.021430 0.040765
1 0.357422 0.357422 0.048253 0.024912
1 0.144531 0.558594 0.046886 0.044139
1 0.187500 0.318359 0.018476 0.032740
1 0.869141 0.693359 0.041432 0.041432
1 0.873047 0.818359 0.039329 0.047971
1 0.347656 0.226562 0.022537 0.040047
1 0.521484 0.941406 0.042969 0.009766