0 0.593750 0.757812 0.031250 0.031250
0 0.572266 0.892578 0.027344 0.027344
0 0.525391 0.396484 0.023438 0.023438
0 0.689453 0.269531 0.035156 0.035156
0 0.310547 0.150391 0.023438 0.023438
0 0.046875 0.679688 0.023438 0.023438
0 0.210938 0.164062 0.023438 0.023438
0 0.023438 0.968750 0.035156 0.035156
0 0.552734 0.943359 0.031250 0.031250
0 0.724609 0.746094 0.035156 0.035156
0 0.896484 0.876953 0.023438 0.023438
0 0.753906 0.369141 0.035156 0.035156
0 0.830078 0.722656 0.027344 0.027344
0 0.244141 0.845703 0.023438 0.023438
0 0.671875 0.248047 0.035156 0.035156
0 0.880859 0.476562 0.035156 0.035156
0 0.294922 0.970703 0.027344 0.027344
0 0.451172 0.910156 0.023438 0.023438
0 0.246094 0.712891 0.027344 0.027344
0 0.902344 0.392578 0.023438 0.023438
0 0.275391 0.931641 0.031250 0.031250
0 0.371094 0.537109 0.023438 0.023438
0 0.669922 0.888672 0.027344 0.027344
0 0.265625 0.414062 0.023438 0.023438
0 0.689453 0.701172 0.027344 0.027344
0 0.841797 0.964844 0.027344 0.027344
0 0.082031 0.021484 0.023438 0.023438
0 0.582031 0.880859 0.031250 0.031250
0 0.345703 0.480469 0.031250 0.031250
0 0.537109 0.074219 0.027344 0.027344
1 0.349609 0.255859 0.043265 0.042349
1 0.916016 0.830078 0.024189 0.035879
1 0.285156 0.574219 0.027700 0.037592
1 0.437500 0.455078 0.043983 0.041526
1 0.439453 0.136719 0.047589 0.029771
1 0.328125 0.292969 0.051611 0.017181
1 0.259766 0.576172 0.052980 0.036829
1 0.621094 0.408203 0.029713 0.035762
1 0.345703 0.062500 0.026962 0.044230
1 0.726562 0.925781 0.025598 0.034100
1 0.693359 0.966797 0.049550 0.023615
1 0.693359 0.169922 0.012103 0.045371
1 0.802734 0.357422 0.044106 0.051848
1 0.927734 0.015625 0.035591 0.028442
1 0.791016 0.503906 0.032642 0.051420
1 0.218750 0.531250 0.045088 0.025637
1 0.396484 0.492188 0.036464 0.035308
1 0.734375 0.509766 0.021604 0.048537
1 0.621094 0.085938 0.030520 0.043441
1 0.353516 0.392578 0.016636 0.043818