0 0.062500 0.439453 0.023438 0.023438
0 0.441406 0.337891 0.035156 0.035156
0 0.789062 0.375000 0.027344 0.027344
0 0.394531 0.353516 0.035156 0.035156
0 0.464844 0.189453 0.027344 0.027344
0 0.833984 0.103516 0.035156 0.035156
0 0.537109 0.982422 0.027344 0.027344
0 0.248047 0.882812 0.023438 0.023438
0 0.919922 0.703125 0.031250 0.031250
0 0.421875 0.332031 0.031250 0.031250
0 0.617188 0.550781 0.027344 0.027344
0 0.722656 0.222656 0.031250 0.031250
0 0.779297 0.841797 0.035156 0.035156
0 0.255859 0.812500 0.031250 0.031250
0 0.351562 0.841797 0.031250 0.031250
0 0.851562 0.919922 0.023438 0.023438
0 0.857422 0.812500 0.027344 0.027344
0 0.210938 0.378906 0.035156 0.035156
0 0.929688 0.621094 0.027344 0.027344
0 0.035156 0.404297 0.031250 0.031250
0 0.265625 0.265625 0.023438 0.023438
0 0.023438 0.804688 0.035156 0.035156
0 0.580078 0.275391 0.031250 0.031250
0 0.509766 0.537109 0.023438 0.023438
0 0.363281 0.068359 0.027344 0.027344
0 0.587891 0.453125 0.027344 0.027344
0 0.626953 0.376953 0.031250 0.031250
0 0.175781 0.898438 0.027344 0.027344
0 0.898438 0.216797 0.027344 0.027344
0 0.966797 0.652344 0.027344 0.027344
1 0.855469 0.757812 0.033218 0.019408
1 0.314453 0.294922 0.034582 0.031215
1 0.898438 0.972656 0.045110 0.046026
1 0.234375 0.658203 0.023820 0.042629
1 0.718750 0.753906 0.039930 0.042821
1 0.416016 0.789062 0.040539 0.042274
1 0.398438 0.382812 0.027417 0.032602
1 0.558594 0.175781 0.045079 0.026916
1 0.300781 0.875000 0.055512 0.036938
1 0.685547 0.285156 0.052308 0.030962
1 0.648438 0.531250 0.024239 0.038844
1 0.601562 0.150391 0.009766 0.041016
1 0.212891 0.679688 0.037975 0.023489
1 0.605469 0.853516 0.051717 0.047478
1 0.677734 0.152344 0.045000 0.023661
1 0.433594 0.816406 0.032642 0.051420
1 0.548828 0.828125 0.018807 0.044315
1 0.113281 0.546875 0.033161 0.046082
1 0.691406 0.480469 0.020939 0.051677
1 0.619141 0.449219 0.055929 0.022833