0 0.201172 0.730469 0.035156 0.035156
0 0.708984 0.882812 0.031250 0.031250
0 0.439453 0.408203 0.031250 0.031250
0 0.574219 0.064453 0.023438 0.023438
0 0.445312 0.105469 0.027344 0.027344
0 0.238281 0.724609 0.035156 0.035156
0 0.193359 0.046875 0.023438 0.023438
0 0.619141 0.589844 0.035156 0.035156
0 0.189453 0.931641 0.027344 0.027344
0 0.261719 0.554688 0.023438 0.023438
0 0.195312 0.318359 0.035156 0.035156
0 0.052734 0.863281 0.023438 0.023438
0 0.691406 0.214844 0.027344 0.027344
0 0.041016 0.117188 0.035156 0.035156
0 0.398438 0.658203 0.035156 0.035156
0 0.683594 0.087891 0.023438 0.023438
0 0.621094 0.472656 0.031250 0.031250
0 0.841797 0.095703 0.035156 0.035156
0 0.751953 0.621094 0.023438 0.023438
0 0.820312 0.755859 0.031250 0.031250
0 0.029297 0.898438 0.027344 0.027344
0 0.794922 0.960938 0.031250 0.031250
0 0.250000 0.560547 0.031250 0.031250
0 0.496094 0.375000 0.027344 0.027344
0 0.882812 0.947266 0.035156 0.035156
0 0.519531 0.923828 0.031250 0.031250
0 0.478516 0.031250 0.035156 0.035156
0 0.234375 0.660156 0.035156 0.035156
0 0.408203 0.222656 0.023438 0.023438
0 0.894531 0.437500 0.031250 0.031250
1 0.056641 0.800781 0.028470 0.044656
1 0.429688 0.982422 0.029949 0.043606
1 0.208984 0.953125 0.042601 0.020645
1 0.798828 0.773438 0.032445 0.015440
1 0.228516 0.093750 0.052084 0.021193
1 0.162109 0.130859 0.043895 0.028780
1 0.910156 0.726562 0.009766 0.037109
1 0.416016 0.728516 0.055919 0.021938
1 0.601562 0.677734 0.037216 0.034327
1 0.646484 0.714844 0.023002 0.031505
1 0.966797 0.488281 0.024629 0.033164
1 0.681641 0.626953 0.015534 0.038131
1 0.398438 0.519531 0.042649 0.019920
1 0.890625 0.167969 0.036640 0.031364
1 0.166016 0.869141 0.033605 0.039840
1 0.542969 0.816406 0.038508 0.041398
1 0.738281 0.294922 0.053512 0.036762
1 0.544922 0.556641 0.034582 0.031215
1 0.355469 0.503906 0.030943 0.034985
1 0.716797 0.894531 0.021938 0.055919