0 0.843750 0.074219 0.023438 0.023438
0 0.875000 0.546875 0.031250 0.031250
0 0.722656 0.740234 0.035156 0.035156
0 0.568359 0.175781 0.031250 0.031250
0 0.666016 0.775391 0.023438 0.023438
0 0.914062 0.632812 0.031250 0.031250
0 0.023438 0.589844 0.035156 0.035156
0 0.865234 0.607422 0.027344 0.027344
0 0.035156 0.687500 0.027344 0.027344
0 0.707031 0.154297 0.035156 0.035156
0 0.257812 0.029297 0.023438 0.023438
0 0.052734 0.876953 0.023438 0.023438
0 0.474609 0.121094 0.031250 0.031250
0 0.623047 0.273438 0.027344 0.027344
0 0.121094 0.095703 0.027344 0.027344
0 0.464844 0.720703 0.031250 0.031250
0 0.228516 0.306641 0.023438 0.023438
0 0.351562 0.408203 0.027344 0.027344
0 0.789062 0.236328 0.027344 0.027344
0 0.525391 0.398438 0.027344 0.027344
0 0.873047 0.886719 0.023438 0.023438
0 0.236328 0.285156 0.023438 0.023438
0 0.462891 0.435547 0.031250 0.031250
0 0.429688 0.195312 0.031250 0.031250
0 0.279297 0.443359 0.031250 0.031250
0 0.654297 0.062500 0.035156 0.035156
0 0.277344 0.878906 0.027344 0.027344
0 0.675781 0.496094 0.031250 0.031250
0 0.273438 0.830078 0.027344 0.027344
0 0.078125 0.207031 0.027344 0.027344
1 0.591797 0.460938 0.040979 0.027322
1 0.105469 0.203125 0.025121 0.029442
1 0.671875 0.871094 0.043157 0.023822
1 0.437500 0.056641 0.035845 0.023737
1 0.433594 0.035156 0.048661 0.029562
1 0.285156 0.369141 0.027350 0.050692
1 0.960938 0.632812 0.010850 0.031572
1 0.095703 0.746094 0.026208 0.046956
1 0.578125 0.021484 0.019011 0.031367
1 0.095703 0.892578 0.038878 0.020924
1 0.748047 0.328125 0.047718 0.015760
1 0.441406 0.259766 0.031738 0.028281
1 0.199219 0.931641 0.043167 0.012467
1 0.835938 0.833984 0.034834 0.041753
1 0.492188 0.119141 0.019870 0.033410
1 0.558594 0.806641 0.015595 0.037774
1 0.158203 0.593750 0.036947 0.019876
1 0.154297 0.158203 0.036555 0.042950
1 0.281250 0.179688 0.024470 0.039518
1 0.664062 0.656250 0.051611 0.017181