0 0.236328 0.253906 0.027344 0.027344
0 0.824219 0.250000 0.027344 0.027344
0 0.033203 0.427734 0.023438 0.023438
0 0.068359 0.082031 0.027344 0.027344
0 0.232422 0.904297 0.027344 0.027344
0 0.375000 0.916016 0.031250 0.031250
0 0.947266 0.958984 0.035156 0.035156
0 0.203125 0.964844 0.027344 0.027344
0 0.220703 0.464844 0.031250 0.031250
0 0.375000 0.798828 0.031250 0.031250
0 0.093750 0.472656 0.023438 0.023438
0 0.125000 0.855469 0.031250 0.031250
0 0.744141 0.189453 0.027344 0.027344
0 0.630859 0.736328 0.027344 0.027344
0 0.525391 0.783203 0.031250 0.031250
0 0.208984 0.744141 0.035156 0.035156
0 0.335938 0.808594 0.035156 0.035156
0 0.927734 0.628906 0.031250 0.031250
0 0.013672 0.062500 0.023438 0.023438
0 0.392578 0.912109 0.027344 0.027344
0 0.839844 0.933594 0.023438 0.023438
0 0.972656 0.257812 0.027344 0.027344
0 0.658203 0.783203 0.027344 0.027344
0 0.460938 0.746094 0.035156 0.035156
0 0.162109 0.320312 0.027344 0.027344
0 0.931641 0.941406 0.023438 0.023438
0 0.240234 0.931641 0.035156 0.035156
0 0.048828 0.496094 0.031250 0.031250
0 0.804688 0.863281 0.023438 0.023438
0 0.785156 0.921875 0.035156 0.035156
1 0.482422 0.150391 0.021218 0.031930
1 0.923828 0.191406 0.042277 0.037228
1 0.642578 0.025391 0.015633 0.057351
1 0.328125 0.150391 0.020394 0.057463
1 0.927734 0.738281 0.041571 0.025015
1 0.775391 0.517578 0.009766 0.050781
1 0.687500 0.591797 0.031032 0.039464
1 0.078125 0.603516 0.046233 0.032576
1 0.082031 0.953125 0.026615 0.049085
1 0.312500 0.451172 0.038651 0.018703
1 0.230469 0.917969 0.040403 0.028965
1 0.089844 0.539062 0.049834 0.017876
1 0.957031 0.166016 0.041246 0.028378
1 0.429688 0.800781 0.044043 0.017785
1 0.214844 0.136719 0.038021 0.033401
1 0.492188 0.332031 0.042274 0.040539
1 0.884766 0.533203 0.030216 0.027568
1 0.261719 0.269531 0.029771 0.047589
1 0.484375 0.402344 0.043070 0.027010
1 0.810547 0.644531 0.036561 0.035211