0 0.261719 0.359375 0.027344 0.027344
0 0.177734 0.230469 0.031250 0.031250
0 0.078125 0.630859 0.027344 0.027344
0 0.169922 0.671875 0.031250 0.031250
0 0.781250 0.119141 0.023438 0.023438
0 0.527344 0.724609 0.027344 0.027344
0 0.177734 0.957031 0.023438 0.023438
0 0.691406 0.259766 0.027344 0.027344
0 0.134766 0.750000 0.027344 0.027344
0 0.556641 0.824219 0.023438 0.023438
0 0.914062 0.851562 0.031250 0.031250
0 0.708984 0.814453 0.023438 0.023438
0 0.029297 0.615234 0.031250 0.031250
0 0.664062 0.921875 0.023438 0.023438
0 0.812500 0.132812 0.031250 0.031250
0 0.882812 0.796875 0.027344 0.027344
0 0.492188 0.265625 0.035156 0.035156
0 0.666016 0.708984 0.027344 0.027344
0 0.898438 0.052734 0.023438 0.023438
0 0.593750 0.974609 0.035156 0.035156
0 0.708984 0.671875 0.023438 0.023438
0 0.248047 0.214844 0.027344 0.027344
0 0.722656 0.296875 0.023438 0.023438
0 0.814453 0.144531 0.035156 0.035156
0 0.564453 0.570312 0.023438 0.023438
0 0.189453 0.285156 0.035156 0.035156
0 0.748047 0.310547 0.023438 0.023438
0 0.537109 0.763672 0.031250 0.031250
0 0.517578 0.199219 0.035156 0.035156
0 0.394531 0.867188 0.035156 0.035156
1 0.632812 0.144531 0.019614 0.040720
1 0.085938 0.039062 0.031080 0.029539
1 0.613281 0.386719 0.030643 0.015682
1 0.669922 0.285156 0.027755 0.034607
1 0.394531 0.570312 0.045121 0.035932
1 0.417969 0.433594 0.043656 0.013473
1 0.160156 0.947266 0.038181 0.046391
1 0.597656 0.248047 0.029676 0.033379
1 0.222656 0.851562 0.019313 0.055817
1 0.091797 0.455078 0.051256 0.035912
1 0.552734 0.900391 0.050779 0.032794
1 0.583984 0.800781 0.021231 0.043996
1 0.867188 0.486328 0.032656 0.042993
1 0.130859 0.472656 0.044887 0.036454
1 0.736328 0.222656 0.014658 0.056871
1 0.234375 0.029297 0.051184 0.037975
1 0.365234 0.701172 0.011719 0.050781
1 0.390625 0.982422 0.032081 0.036457
1 0.875000 0.904297 0.041480 0.048784
1 0.447266 0.406250 0.031816 0.024466