0 0.330078 0.814453 0.023438 0.023438
0 0.388672 0.076172 0.023438 0.023438
0 0.441406 0.484375 0.023438 0.023438
0 0.187500 0.634766 0.035156 0.035156
0 0.228516 0.822266 0.027344 0.027344
0 0.927734 0.488281 0.027344 0.027344
0 0.058594 0.408203 0.023438 0.023438
0 0.744141 0.035156 0.023438 0.023438
0 0.927734 0.210938 0.035156 0.035156
0 0.048828 0.259766 0.023438 0.023438
0 0.509766 0.425781 0.027344 0.027344
0 0.333984 0.603516 0.035156 0.035156
0 0.650391 0.306641 0.035156 0.035156
0 0.847656 0.205078 0.023438 0.023438
0 0.919922 0.042969 0.023438 0.023438
0 0.300781 0.626953 0.031250 0.031250
0 0.244141 0.085938 0.027344 0.027344
0 0.937500 0.746094 0.023438 0.023438
0 0.945312 0.740234 0.023438 0.023438
0 0.019531 0.775391 0.035156 0.035156
0 0.630859 0.470703 0.023438 0.023438
0 0.126953 0.748047 0.027344 0.027344
0 0.595703 0.132812 0.027344 0.027344
0 0.363281 0.310547 0.035156 0.035156
0 0.957031 0.058594 0.023438 0.023438
0 0.123047 0.970703 0.035156 0.035156
0 0.583984 0.822266 0.027344 0.027344
0 0.238281 0.974609 0.035156 0.035156
0 0.974609 0.832031 0.031250 0.031250
0 0.255859 0.816406 0.031250 0.031250
1 0.291016 0.748047 0.047106 0.014488
1 0.853516 0.363281 0.046693 0.030137
1 0.128906 0.880859 0.035405 0.053391
1 0.666016 0.937500 0.034456 0.015922
1 0.304688 0.289062 0.055786 0.019216
1 0.943359 0.595703 0.023656 0.052108
1 0.632812 0.587891 0.023822 0.043157
1 0.679688 0.410156 0.016667 0.038291
1 0.822266 0.802734 0.050289 0.031664
1 0.726562 0.634766 0.027309 0.041340
1 0.154297 0.236328 0.038844 0.024239
1 0.644531 0.578125 0.029189 0.035403
1 0.466797 0.109375 0.026304 0.038585
1 0.119141 0.246094 0.049426 0.044130
1 0.164062 0.734375 0.032431 0.054016
1 0.146484 0.812500 0.040942 0.039111
1 0.804688 0.900391 0.043271 0.032087
1 0.898438 0.046875 0.019045 0.046253
1 0.091797 0.541016 0.052746 0.032907
1 0.613281 0.310547 0.010616 0.048991