0 0.376953 0.220703 0.035156 0.035156
0 0.529297 0.343750 0.027344 0.027344
0 0.646484 0.931641 0.031250 0.031250
0 0.626953 0.685547 0.027344 0.027344
0 0.564453 0.644531 0.035156 0.035156
0 0.791016 0.033203 0.023438 0.023438
0 0.269531 0.640625 0.023438 0.023438
0 0.033203 0.167969 0.027344 0.027344
0 0.855469 0.371094 0.027344 0.027344
0 0.654297 0.712891 0.027344 0.027344
0 0.525391 0.710938 0.023438 0.023438
0 0.634766 0.564453 0.027344 0.027344
0 0.320312 0.279297 0.023438 0.023438
0 0.804688 0.841797 0.035156 0.035156
0 0.332031 0.841797 0.027344 0.027344
0 0.490234 0.685547 0.023438 0.023438
0 0.828125 0.875000 0.023438 0.023438
0 0.478516 0.755859 0.027344 0.027344
0 0.541016 0.099609 0.031250 0.031250
0 0.878906 0.839844 0.027344 0.027344
0 0.167969 0.406250 0.023438 0.023438
0 0.925781 0.742188 0.027344 0.027344
0 0.269531 0.806641 0.031250 0.031250
0 0.044922 0.222656 0.035156 0.035156
0 0.238281 0.720703 0.023438 0.023438
0 0.263672 0.792969 0.027344 0.027344
0 0.453125 0.960938 0.027344 0.027344
0 0.787109 0.529297 0.023438 0.023438
0 0.136719 0.466797 0.035156 0.035156
0 0.195312 0.171875 0.023438 0.023438
1 0.886719 0.978516 0.044670 0.043705
1 0.615234 0.294922 0.019114 0.055552
1 0.792969 0.738281 0.036318 0.015722
1 0.669922 0.488281 0.035528 0.057305
1 0.689453 0.439453 0.023239 0.057839
1 0.335938 0.642578 0.034630 0.039539
1 0.281250 0.976562 0.029620 0.010782
1 0.837891 0.128906 0.044314 0.026339
1 0.169922 0.281250 0.034705 0.031334
1 0.761719 0.332031 0.050343 0.042655
1 0.791016 0.980469 0.043889 0.049666
1 0.335938 0.351562 0.040557 0.032651
1 0.154297 0.412109 0.045610 0.039547
1 0.427734 0.722656 0.039315 0.022243
1 0.449219 0.183594 0.015760 0.047718
1 0.156250 0.638672 0.039657 0.024809
1 0.560547 0.767578 0.049718 0.049718
1 0.939453 0.648438 0.033684 0.035274
1 0.275391 0.876953 0.050164 0.043234
1 0.070312 0.230469 0.016106 0.047526