0 0.513672 0.828125 0.035156 0.035156
0 0.824219 0.736328 0.035156 0.035156
0 0.351562 0.394531 0.023438 0.023438
0 0.906250 0.613281 0.035156 0.035156
0 0.560547 0.501953 0.031250 0.031250
0 0.708984 0.181641 0.035156 0.035156
0 0.255859 0.037109 0.023438 0.023438
0 0.638672 0.238281 0.027344 0.027344
0 0.732422 0.095703 0.031250 0.031250
0 0.958984 0.357422 0.035156 0.035156
0 0.578125 0.976562 0.031250 0.031250
0 0.191406 0.332031 0.031250 0.031250
0 0.398438 0.466797 0.027344 0.027344
0 0.013672 0.462891 0.023438 0.023438
0 0.050781 0.017578 0.031250 0.031250
0 0.933594 0.878906 0.031250 0.031250
0 0.492188 0.417969 0.023438 0.023438
0 0.556641 0.646484 0.023438 0.023438
0 0.310547 0.224609 0.035156 0.035156
0 0.265625 0.257812 0.027344 0.027344
0 0.242188 0.500000 0.031250 0.031250
0 0.205078 0.203125 0.035156 0.035156
0 0.054688 0.580078 0.027344 0.027344
0 0.341797 0.695312 0.027344 0.027344
0 0.423828 0.121094 0.027344 0.027344
0 0.490234 0.517578 0.031250 0.031250
0 0.312500 0.261719 0.035156 0.035156
0 0.427734 0.630859 0.023438 0.023438
0 0.152344 0.304688 0.023438 0.023438
0 0.638672 0.146484 0.035156 0.035156
1 0.445312 0.042969 0.045167 0.026542
1 0.103516 0.214844 0.021761 0.051635
1 0.863281 0.466797 0.053856 0.026625
1 0.205078 0.527344 0.045960 0.018158
1 0.218750 0.677734 0.038895 0.043515
1 0.273438 0.113281 0.030566 0.049373
1 0.087891 0.332031 0.025482 0.032311
1 0.382812 0.568359 0.043097 0.028611
1 0.464844 0.392578 0.009766 0.056641
1 0.888672 0.503906 0.020021 0.055546
1 0.496094 0.453125 0.014929 0.043839
1 0.859375 0.275391 0.016628 0.030887
1 0.380859 0.607422 0.031032 0.039464
1 0.677734 0.636719 0.030870 0.019197
1 0.289062 0.388672 0.038716 0.031259
1 0.050781 0.427734 0.009766 0.029297
1 0.912109 0.250000 0.039295 0.014352
1 0.755859 0.943359 0.036418 0.016862
1 0.154297 0.587891 0.051678 0.031895
1 0.171875 0.701172 0.025784 0.030953