0 0.601562 0.701172 0.035156 0.035156
0 0.187500 0.447266 0.031250 0.031250
0 0.771484 0.595703 0.027344 0.027344
0 0.123047 0.880859 0.027344 0.027344
0 0.464844 0.800781 0.031250 0.031250
0 0.425781 0.373047 0.035156 0.035156
0 0.644531 0.794922 0.031250 0.031250
0 0.720703 0.957031 0.031250 0.031250
0 0.394531 0.480469 0.027344 0.027344
0 0.914062 0.119141 0.035156 0.035156
0 0.710938 0.750000 0.031250 0.031250
0 0.279297 0.841797 0.031250 0.031250
0 0.205078 0.273438 0.027344 0.027344
0 0.544922 0.611328 0.027344 0.027344
0 0.414062 0.294922 0.031250 0.031250
0 0.867188 0.308594 0.031250 0.031250
0 0.835938 0.927734 0.027344 0.027344
0 0.748047 0.388672 0.031250 0.031250
0 0.660156 0.183594 0.027344 0.027344
0 0.494141 0.037109 0.023438 0.023438
0 0.882812 0.060547 0.035156 0.035156
0 0.738281 0.595703 0.023438 0.023438
0 0.103516 0.421875 0.027344 0.027344
0 0.732422 0.171875 0.035156 0.035156
0 0.345703 0.869141 0.035156 0.035156
0 0.320312 0.638672 0.031250 0.031250
0 0.937500 0.777344 0.027344 0.027344
0 0.355469 0.636719 0.035156 0.035156
0 0.966797 0.837891 0.031250 0.031250
0 0.669922 0.064453 0.027344 0.027344
1 0.896484 0.955078 0.014360 0.051325
1 0.820312 0.066406 0.033027 0.050031
1 0.496094 0.171875 0.033165 0.026274
1 0.810547 0.189453 0.030854 0.017463
1 0.285156 0.404297 0.017508 0.034579
1 0.464844 0.607422 0.047442 0.013012
1 0.927734 0.140625 0.043441 0.039108
1 0.130859 0.398438 0.032705 0.019865
1 0.765625 0.041016 0.030361 0.014717
1 0.058594 0.333984 0.027767 0.057592
1 0.597656 0.072266 0.023216 0.040772
1 0.115234 0.066406 0.031816 0.024466
1 0.333984 0.460938 0.055847 0.020129
1 0.937500 0.603516 0.037342 0.030861
1 0.523438 0.183594 0.019078 0.036486
1 0.765625 0.662109 0.044162 0.018088
1 0.115234 0.812500 0.037498 0.025549
1 0.927734 0.750000 0.051848 0.044106
1 0.376953 0.507812 0.057759 0.019518
1 0.873047 0.705078 0.055189 0.033607