0 0.804688 0.576172 0.031250 0.031250
0 0.970703 0.353516 0.027344 0.027344
0 0.912109 0.865234 0.035156 0.035156
0 0.181641 0.318359 0.035156 0.035156
0 0.605469 0.294922 0.027344 0.027344
0 0.960938 0.833984 0.023438 0.023438
0 0.736328 0.699219 0.027344 0.027344
0 0.736328 0.474609 0.031250 0.031250
0 0.052734 0.388672 0.023438 0.023438
0 0.593750 0.332031 0.023438 0.023438
0 0.333984 0.982422 0.027344 0.027344
0 0.775391 0.015625 0.027344 0.027344
0 0.796875 0.062500 0.023438 0.023438
0 0.423828 0.619141 0.035156 0.035156
0 0.410156 0.953125 0.027344 0.027344
0 0.478516 0.949219 0.023438 0.023438
0 0.814453 0.402344 0.023438 0.023438
0 0.593750 0.332031 0.035156 0.035156
0 0.822266 0.289062 0.023438 0.023438
0 0.470703 0.748047 0.027344 0.027344
0 0.052734 0.205078 0.027344 0.027344
0 0.023438 0.695312 0.031250 0.031250
0 0.392578 0.494141 0.031250 0.031250
0 0.824219 0.105469 0.023438 0.023438
0 0.527344 0.263672 0.023438 0.023438
0 0.388672 0.437500 0.027344 0.027344
0 0.060547 0.033203 0.031250 0.031250
0 0.767578 0.910156 0.027344 0.027344
0 0.337891 0.787109 0.027344 0.027344
0 0.115234 0.214844 0.035156 0.035156
1 0.078125 0.080078 0.053285 0.024757
1 0.212891 0.298828 0.014325 0.053385
1 0.425781 0.892578 0.048198 0.019680
1 0.814453 0.087891 0.038897 0.048403
1 0.378906 0.910156 0.051678 0.031895
1 0.443359 0.873047 0.012467 0.043167
1 0.632812 0.392578 0.043191 0.027462
1 0.519531 0.234375 0.015930 0.049664
1 0.621094 0.056641 0.057592 0.027767
1 0.412109 0.322266 0.019618 0.036475
1 0.316406 0.927734 0.042969 0.011719
1 0.150391 0.896484 0.038372 0.019037
1 0.726562 0.470703 0.029460 0.052466
1 0.349609 0.050781 0.043352 0.013211
1 0.320312 0.947266 0.019990 0.042556
1 0.541016 0.400391 0.013484 0.051159
1 0.332031 0.187500 0.033607 0.055189
1 0.460938 0.808594 0.036873 0.037693
1 0.466797 0.748047 0.033270 0.019878
1 0.898438 0.062500 0.019276 0.051712