0 0.134766 0.230469 0.031250 0.031250
0 0.677734 0.691406 0.023438 0.023438
0 0.230469 0.222656 0.027344 0.027344
0 0.199219 0.884766 0.023438 0.023438
0 0.414062 0.376953 0.031250 0.031250
0 0.041016 0.599609 0.035156 0.035156
0 0.484375 0.873047 0.027344 0.027344
0 0.781250 0.843750 0.031250 0.031250
0 0.074219 0.953125 0.023438 0.023438
0 0.664062 0.140625 0.031250 0.031250
0 0.066406 0.632812 0.031250 0.031250
0 0.062500 0.175781 0.027344 0.027344
0 0.947266 0.177734 0.023438 0.023438
0 0.193359 0.949219 0.035156 0.035156
0 0.103516 0.833984 0.023438 0.023438
0 0.425781 0.476562 0.027344 0.027344
0 0.785156 0.164062 0.035156 0.035156
0 0.402344 0.402344 0.027344 0.027344
0 0.318359 0.472656 0.031250 0.031250
0 0.599609 0.707031 0.027344 0.027344
0 0.986328 0.300781 0.023438 0.023438
0 0.865234 0.070312 0.031250 0.031250
0 0.767578 0.261719 0.023438 0.023438
0 0.714844 0.449219 0.035156 0.035156
0 0.185547 0.652344 0.031250 0.031250
0 0.132812 0.367188 0.035156 0.035156
0 0.685547 0.195312 0.031250 0.031250
0 0.785156 0.320312 0.027344 0.027344
0 0.369141 0.730469 0.027344 0.027344
0 0.732422 0.742188 0.031250 0.031250
1 0.693359 0.044922 0.047324 0.015299
1 0.214844 0.531250 0.028240 0.038138
1 0.656250 0.744141 0.037456 0.034086
1 0.066406 0.027344 0.036189 0.015329
1 0.560547 0.162109 0.017068 0.034450
1 0.167969 0.664062 0.029888 0.051473
1 0.810547 0.923828 0.054884 0.012671
1 0.462891 0.169922 0.022282 0.052384
1 0.380859 0.537109 0.039547 0.025540
1 0.376953 0.462891 0.015044 0.032471
1 0.298828 0.453125 0.040604 0.044696
1 0.375000 0.796875 0.030236 0.048583
1 0.619141 0.738281 0.015429 0.055409
1 0.830078 0.060547 0.036255 0.022224
1 0.085938 0.234375 0.028493 0.054427
1 0.162109 0.275391 0.045062 0.046074
1 0.488281 0.320312 0.041733 0.014551
1 0.289062 0.017578 0.055220 0.037709
1 0.091797 0.945312 0.034856 0.045547
1 0.935547 0.556641 0.044656 0.028470