0 0.654297 0.699219 0.031250 0.031250
0 0.359375 0.908203 0.027344 0.027344
0 0.671875 0.349609 0.027344 0.027344
0 0.744141 0.406250 0.031250 0.031250
0 0.636719 0.496094 0.035156 0.035156
0 0.115234 0.591797 0.027344 0.027344
0 0.066406 0.869141 0.035156 0.035156
0 0.029297 0.914062 0.027344 0.027344
0 0.298828 0.507812 0.035156 0.035156
0 0.183594 0.439453 0.027344 0.027344
0 0.566406 0.402344 0.031250 0.031250
0 0.125000 0.378906 0.023438 0.023438
0 0.242188 0.267578 0.031250 0.031250
0 0.625000 0.035156 0.031250 0.031250
0 0.292969 0.566406 0.031250 0.031250
0 0.322266 0.048828 0.035156 0.035156
0 0.712891 0.125000 0.023438 0.023438
0 0.083984 0.828125 0.035156 0.035156
0 0.910156 0.369141 0.031250 0.031250
0 0.925781 0.523438 0.035156 0.035156
0 0.769531 0.736328 0.035156 0.035156
0 0.722656 0.638672 0.027344 0.027344
0 0.371094 0.474609 0.023438 0.023438
0 0.908203 0.533203 0.035156 0.035156
0 0.187500 0.689453 0.035156 0.035156
0 0.076172 0.414062 0.023438 0.023438
0 0.128906 0.548828 0.031250 0.031250
0 0.251953 0.035156 0.023438 0.023438
0 0.353516 0.929688 0.023438 0.023438
0 0.974609 0.312500 0.023438 0.023438
1 0.052734 0.386719 0.013148 0.049390
1 0.480469 0.728516 0.027309 0.041340
1 0.693359 0.123047 0.054934 0.037009
1 0.591797 0.251953 0.014563 0.036173
1 0.554688 0.441406 0.029787 0.030943
1 0.449219 0.871094 0.040109 0.015756
1 0.566406 0.476562 0.034042 0.013183
1 0.455078 0.072266 0.041368 0.026763
1 0.894531 0.457031 0.021485 0.037046
1 0.882812 0.240234 0.054427 0.028493
1 0.330078 0.533203 0.018931 0.033157
1 0.480469 0.294922 0.051256 0.035912
1 0.775391 0.892578 0.019616 0.030851
1 0.798828 0.164062 0.011388 0.031718
1 0.242188 0.812500 0.020043 0.034574
1 0.927734 0.214844 0.012410 0.051223
1 0.181641 0.683594 0.032731 0.018001
1 0.882812 0.394531 0.019464 0.031499
1 0.462891 0.390625 0.032393 0.014534
1 0.365234 0.800781 0.014495 0.055331