0 0.849609 0.035156 0.027344 0.027344
0 0.433594 0.896484 0.027344 0.027344
0 0.796875 0.515625 0.027344 0.027344
0 0.464844 0.398438 0.035156 0.035156
0 0.507812 0.417969 0.023438 0.023438
0 0.617188 0.105469 0.031250 0.031250
0 0.207031 0.076172 0.031250 0.031250
0 0.396484 0.880859 0.035156 0.035156
0 0.517578 0.111328 0.031250 0.031250
0 0.138672 0.025391 0.035156 0.035156
0 0.886719 0.492188 0.027344 0.027344
0 0.025391 0.412109 0.031250 0.031250
0 0.333984 0.503906 0.023438 0.023438
0 0.183594 0.046875 0.027344 0.027344
0 0.855469 0.562500 0.023438 0.023438
0 0.847656 0.431641 0.035156 0.035156
0 0.566406 0.617188 0.027344 0.027344
0 0.718750 0.333984 0.027344 0.027344
0 0.984375 0.525391 0.027344 0.027344
0 0.617188 0.195312 0.027344 0.027344
0 0.250000 0.498047 0.023438 0.023438
0 0.458984 0.060547 0.023438 0.023438
0 0.875000 0.822266 0.027344 0.027344
0 0.519531 0.287109 0.023438 0.023438
0 0.212891 0.687500 0.027344 0.027344
0 0.220703 0.398438 0.031250 0.031250
0 0.062500 0.501953 0.027344 0.027344
0 0.078125 0.806641 0.027344 0.027344
0 0.435547 0.076172 0.035156 0.035156
0 0.072266 0.902344 0.027344 0.027344
1 0.710938 0.126953 0.024372 0.040715
1 0.871094 0.435547 0.045088 0.025637
1 0.525391 0.013672 0.033004 0.017960
1 0.619141 0.177734 0.023119 0.048693
1 0.521484 0.714844 0.015698 0.039724
1 0.560547 0.126953 0.024479 0.029749
1 0.744141 0.695312 0.043191 0.027462
1 0.449219 0.199219 0.040536 0.026050
1 0.529297 0.355469 0.025645 0.041385
1 0.179688 0.085938 0.040954 0.020874
1 0.337891 0.058594 0.053884 0.033190
1 0.378906 0.035156 0.026054 0.051989
1 0.759766 0.406250 0.020679 0.036420
1 0.123047 0.142578 0.029839 0.053431
1 0.333984 0.511719 0.029504 0.046772
1 0.423828 0.152344 0.036862 0.019003
1 0.722656 0.257812 0.033146 0.033146
1 0.277344 0.292969 0.048614 0.033270
1 0.419922 0.636719 0.048068 0.042583
1 0.259766 0.050781 0.041968 0.043606