0 0.509766 0.263672 0.035156 0.035156
0 0.214844 0.390625 0.027344 0.027344
0 0.687500 0.277344 0.031250 0.031250
0 0.400391 0.919922 0.031250 0.031250
0 0.136719 0.742188 0.035156 0.035156
0 0.824219 0.416016 0.023438 0.023438
0 0.380859 0.589844 0.027344 0.027344
0 0.107422 0.052734 0.027344 0.027344
0 0.972656 0.951172 0.031250 0.031250
0 0.099609 0.765625 0.035156 0.035156
0 0.699219 0.519531 0.027344 0.027344
0 0.824219 0.597656 0.023438 0.023438
0 0.537109 0.707031 0.027344 0.027344
0 0.244141 0.865234 0.031250 0.031250
0 0.625000 0.144531 0.023438 0.023438
0 0.322266 0.703125 0.031250 0.031250
0 0.373047 0.689453 0.027344 0.027344
0 0.113281 0.943359 0.027344 0.027344
0 0.335938 0.951172 0.027344 0.027344
0 0.425781 0.853516 0.023438 0.023438
0 0.529297 0.503906 0.023438 0.023438
0 0.673828 0.091797 0.035156 0.035156
0 0.339844 0.962891 0.035156 0.035156
0 0.132812 0.771484 0.023438 0.023438
0 0.507812 0.636719 0.023438 0.023438
0 0.798828 0.083984 0.031250 0.031250
0 0.613281 0.900391 0.035156 0.035156
0 0.300781 0.548828 0.031250 0.031250
0 0.234375 0.109375 0.031250 0.031250
0 0.152344 0.451172 0.027344 0.027344
1 0.681641 0.580078 0.036794 0.031745
1 0.906250 0.419922 0.039108 0.043441
1 0.738281 0.291016 0.037692 0.024373
1 0.630859 0.691406 0.018703 0.038651
1 0.082031 0.164062 0.031371 0.040665
1 0.648438 0.812500 0.028045 0.055632
1 0.210938 0.939453 0.043831 0.051903
1 0.400391 0.652344 0.045165 0.031437
1 0.816406 0.533203 0.042773 0.052711
1 0.414062 0.224609 0.048884 0.047776
1 0.707031 0.923828 0.015651 0.043910
1 0.058594 0.912109 0.051112 0.041886
1 0.207031 0.396484 0.056565 0.028549
1 0.742188 0.578125 0.014534 0.032393
1 0.705078 0.119141 0.043221 0.025066
1 0.402344 0.664062 0.016596 0.057409
1 0.669922 0.474609 0.045814 0.022473
1 0.572266 0.160156 0.040503 0.039587
1 0.750000 0.023438 0.027552 0.046926
1 0.179688 0.287109 0.036537 0.051906