0 0.029297 0.789062 0.031250 0.031250
0 0.242188 0.830078 0.027344 0.027344
0 0.921875 0.457031 0.035156 0.035156
0 0.392578 0.449219 0.023438 0.023438
0 0.828125 0.634766 0.023438 0.023438
0 0.625000 0.298828 0.027344 0.027344
0 0.310547 0.982422 0.023438 0.023438
0 0.109375 0.824219 0.027344 0.027344
0 0.869141 0.138672 0.035156 0.035156
0 0.615234 0.835938 0.027344 0.027344
0 0.484375 0.441406 0.035156 0.035156
0 0.015625 0.652344 0.031250 0.031250
0 0.062500 0.224609 0.027344 0.027344
0 0.910156 0.958984 0.035156 0.035156
0 0.779297 0.332031 0.023438 0.023438
0 0.404297 0.597656 0.027344 0.027344
0 0.302734 0.250000 0.023438 0.023438
0 0.958984 0.416016 0.035156 0.035156
0 0.935547 0.347656 0.035156 0.035156
0 0.570312 0.240234 0.035156 0.035156
0 0.943359 0.763672 0.027344 0.027344
0 0.214844 0.451172 0.035156 0.035156
0 0.949219 0.017578 0.031250 0.031250
0 0.070312 0.328125 0.031250 0.031250
0 0.208984 0.558594 0.035156 0.035156
0 0.814453 0.460938 0.027344 0.027344
0 0.730469 0.289062 0.027344 0.027344
0 0.720703 0.187500 0.023438 0.023438
0 0.445312 0.318359 0.035156 0.035156
0 0.591797 0.527344 0.035156 0.035156
1 0.332031 0.703125 0.031368 0.025571
1 0.328125 0.960938 0.019313 0.055817
1 0.347656 0.640625 0.026035 0.035329
1 0.041016 0.419922 0.042752 0.030802
1 0.619141 0.064453 0.052466 0.029460
1 0.533203 0.808594 0.035036 0.033975
1 0.357422 0.306641 0.057176 0.014667
1 0.117188 0.115234 0.031507 0.043535
1 0.427734 0.357422 0.030272 0.056175
1 0.066406 0.808594 0.039530 0.025359
1 0.396484 0.050781 0.010719 0.054850
1 0.705078 0.189453 0.045553 0.024541
1 0.308594 0.070312 0.023205 0.041882
1 0.777344 0.435547 0.028470 0.044656
1 0.644531 0.023438 0.033669 0.011490
1 0.134766 0.343750 0.036503 0.032172
1 0.357422 0.078125 0.016440 0.055501
1 0.177734 0.820312 0.044656 0.028470
1 0.822266 0.416016 0.053935 0.036778
1 0.064453 0.037109 0.016963 0.051728