0 0.222656 0.572266 0.035156 0.035156
0 0.822266 0.757812 0.035156 0.035156
0 0.609375 0.314453 0.031250 0.031250
0 0.599609 0.970703 0.027344 0.027344
0 0.804688 0.605469 0.023438 0.023438
0 0.156250 0.179688 0.035156 0.035156
0 0.298828 0.984375 0.027344 0.027344
0 0.896484 0.042969 0.031250 0.031250
0 0.822266 0.771484 0.023438 0.023438
0 0.720703 0.078125 0.023438 0.023438
0 0.796875 0.818359 0.023438 0.023438
0 0.121094 0.939453 0.023438 0.023438
0 0.759766 0.792969 0.027344 0.027344
0 0.761719 0.154297 0.027344 0.027344
0 0.482422 0.119141 0.035156 0.035156
0 0.705078 0.818359 0.027344 0.027344
0 0.601562 0.859375 0.035156 0.035156
0 0.427734 0.359375 0.031250 0.031250
0 0.412109 0.949219 0.027344 0.027344
0 0.197266 0.537109 0.035156 0.035156
0 0.880859 0.785156 0.023438 0.023438
0 0.699219 0.236328 0.027344 0.027344
0 0.195312 0.632812 0.031250 0.031250
0 0.945312 0.455078 0.035156 0.035156
0 0.861328 0.869141 0.035156 0.035156
0 0.718750 0.119141 0.035156 0.035156
0 0.074219 0.255859 0.031250 0.031250
0 0.955078 0.347656 0.031250 0.031250
0 0.248047 0.865234 0.031250 0.031250
0 0.880859 0.144531 0.035156 0.035156
1 0.134766 0.898438 0.035192 0.048240
1 0.703125 0.263672 0.034472 0.037169
1 0.068359 0.123047 0.031443 0.019772
1 0.216797 0.488281 0.031256 0.049206
1 0.486328 0.361328 0.044272 0.041237
1 0.343750 0.671875 0.009766 0.044922
1 0.228516 0.523438 0.033430 0.032851
1 0.367188 0.837891 0.047888 0.017705
1 0.623047 0.273438 0.019383 0.033285
1 0.402344 0.302734 0.028773 0.044962
1 0.705078 0.300781 0.030244 0.035040
1 0.710938 0.193359 0.031662 0.054131
1 0.384766 0.541016 0.038670 0.038670
1 0.218750 0.023438 0.025088 0.034980
1 0.626953 0.628906 0.040124 0.045033
1 0.839844 0.011719 0.033374 0.022139
1 0.312500 0.810547 0.051727 0.028380
1 0.804688 0.615234 0.043271 0.032087
1 0.712891 0.203125 0.019824 0.053918
1 0.076172 0.720703 0.011259 0.043283