0 0.597656 0.570312 0.023438 0.023438
0 0.261719 0.033203 0.031250 0.031250
0 0.707031 0.609375 0.023438 0.023438
0 0.685547 0.847656 0.023438 0.023438
0 0.230469 0.830078 0.031250 0.031250
0 0.638672 0.945312 0.035156 0.035156
0 0.226562 0.839844 0.031250 0.031250
0 0.375000 0.443359 0.027344 0.027344
0 0.902344 0.482422 0.035156 0.035156
0 0.511719 0.896484 0.027344 0.027344
0 0.515625 0.474609 0.023438 0.023438
0 0.195312 0.152344 0.031250 0.031250
0 0.425781 0.714844 0.023438 0.023438
0 0.052734 0.566406 0.035156 0.035156
0 0.339844 0.199219 0.035156 0.035156
0 0.730469 0.742188 0.027344 0.027344
0 0.208984 0.253906 0.023438 0.023438
0 0.058594 0.951172 0.035156 0.035156
0 0.968750 0.664062 0.031250 0.031250
0 0.167969 0.251953 0.031250 0.031250
0 0.171875 0.220703 0.031250 0.031250
0 0.080078 0.867188 0.027344 0.027344
0 0.935547 0.218750 0.035156 0.035156
0 0.750000 0.054688 0.035156 0.035156
0 0.291016 0.601562 0.035156 0.035156
0 0.140625 0.417969 0.031250 0.031250
0 0.535156 0.880859 0.027344 0.027344
0 0.435547 0.583984 0.027344 0.027344
0 0.312500 0.019531 0.023438 0.023438
0 0.447266 0.333984 0.035156 0.035156
1 0.419922 0.681641 0.030320 0.032968
1 0.062500 0.906250 0.044077 0.016868
1 0.064453 0.292969 0.023708 0.035990
1 0.462891 0.464844 0.035164 0.026478
1 0.605469 0.701172 0.021716 0.036321
1 0.148438 0.298828 0.033315 0.023416
1 0.431641 0.302734 0.038499 0.018092
1 0.832031 0.712891 0.032747 0.030627
1 0.722656 0.822266 0.037015 0.034702
1 0.162109 0.630859 0.044517 0.023770
1 0.937500 0.056641 0.044077 0.016868
1 0.257812 0.408203 0.044763 0.032610
1 0.244141 0.035156 0.028212 0.046889
1 0.933594 0.066406 0.019213 0.050060
1 0.662109 0.343750 0.016226 0.034511
1 0.548828 0.457031 0.043807 0.023223
1 0.035156 0.716797 0.027814 0.033828
1 0.085938 0.203125 0.036214 0.016684
1 0.572266 0.792969 0.028556 0.039347
1 0.308594 0.126953 0.035960 0.032831