0 0.125000 0.591797 0.023438 0.023438
0 0.449219 0.380859 0.035156 0.035156
0 0.910156 0.455078 0.031250 0.031250
0 0.304688 0.349609 0.035156 0.035156
0 0.642578 0.683594 0.027344 0.027344
0 0.904297 0.933594 0.031250 0.031250
0 0.679688 0.638672 0.035156 0.035156
0 0.863281 0.158203 0.027344 0.027344
0 0.281250 0.060547 0.035156 0.035156
0 0.917969 0.257812 0.031250 0.031250
0 0.082031 0.955078 0.031250 0.031250
0 0.474609 0.111328 0.031250 0.031250
0 0.910156 0.822266 0.035156 0.035156
0 0.720703 0.943359 0.023438 0.023438
0 0.457031 0.515625 0.027344 0.027344
0 0.443359 0.533203 0.031250 0.031250
0 0.828125 0.669922 0.027344 0.027344
0 0.123047 0.199219 0.027344 0.027344
0 0.414062 0.884766 0.035156 0.035156
0 0.585938 0.111328 0.031250 0.031250
0 0.273438 0.816406 0.023438 0.023438
0 0.488281 0.783203 0.027344 0.027344
0 0.757812 0.646484 0.027344 0.027344
0 0.779297 0.513672 0.031250 0.031250
0 0.837891 0.771484 0.031250 0.031250
0 0.212891 0.496094 0.035156 0.035156
0 0.039062 0.373047 0.031250 0.031250
0 0.943359 0.880859 0.035156 0.035156
0 0.576172 0.542969 0.031250 0.031250
0 0.656250 0.138672 0.031250 0.031250
1 0.238281 0.496094 0.038322 0.036154
1 0.833984 0.593750 0.030529 0.039717
1 0.865234 0.527344 0.014154 0.051439
1 0.273438 0.099609 0.043498 0.025151
1 0.037109 0.611328 0.014959 0.037564
1 0.697266 0.546875 0.054312 0.030096
1 0.570312 0.464844 0.057638 0.033894
1 0.666016 0.117188 0.052084 0.021193
1 0.419922 0.818359 0.051439 0.014154
1 0.250000 0.423828 0.037712 0.024872
1 0.689453 0.507812 0.048646 0.042005
1 0.562500 0.742188 0.026977 0.049983
1 0.482422 0.380859 0.022441 0.044538
1 0.390625 0.054688 0.022368 0.035209
1 0.441406 0.859375 0.029297 0.011719
1 0.464844 0.605469 0.031495 0.032025
1 0.408203 0.152344 0.029901 0.035172
1 0.521484 0.558594 0.045777 0.015167
1 0.533203 0.664062 0.014921 0.032304
1 0.703125 0.064453 0.056236 0.029902