0 0.195312 0.630859 0.023438 0.023438
0 0.335938 0.574219 0.035156 0.035156
0 0.779297 0.800781 0.031250 0.031250
0 0.587891 0.447266 0.031250 0.031250
0 0.812500 0.662109 0.023438 0.023438
0 0.089844 0.775391 0.023438 0.023438
0 0.597656 0.451172 0.027344 0.027344
0 0.330078 0.525391 0.035156 0.035156
0 0.300781 0.517578 0.031250 0.031250
0 0.445312 0.960938 0.023438 0.023438
0 0.796875 0.056641 0.023438 0.023438
0 0.789062 0.314453 0.023438 0.023438
0 0.822266 0.494141 0.031250 0.031250
0 0.482422 0.880859 0.027344 0.027344
0 0.060547 0.861328 0.031250 0.031250
0 0.933594 0.732422 0.023438 0.023438
0 0.080078 0.675781 0.031250 0.031250
0 0.900391 0.386719 0.031250 0.031250
0 0.574219 0.556641 0.023438 0.023438
0 0.076172 0.117188 0.031250 0.031250
0 0.390625 0.148438 0.023438 0.023438
0 0.201172 0.546875 0.031250 0.031250
0 0.267578 0.892578 0.035156 0.035156
0 0.710938 0.968750 0.023438 0.023438
0 0.794922 0.587891 0.031250 0.031250
0 0.453125 0.800781 0.035156 0.035156
0 0.283203 0.853516 0.035156 0.035156
0 0.261719 0.224609 0.031250 0.031250
0 0.097656 0.703125 0.023438 0.023438
0 0.808594 0.056641 0.035156 0.035156
1 0.703125 0.244141 0.020679 0.036420
1 0.914062 0.244141 0.036486 0.019078
1 0.591797 0.539062 0.034221 0.031909
1 0.199219 0.958984 0.015595 0.037774
1 0.763672 0.804688 0.038797 0.024767
1 0.898438 0.615234 0.015202 0.030507
1 0.275391 0.378906 0.018907 0.048131
1 0.058594 0.222656 0.014020 0.032305
1 0.869141 0.554688 0.046407 0.021524
1 0.140625 0.462891 0.022833 0.055929
1 0.564453 0.070312 0.030383 0.030383
1 0.050781 0.685547 0.051453 0.035236
1 0.341797 0.822266 0.047619 0.035813
1 0.138672 0.042969 0.038844 0.024239
1 0.072266 0.722656 0.040636 0.042178
1 0.312500 0.367188 0.016515 0.055328
1 0.820312 0.791016 0.044153 0.038094
1 0.886719 0.833984 0.021209 0.048287
1 0.796875 0.697266 0.028065 0.029799
1 0.837891 0.201172 0.027315 0.050908