0 0.800781 0.750000 0.023438 0.023438
0 0.537109 0.792969 0.027344 0.027344
0 0.273438 0.507812 0.031250 0.031250
0 0.021484 0.287109 0.035156 0.035156
0 0.923828 0.566406 0.023438 0.023438
0 0.037109 0.017578 0.035156 0.035156
0 0.195312 0.503906 0.023438 0.023438
0 0.597656 0.224609 0.031250 0.031250
0 0.433594 0.638672 0.023438 0.023438
0 0.775391 0.041016 0.023438 0.023438
0 0.640625 0.500000 0.023438 0.023438
0 0.275391 0.882812 0.023438 0.023438
0 0.417969 0.058594 0.023438 0.023438
0 0.892578 0.382812 0.027344 0.027344
0 0.158203 0.031250 0.023438 0.023438
0 0.517578 0.507812 0.031250 0.031250
0 0.044922 0.466797 0.031250 0.031250
0 0.699219 0.468750 0.031250 0.031250
0 0.328125 0.738281 0.031250 0.031250
0 0.455078 0.158203 0.023438 0.023438
0 0.097656 0.046875 0.023438 0.023438
0 0.662109 0.814453 0.031250 0.031250
0 0.429688 0.546875 0.023438 0.023438
0 0.835938 0.277344 0.023438 0.023438
0 0.607422 0.419922 0.023438 0.023438
0 0.623047 0.925781 0.023438 0.023438
0 0.724609 0.125000 0.023438 0.023438
0 0.244141 0.208984 0.031250 0.031250
0 0.673828 0.246094 0.023438 0.023438
0 0.251953 0.710938 0.035156 0.035156
1 0.837891 0.369141 0.040320 0.033125
1 0.345703 0.652344 0.022056 0.032088
1 0.494141 0.611328 0.014352 0.039295
1 0.722656 0.271484 0.050339 0.034187
1 0.369141 0.427734 0.026615 0.049085
1 0.398438 0.837891 0.035503 0.055342
1 0.416016 0.330078 0.039638 0.034021
1 0.457031 0.941406 0.043441 0.039108
1 0.656250 0.255859 0.045777 0.015167
1 0.931641 0.542969 0.021938 0.055919
1 0.345703 0.970703 0.045919 0.021060
1 0.792969 0.035156 0.018602 0.046202
1 0.919922 0.064453 0.049024 0.031938
1 0.437500 0.261719 0.057238 0.024093
1 0.269531 0.761719 0.015163 0.043420
1 0.796875 0.732422 0.030743 0.016106
1 0.457031 0.722656 0.033828 0.027814
1 0.164062 0.960938 0.036762 0.053512
1 0.707031 0.449219 0.030548 0.014705
1 0.960938 0.720703 0.030371 0.013748