0 0.166016 0.787109 0.027344 0.027344
0 0.134766 0.048828 0.023438 0.023438
0 0.140625 0.759766 0.031250 0.031250
0 0.019531 0.964844 0.035156 0.035156
0 0.738281 0.658203 0.023438 0.023438
0 0.271484 0.201172 0.023438 0.023438
0 0.240234 0.957031 0.027344 0.027344
0 0.935547 0.820312 0.023438 0.023438
0 0.214844 0.822266 0.023438 0.023438
0 0.484375 0.052734 0.027344 0.027344
0 0.042969 0.968750 0.023438 0.023438
0 0.085938 0.839844 0.035156 0.035156
0 0.398438 0.708984 0.023438 0.023438
0 0.511719 0.060547 0.023438 0.023438
0 0.117188 0.068359 0.027344 0.027344
0 0.712891 0.914062 0.031250 0.031250
0 0.476562 0.037109 0.023438 0.023438
0 0.933594 0.292969 0.027344 0.027344
0 0.628906 0.097656 0.023438 0.023438
0 0.347656 0.402344 0.027344 0.027344
0 0.285156 0.398438 0.031250 0.031250
0 0.103516 0.650391 0.031250 0.031250
0 0.917969 0.250000 0.027344 0.027344
0 0.394531 0.738281 0.031250 0.031250
0 0.986328 0.865234 0.023438 0.023438
0 0.578125 0.683594 0.031250 0.031250
0 0.373047 0.820312 0.027344 0.027344
0 0.050781 0.380859 0.031250 0.031250
0 0.347656 0.294922 0.035156 0.035156
0 0.250000 0.201172 0.031250 0.031250
1 0.203125 0.875000 0.037034 0.040117
1 0.878906 0.039062 0.040117 0.037034
1 0.193359 0.509766 0.038094 0.044153
1 0.699219 0.525391 0.042632 0.021293
1 0.527344 0.166016 0.028556 0.039347
1 0.251953 0.509766 0.030272 0.056175
1 0.193359 0.736328 0.050197 0.023957
1 0.666016 0.052734 0.037927 0.013591
1 0.646484 0.279297 0.043703 0.041871
1 0.318359 0.730469 0.038138 0.028240
1 0.113281 0.691406 0.051039 0.041447
1 0.199219 0.906250 0.033589 0.040070
1 0.570312 0.667969 0.041016 0.011719
1 0.230469 0.912109 0.017140 0.030745
1 0.681641 0.867188 0.033690 0.037732
1 0.912109 0.257812 0.050164 0.043234
1 0.796875 0.753906 0.031923 0.015289
1 0.103516 0.250000 0.037599 0.030405
1 0.394531 0.109375 0.027755 0.034607
1 0.384766 0.748047 0.037875 0.039418