0 0.902344 0.593750 0.031250 0.031250
0 0.119141 0.794922 0.031250 0.031250
0 0.699219 0.144531 0.023438 0.023438
0 0.697266 0.320312 0.035156 0.035156
0 0.724609 0.140625 0.035156 0.035156
0 0.835938 0.228516 0.027344 0.027344
0 0.064453 0.703125 0.027344 0.027344
0 0.742188 0.875000 0.027344 0.027344
0 0.873047 0.962891 0.031250 0.031250
0 0.906250 0.820312 0.031250 0.031250
0 0.912109 0.455078 0.031250 0.031250
0 0.105469 0.025391 0.031250 0.031250
0 0.404297 0.333984 0.027344 0.027344
0 0.089844 0.878906 0.023438 0.023438
0 0.404297 0.326172 0.035156 0.035156
0 0.175781 0.681641 0.027344 0.027344
0 0.814453 0.152344 0.035156 0.035156
0 0.826172 0.462891 0.027344 0.027344
0 0.361328 0.878906 0.031250 0.031250
0 0.138672 0.191406 0.031250 0.031250
0 0.283203 0.119141 0.031250 0.031250
0 0.845703 0.972656 0.031250 0.031250
0 0.234375 0.117188 0.035156 0.035156
0 0.910156 0.320312 0.027344 0.027344
0 0.544922 0.015625 0.023438 0.023438
0 0.691406 0.324219 0.023438 0.023438
0 0.451172 0.587891 0.031250 0.031250
0 0.027344 0.445312 0.035156 0.035156
0 0.232422 0.033203 0.023438 0.023438
0 0.251953 0.876953 0.023438 0.023438
1 0.625000 0.105469 0.045120 0.012501
1 0.220703 0.884766 0.014408 0.045697
1 0.714844 0.730469 0.031182 0.018009
1 0.363281 0.810547 0.031551 0.021439
1 0.324219 0.285156 0.039143 0.031103
1 0.119141 0.732422 0.051506 0.023385
1 0.294922 0.375000 0.015760 0.047718
1 0.933594 0.080078 0.033122 0.044927
1 0.779297 0.087891 0.039992 0.028686
1 0.585938 0.394531 0.053160 0.033529
1 0.279297 0.927734 0.043606 0.041968
1 0.615234 0.650391 0.035209 0.022368
1 0.111328 0.802734 0.036453 0.020152
1 0.109375 0.271484 0.044690 0.020926
1 0.505859 0.753906 0.036640 0.037893
1 0.375000 0.052734 0.016158 0.030769
1 0.570312 0.708984 0.016978 0.047826
1 0.072266 0.591797 0.025474 0.055857
1 0.941406 0.322266 0.025472 0.033490
1 0.609375 0.378906 0.026023 0.054475