0 0.132812 0.560547 0.035156 0.035156
0 0.570312 0.654297 0.023438 0.023438
0 0.097656 0.255859 0.027344 0.027344
0 0.541016 0.876953 0.035156 0.035156
0 0.328125 0.281250 0.035156 0.035156
0 0.113281 0.578125 0.027344 0.027344
0 0.546875 0.947266 0.027344 0.027344
0 0.826172 0.298828 0.035156 0.035156
0 0.314453 0.064453 0.027344 0.027344
0 0.199219 0.457031 0.027344 0.027344
0 0.257812 0.785156 0.035156 0.035156
0 0.453125 0.671875 0.023438 0.023438
0 0.210938 0.462891 0.023438 0.023438
0 0.945312 0.671875 0.023438 0.023438
0 0.492188 0.369141 0.023438 0.023438
0 0.851562 0.343750 0.035156 0.035156
0 0.652344 0.218750 0.027344 0.027344
0 0.304688 0.242188 0.035156 0.035156
0 0.281250 0.654297 0.031250 0.031250
0 0.148438 0.873047 0.031250 0.031250
0 0.070312 0.912109 0.027344 0.027344
0 0.933594 0.070312 0.031250 0.031250
0 0.968750 0.662109 0.023438 0.023438
0 0.601562 0.310547 0.023438 0.023438
0 0.142578 0.583984 0.031250 0.031250
0 0.935547 0.113281 0.031250 0.031250
0 0.677734 0.251953 0.031250 0.031250
0 0.505859 0.515625 0.031250 0.031250
0 0.599609 0.578125 0.031250 0.031250
0 0.888672 0.052734 0.035156 0.035156
1 0.623047 0.048828 0.055724 0.027196
1 0.675781 0.619141 0.031443 0.019772
1 0.605469 0.214844 0.042867 0.032175
1 0.634766 0.029297 0.038712 0.035582
1 0.798828 0.945312 0.029726 0.033185
1 0.488281 0.687500 0.026615 0.049085
1 0.675781 0.400391 0.020789 0.031837
1 0.851562 0.654297 0.044504 0.021084
1 0.408203 0.847656 0.052980 0.036829
1 0.751953 0.634766 0.040738 0.036025
1 0.664062 0.351562 0.024185 0.048289
1 0.658203 0.656250 0.045935 0.017418
1 0.781250 0.585938 0.032354 0.046890
1 0.376953 0.507812 0.034112 0.032088
1 0.109375 0.443359 0.013183 0.034042
1 0.736328 0.621094 0.055124 0.012614
1 0.427734 0.240234 0.041400 0.013143
1 0.439453 0.070312 0.013387 0.035984
1 0.072266 0.472656 0.041871 0.043703
1 0.421875 0.669922 0.047187 0.011396