0 0.375000 0.341797 0.027344 0.027344
0 0.216797 0.626953 0.035156 0.035156
0 0.857422 0.490234 0.031250 0.031250
0 0.115234 0.828125 0.023438 0.023438
0 0.902344 0.472656 0.031250 0.031250
0 0.662109 0.890625 0.027344 0.027344
0 0.527344 0.751953 0.027344 0.027344
0 0.802734 0.906250 0.027344 0.027344
0 0.105469 0.923828 0.031250 0.031250
0 0.955078 0.464844 0.023438 0.023438
0 0.890625 0.894531 0.027344 0.027344
0 0.929688 0.771484 0.027344 0.027344
0 0.408203 0.373047 0.023438 0.023438
0 0.927734 0.859375 0.027344 0.027344
0 0.738281 0.478516 0.027344 0.027344
0 0.427734 0.718750 0.027344 0.027344
0 0.117188 0.017578 0.027344 0.027344
0 0.771484 0.492188 0.035156 0.035156
0 0.777344 0.324219 0.035156 0.035156
0 0.326172 0.953125 0.023438 0.023438
0 0.218750 0.664062 0.027344 0.027344
0 0.865234 0.898438 0.031250 0.031250
0 0.957031 0.695312 0.035156 0.035156
0 0.275391 0.597656 0.031250 0.031250
0 0.966797 0.800781 0.031250 0.031250
0 0.322266 0.722656 0.023438 0.023438
0 0.070312 0.115234 0.023438 0.023438
0 0.394531 0.552734 0.035156 0.035156
0 0.603516 0.078125 0.031250 0.031250
0 0.306641 0.521484 0.031250 0.031250
1 0.056641 0.103516 0.042344 0.017991
1 0.527344 0.544922 0.040503 0.039587
1 0.921875 0.732422 0.042498 0.019330
1 0.710938 0.966797 0.044670 0.043705
1 0.824219 0.050781 0.053769 0.018058
1 0.468750 0.685547 0.054919 0.032155
1 0.439453 0.572266 0.021962 0.042026
1 0.406250 0.763672 0.025009 0.039539
1 0.167969 0.367188 0.041865 0.029062
1 0.109375 0.619141 0.032304 0.014921
1 0.144531 0.765625 0.033724 0.021294
1 0.162109 0.814453 0.028426 0.040608
1 0.478516 0.597656 0.037612 0.042186
1 0.494141 0.648438 0.043483 0.034869
1 0.705078 0.341797 0.038160 0.016854
1 0.634766 0.880859 0.032028 0.044971
1 0.130859 0.074219 0.053859 0.044353
1 0.228516 0.080078 0.040768 0.036148
1 0.103516 0.662109 0.028982 0.038302
1 0.207031 0.048828 0.053769 0.018058